8028 2586
3763 7934
10900 3764
5292 7752
11142 5596
6001 3743
2964 4264
2995 7392
9388 5228
4833 6670
3633 8937
1814 8089
11165 3429
8361 4208
8593 5414
9228 5285
8958 6383
4734 3784
8486 5651
1802 3988
3824 3654
2270 5500
8363 4994
2150 6547
6530 6531
9979 5528
4386 8658
7252 4160
3393 7053
5290 2278
2134 6383
3722 3040
6471 7745
7018 2512
9381 8391
8571 2894
7963 7245
5404 3497
5430 6934
2232 4637
3750 5607
3354 4064
9717 5691
3730 7022
7696 2665
10526 5624
8761 2716
7560 7508
4495 4166
11082 5400
4878 2632
7138 5069
8656 4415
9997 4670
8788 3124
3874 7280
11812 3867
1231 6316
10443 3524
10563 3192
9556 8100
11061 4570
4698 4626
2972 6160
5759 7549
11622 3727
