6.704000000000000000e+03 1.092000000000000000e+03
6.723000000000000000e+03 1.100000000000000000e+03
7.288000000000000000e+03 1.340000000000000000e+03
9.854000000000000000e+03 2.430000000000000000e+03
1.045900000000000000e+04 2.687000000000000000e+03
1.053900000000000000e+04 2.721000000000000000e+03
1.054600000000000000e+04 2.724000000000000000e+03
1.058400000000000000e+04 2.743000000000000000e+03
1.077800000000000000e+04 2.843000000000000000e+03
1.207000000000000000e+04 3.509000000000000000e+03
1.232800000000000000e+04 3.642000000000000000e+03
1.239200000000000000e+04 3.675000000000000000e+03
1.239500000000000000e+04 3.677000000000000000e+03
1.241300000000000000e+04 3.690000000000000000e+03
1.260200000000000000e+04 3.827000000000000000e+03
1.283100000000000000e+04 3.993000000000000000e+03
1.299100000000000000e+04 4.109000000000000000e+03
1.299900000000000000e+04 4.115000000000000000e+03
1.300000000000000000e+04 4.116000000000000000e+03
1.299800000000000000e+04 4.119000000000000000e+03
1.293500000000000000e+04 4.203000000000000000e+03
1.253300000000000000e+04 4.737000000000000000e+03
1.146400000000000000e+04 6.157000000000000000e+03
1.093100000000000000e+04 6.865000000000000000e+03
1.091600000000000000e+04 6.884000000000000000e+03
1.089700000000000000e+04 6.908000000000000000e+03
1.083600000000000000e+04 6.985000000000000000e+03
1.046200000000000000e+04 7.457000000000000000e+03
1.037800000000000000e+04 7.563000000000000000e+03
1.037000000000000000e+04 7.573000000000000000e+03
1.036300000000000000e+04 7.581000000000000000e+03
1.032700000000000000e+04 7.621000000000000000e+03
1.023500000000000000e+04 7.723000000000000000e+03
9.968000000000000000e+03 8.019000000000000000e+03
9.793000000000000000e+03 8.213000000000000000e+03
9.785000000000000000e+03 8.221000000000000000e+03
9.601000000000000000e+03 8.376000000000000000e+03
8.929000000000000000e+03 8.942000000000000000e+03
8.777000000000000000e+03 9.070000000000000000e+03
8.765000000000000000e+03 9.080000000000000000e+03
8.761000000000000000e+03 9.083000000000000000e+03
8.757000000000000000e+03 9.085000000000000000e+03
8.740000000000000000e+03 9.092000000000000000e+03
8.644000000000000000e+03 9.131000000000000000e+03
7.942000000000000000e+03 9.416000000000000000e+03
7.927000000000000000e+03 9.422000000000000000e+03
7.904000000000000000e+03 9.430000000000000000e+03
7.860000000000000000e+03 9.445000000000000000e+03
7.836000000000000000e+03 9.453000000000000000e+03
7.829000000000000000e+03 9.455000000000000000e+03
7.632000000000000000e+03 9.510000000000000000e+03
6.396000000000000000e+03 9.855000000000000000e+03
6.224000000000000000e+03 9.903000000000000000e+03
6.206000000000000000e+03 9.908000000000000000e+03
6.195000000000000000e+03 9.911000000000000000e+03
6.191000000000000000e+03 9.912000000000000000e+03
6.163000000000000000e+03 9.912000000000000000e+03
6.007000000000000000e+03 9.909000000000000000e+03
4.765000000000000000e+03 9.885000000000000000e+03
4.738000000000000000e+03 9.884000000000000000e+03
4.714000000000000000e+03 9.878000000000000000e+03
4.090000000000000000e+03 9.716000000000000000e+03
4.040000000000000000e+03 9.703000000000000000e+03
4.037000000000000000e+03 9.702000000000000000e+03
4.021000000000000000e+03 9.695000000000000000e+03
3.377000000000000000e+03 9.411000000000000000e+03
2.860000000000000000e+03 9.183000000000000000e+03
2.724000000000000000e+03 9.123000000000000000e+03
2.714000000000000000e+03 9.118000000000000000e+03
2.693000000000000000e+03 9.104000000000000000e+03
2.641000000000000000e+03 9.069000000000000000e+03
1.891000000000000000e+03 8.564000000000000000e+03
1.863000000000000000e+03 8.545000000000000000e+03
1.591000000000000000e+03 8.345000000000000000e+03
1.334000000000000000e+03 8.156000000000000000e+03
1.318000000000000000e+03 8.144000000000000000e+03
1.316000000000000000e+03 8.142000000000000000e+03
1.309000000000000000e+03 8.132000000000000000e+03
1.298000000000000000e+03 8.116000000000000000e+03
1.274000000000000000e+03 8.081000000000000000e+03
1.019000000000000000e+03 7.709000000000000000e+03
9.580000000000000000e+02 7.620000000000000000e+03
9.540000000000000000e+02 7.614000000000000000e+03
9.510000000000000000e+02 7.608000000000000000e+03
9.480000000000000000e+02 7.601000000000000000e+03
9.340000000000000000e+02 7.567000000000000000e+03
9.320000000000000000e+02 7.562000000000000000e+03
9.310000000000000000e+02 7.559000000000000000e+03
9.250000000000000000e+02 7.538000000000000000e+03
7.610000000000000000e+02 6.958000000000000000e+03
7.350000000000000000e+02 6.866000000000000000e+03
7.280000000000000000e+02 6.841000000000000000e+03
7.230000000000000000e+02 6.821000000000000000e+03
7.150000000000000000e+02 6.787000000000000000e+03
6.650000000000000000e+02 6.574000000000000000e+03
6.420000000000000000e+02 6.476000000000000000e+03
6.270000000000000000e+02 6.412000000000000000e+03
6.260000000000000000e+02 6.404000000000000000e+03
6.250000000000000000e+02 6.394000000000000000e+03
6.200000000000000000e+02 6.342000000000000000e+03
6.110000000000000000e+02 6.248000000000000000e+03
5.820000000000000000e+02 5.945000000000000000e+03
5.330000000000000000e+02 5.433000000000000000e+03
4.640000000000000000e+02 4.712000000000000000e+03
4.440000000000000000e+02 4.503000000000000000e+03
4.400000000000000000e+02 4.461000000000000000e+03
4.400000000000000000e+02 4.451000000000000000e+03
4.420000000000000000e+02 4.444000000000000000e+03
4.900000000000000000e+02 4.288000000000000000e+03
5.430000000000000000e+02 4.116000000000000000e+03
5.440000000000000000e+02 4.113000000000000000e+03
5.460000000000000000e+02 4.109000000000000000e+03
5.600000000000000000e+02 4.089000000000000000e+03
6.170000000000000000e+02 4.008000000000000000e+03
6.260000000000000000e+02 3.996000000000000000e+03
6.330000000000000000e+02 3.987000000000000000e+03
1.207000000000000000e+03 3.252000000000000000e+03
1.257000000000000000e+03 3.188000000000000000e+03
1.275000000000000000e+03 3.165000000000000000e+03
1.279000000000000000e+03 3.161000000000000000e+03
1.561000000000000000e+03 2.948000000000000000e+03
3.878000000000000000e+03 1.198000000000000000e+03
3.922000000000000000e+03 1.165000000000000000e+03
3.925000000000000000e+03 1.163000000000000000e+03
3.928000000000000000e+03 1.162000000000000000e+03
4.038000000000000000e+03 1.140000000000000000e+03
4.264000000000000000e+03 1.095000000000000000e+03
4.375000000000000000e+03 1.073000000000000000e+03
4.381000000000000000e+03 1.072000000000000000e+03
4.941000000000000000e+03 9.920000000000000000e+02
4.952000000000000000e+03 9.920000000000000000e+02
4.970000000000000000e+03 9.930000000000000000e+02
5.023000000000000000e+03 9.960000000000000000e+02
5.287000000000000000e+03 1.011000000000000000e+03
6.659000000000000000e+03 1.089000000000000000e+03
6.694000000000000000e+03 1.091000000000000000e+03
