366.644 258.536
315.701 79.429
477.225 49.684
55.887 45.215
39.726 360.378
190.264 497.232
473.015 189.330
103.157 91.309
157.902 383.224
207.620 482.874
97.118 131.361
2.553 283.509
104.195 116.376
490.794 88.984
456.683 2.647
162.112 8.504
351.788 267.612
68.913 144.182
42.160 251.795
487.465 491.614
462.663 211.982
71.567 368.116
430.612 369.131
370.960 99.713
323.438 255.650
369.545 53.959
248.845 253.184
466.630 85.437
429.797 458.951
9.042 397.114
346.960 446.208
33.952 293.679
395.852 130.149
196.200 494.508
220.186 487.520
436.490 449.814
345.718 53.791
484.067 488.383
478.887 332.279
484.565 99.297
16.973 226.570
396.240 152.211
289.584 497.819
332.032 443.406
356.705 122.973
331.800 419.564
275.553 297.038
385.640 396.864
67.809 80.299
270.144 429.751
193.113 141.453
146.320 314.894
370.116 193.515
50.524 456.496
67.836 38.744
243.951 48.472
223.865 279.780
7.666 179.675
236.629 176.372
319.169 448.293
253.988 342.803
269.942 63.140
82.025 362.917
274.032 211.774
233.514 130.040
12.073 154.963
58.955 188.285
251.904 48.212
179.012 285.974
419.565 49.901
358.245 13.667
208.108 423.522
485.546 433.621
11.366 154.548
361.176 125.154
448.797 161.933
89.443 254.542
421.926 114.366
393.202 235.469
262.426 437.937
264.768 483.118
74.422 285.896
21.419 97.290
367.042 455.540
166.824 251.183
454.952 336.265
108.384 191.798
367.876 145.590
150.417 146.714
51.207 228.840
488.960 374.095
493.603 453.827
251.453 461.623
390.178 468.919
201.385 244.640
329.029 22.674
406.325 225.925
447.479 343.094
62.579 339.266
460.388 36.601
459.756 256.564
7.509 263.359
94.726 366.597
151.724 233.447
207.215 493.528
407.612 286.620
107.074 342.882
305.863 447.017
23.364 323.741
380.527 12.348
320.826 92.087
424.825 443.513
13.373 332.014
407.385 208.017
222.519 422.621
309.237 325.581
243.719 63.541
335.070 361.826
254.767 5.367
350.859 489.200
332.408 443.695
340.094 327.247
295.394 231.475
33.208 237.771
289.601 151.038
30.892 9.857
112.432 165.153
121.052 397.687
175.878 64.722
120.555 130.423
45.079 438.683
430.364 347.738
250.316 476.693
445.501 248.883
219.452 305.418
213.989 340.514
406.405 122.450
115.398 80.610
401.977 433.974
242.405 413.831
102.586 181.918
112.799 399.158
326.183 55.098
63.670 6.062
389.638 355.592
392.269 72.650
285.120 489.401
126.390 324.892
350.134 453.285
289.453 452.776
454.506 174.393
492.307 486.216
181.123 380.616
283.975 443.903
147.018 421.301
151.967 377.440
79.485 407.889
239.480 304.030
156.114 228.832
407.270 444.189
99.643 27.161
202.402 357.580
369.610 172.955
484.821 100.225
359.086 358.722
79.079 152.464
124.150 316.383
15.064 33.722
283.038 147.274
446.664 11.658
413.269 187.421
220.506 283.147
451.102 189.498
456.235 388.279
134.587 240.223
310.690 403.927
404.524 411.637
99.177 28.505
314.392 352.961
157.713 482.000
399.503 102.415
493.465 229.804
368.028 149.962
3.610 423.002
362.881 109.259
108.417 297.457
379.299 282.104
499.135 114.095
398.624 138.099
141.566 99.788
362.053 272.731
268.514 75.274
47.734 43.100
374.827 345.992
431.539 150.086
301.622 356.166
14.599 84.395
61.945 201.180
29.272 171.952
491.331 404.355
286.326 265.777
478.004 178.365
192.916 279.387
451.511 295.259
300.835 455.337
309.452 421.450
111.673 376.645
68.601 200.499
25.583 93.532
211.696 476.569
200.328 341.210
244.104 93.666
224.416 430.006
160.252 220.867
260.610 180.061
146.924 246.256
78.904 443.719
285.007 421.926
266.771 139.859
109.178 92.796
256.146 13.281
328.218 212.873
393.528 42.528
430.992 128.240
128.274 120.722
492.061 377.381
161.966 415.178
166.831 466.863
327.818 290.283
375.301 193.345
100.635 492.613
106.158 167.342
277.979 384.634
203.439 218.163
144.559 301.246
11.867 336.165
87.588 233.202
105.990 50.976
473.083 57.685
419.988 344.692
248.462 93.933
209.599 248.038
382.360 372.207
76.492 429.775
488.081 81.537
312.076 272.235
300.782 273.028
450.109 44.276
340.295 36.223
454.243 318.722
283.374 44.080
437.053 383.465
482.225 414.558
214.725 280.483
232.867 306.201
180.377 161.271
471.086 66.648
201.842 47.444
96.277 104.630
50.172 171.394
272.813 158.345
415.192 361.859
79.379 445.954
122.926 317.327
460.057 355.818
383.530 84.552
445.964 291.014
433.879 146.603
406.316 86.336
454.753 316.631
453.117 442.201
174.674 45.130
418.832 36.563
218.245 131.005
289.276 86.679
205.937 68.798
321.986 288.421
225.173 109.454
225.777 325.136
2.239 424.581
143.026 89.646
56.460 351.149
437.817 400.506
229.079 18.646
222.259 323.826
443.066 237.753
276.395 497.798
244.588 100.089
437.165 354.870
306.937 299.199
160.307 319.292
265.613 173.766
311.050 197.437
223.192 487.759
82.670 367.679
285.621 38.607
427.550 106.588
173.303 448.171
178.102 336.293
389.062 176.190
476.151 23.126
77.276 230.462
106.058 463.224
260.535 149.276
110.534 348.252
168.243 485.923
358.933 301.142
388.443 112.361
267.390 297.255
0.543 116.106
311.154 467.989
126.553 101.784
433.238 390.278
178.329 150.401
145.649 341.826
9.426 169.635
261.795 171.789
340.360 388.352
437.645 418.651
299.466 428.205
103.335 296.995
378.112 4.954
5.266 64.929
206.142 418.262
497.479 2.009
376.784 85.316
367.988 8.950
107.752 377.395
407.117 155.841
23.141 465.865
60.332 103.919
469.074 321.816
466.498 180.700
448.696 378.693
161.371 163.690
227.429 245.502
442.625 64.618
265.014 174.337
130.347 52.104
175.886 450.331
297.042 236.784
364.436 401.307
466.547 243.436
203.148 408.896
299.693 419.919
94.318 209.937
182.976 190.645
228.726 332.762
474.753 303.639
156.137 94.468
411.999 365.140
233.755 397.970
168.903 314.784
76.765 91.561
37.747 474.172
446.777 418.368
19.476 134.511
201.964 146.760
91.162 298.986
28.126 159.897
304.656 176.426
27.964 207.262
491.982 79.953
284.689 219.752
227.908 446.526
8.301 311.099
18.831 147.677
337.392 367.470
390.365 469.805
255.975 132.448
148.076 97.327
207.626 494.213
258.593 418.520
273.208 222.025
70.027 159.076
436.551 207.870
160.858 70.994
77.077 368.936
14.664 6.554
156.209 127.949
221.792 382.316
431.762 74.108
191.434 238.972
46.486 255.677
124.460 389.929
78.070 143.653
70.384 34.365
470.176 429.311
195.443 310.639
135.406 224.703
399.030 250.856
188.326 9.711
129.727 9.863
483.271 164.610
444.654 425.505
476.590 212.900
380.463 375.730
392.613 172.005
10.273 248.872
177.549 402.446
153.046 316.058
220.828 297.830
221.296 120.360
392.620 179.563
102.827 385.943
357.454 390.183
343.242 327.437
225.541 79.742
165.169 370.576
25.711 80.682
146.110 183.306
394.779 371.610
391.738 72.870
380.000 257.375
459.589 393.242
40.492 435.898
232.148 226.192
290.276 21.672
371.142 301.440
75.922 205.440
141.400 342.685
172.388 446.833
58.883 274.007
279.282 119.593
59.516 245.705
387.812 268.883
123.796 98.121
52.869 146.051
256.516 248.831
365.373 281.687
97.406 177.256
150.363 122.590
106.615 292.307
148.975 329.067
165.322 92.035
236.079 100.577
388.630 452.794
17.165 267.107
462.087 328.154
74.714 404.067
71.320 470.285
299.183 413.967
460.830 275.106
438.377 51.563
13.132 80.627
190.933 128.220
17.445 288.141
87.194 123.950
69.594 34.144
300.894 121.814
335.156 203.141
54.951 229.669
366.912 201.988
287.145 55.295
113.580 414.345
303.479 351.152
461.299 224.739
430.175 10.439
0.529 91.777
339.125 262.215
294.566 449.172
274.977 429.548
325.843 70.296
322.999 107.729
204.242 269.209
410.872 167.294
285.088 106.327
90.464 169.455
36.705 196.611
494.034 171.131
38.402 282.215
448.540 455.713
59.752 159.879
432.325 134.348
30.548 223.848
71.211 385.939
455.874 493.474
476.372 267.316
450.643 57.620
84.808 117.547
175.707 334.165
103.941 273.616
4.232 463.094
451.681 240.003
315.182 237.304
156.913 385.361
443.834 457.259
456.324 225.174
13.165 125.857
232.275 233.512
181.250 60.845
217.902 246.815
158.823 386.586
264.299 372.090
73.447 453.127
258.112 320.795
55.034 137.085
213.680 142.635
207.490 23.878
499.768 97.542
64.897 226.617
135.267 162.901
440.984 19.187
482.595 170.333
358.876 437.550
366.733 35.976
473.141 480.224
322.996 408.055
288.563 304.006
220.095 323.548
117.444 109.492
363.154 273.151
9.324 345.748
16.510 471.675
293.947 387.710
327.715 39.171
227.113 85.937
371.157 416.391
145.486 131.431
12.728 22.409
136.079 2.504
317.423 78.434
302.767 230.327
396.576 365.835
38.090 316.427
301.619 61.523
352.802 459.011
458.191 8.594
69.496 457.602
294.675 211.378
384.545 200.095
441.897 172.990
256.150 472.900
401.923 228.409
126.003 198.913
172.583 328.580
409.825 350.369
41.880 280.212
186.476 4.179
417.459 303.717
328.314 222.974
387.665 206.480
205.605 425.911
212.247 383.135
453.937 36.022
122.117 275.856
277.440 160.416
226.888 481.335
260.716 119.886
0.026 10.834
467.007 104.009
212.061 393.591
276.014 23.393
487.955 394.830
188.654 271.475
125.483 317.551
84.798 322.285
415.262 89.195
224.912 201.387
145.488 112.065
438.992 343.971
413.447 208.885
243.183 132.360
393.340 305.337
376.398 192.964
194.774 380.004
345.920 142.816
193.907 493.672
440.132 299.298
229.348 330.406
59.809 373.893
427.395 310.466
128.776 235.253
498.429 407.987
132.059 78.843
247.205 389.137
295.314 19.886
230.626 294.809
167.627 229.410
445.158 139.262
153.738 352.398
21.832 306.333
233.555 255.736
35.006 93.599
488.683 127.541
14.878 333.323
113.650 341.593
362.806 430.979
435.825 95.179
457.572 47.253
349.071 389.903
225.866 240.536
264.205 6.906
49.917 359.678
189.971 245.969
479.933 435.705
40.268 348.660
12.788 199.732
241.265 243.291
87.993 309.151
203.047 405.494
196.115 132.121
286.487 229.414
66.123 298.065
416.158 101.105
104.446 153.224
208.900 401.085
456.122 105.316
45.538 242.186
238.679 7.730
245.885 285.982
209.086 77.467
147.013 460.316
298.015 197.867
437.157 291.296
488.925 36.738
355.128 165.398
440.512 203.357
291.102 429.446
331.690 413.916
60.487 60.927
46.298 302.570
299.164 136.907
322.431 368.997
402.987 467.860
