107.956 479.302
428.076 67.546
402.419 369.021
433.447 90.477
370.070 190.862
453.284 71.483
414.245 23.791
415.938 361.904
276.512 493.808
427.589 212.861
242.098 225.384
463.839 84.557
47.795 326.034
413.271 146.390
293.558 460.326
132.809 283.965
329.405 55.500
379.088 177.005
107.560 485.937
66.872 294.038
454.876 459.961
179.757 251.369
463.777 204.748
156.648 264.582
37.729 481.457
272.545 380.776
224.429 457.577
304.586 430.318
342.782 218.153
191.057 193.941
304.627 200.429
488.471 235.032
220.164 385.472
327.351 280.097
277.259 13.380
493.820 297.556
428.327 446.292
343.940 426.303
15.833 395.854
448.298 357.733
112.445 137.753
386.087 69.117
269.577 307.238
88.328 188.946
25.860 158.880
199.891 467.247
38.930 176.054
311.948 173.146
198.798 63.737
73.539 480.505
288.904 212.565
218.835 354.931
249.997 188.342
275.107 169.642
289.802 111.407
91.966 49.163
328.907 150.167
295.057 191.768
203.270 277.605
95.889 343.988
450.870 175.407
490.694 61.069
393.654 45.056
345.808 238.492
65.712 479.811
148.748 415.353
209.314 303.380
482.434 187.720
178.360 364.400
435.949 314.362
25.549 364.394
310.993 64.327
87.242 37.279
354.130 379.087
469.867 132.839
125.985 379.367
413.796 173.780
495.583 362.331
366.080 99.982
0.581 342.977
348.565 21.332
234.992 19.202
85.667 50.759
266.447 341.725
241.062 369.946
32.031 15.272
332.754 157.688
139.472 198.524
16.366 186.433
478.188 361.543
98.824 219.700
451.859 35.426
233.859 450.907
313.874 282.544
356.654 358.551
420.202 394.480
254.678 60.351
375.112 160.633
88.487 257.849
106.409 220.367
493.561 119.308
359.940 58.412
396.939 412.659
448.038 417.051
446.485 361.118
401.004 18.591
136.988 399.022
10.088 175.913
177.936 337.956
126.462 150.387
254.828 400.778
254.630 329.279
330.431 484.729
351.927 354.348
172.930 471.422
340.407 258.274
455.689 376.709
149.676 107.887
0.418 461.871
175.445 368.666
10.153 341.236
174.610 183.074
462.819 117.093
307.136 309.348
488.628 84.730
353.698 331.772
23.951 487.943
163.034 199.547
76.234 45.843
23.136 481.723
291.580 194.318
252.504 387.141
234.856 47.709
306.524 198.357
159.108 71.518
270.963 465.855
318.167 389.259
129.794 426.718
493.289 494.871
410.240 384.156
130.941 399.535
50.108 466.772
233.793 205.664
130.954 157.708
468.906 5.588
493.439 348.826
37.656 257.199
425.952 130.024
127.030 222.241
120.283 205.769
264.636 463.445
313.935 159.531
404.070 45.146
128.561 230.437
85.216 402.539
157.412 448.676
408.118 103.135
393.860 160.025
221.355 202.838
426.687 411.703
172.733 137.078
84.554 472.092
286.603 97.336
477.968 201.790
155.899 477.956
221.239 372.177
395.865 29.042
121.025 376.957
97.089 23.007
49.252 317.456
478.151 481.113
440.166 451.419
70.708 90.297
136.172 44.125
169.667 368.934
101.205 252.702
64.809 435.275
202.058 470.436
7.517 318.696
256.365 237.769
160.137 50.556
256.308 472.624
228.493 276.620
121.719 327.086
319.936 218.620
416.970 458.634
39.944 293.352
121.135 425.983
190.463 290.443
358.868 380.638
18.196 242.667
332.711 463.468
59.369 409.276
148.770 404.701
316.615 456.908
81.969 294.607
113.408 90.215
371.841 270.362
452.858 359.518
248.210 225.779
68.871 90.520
216.214 192.648
405.844 108.223
65.691 493.750
29.549 146.133
61.471 75.274
16.553 303.263
482.320 427.616
226.840 192.262
290.219 240.613
454.786 434.270
489.199 63.106
143.835 152.090
211.312 225.064
296.874 352.065
64.728 358.526
401.361 425.359
398.175 401.854
439.383 100.472
4.842 91.706
233.397 472.175
478.500 240.994
457.653 368.420
346.288 485.369
280.773 355.836
441.449 72.312
274.446 77.276
406.522 230.634
90.373 456.424
82.839 89.138
315.772 229.166
114.224 84.735
189.018 90.624
395.318 262.704
414.834 94.285
342.686 90.220
87.433 191.026
254.641 169.930
382.838 434.104
300.648 21.244
266.458 303.583
493.171 122.344
373.976 45.170
282.726 476.899
284.393 167.214
123.517 42.219
381.633 220.520
9.212 240.518
35.032 50.245
422.009 70.985
461.981 238.448
491.594 443.070
495.684 421.007
201.387 433.182
189.704 375.133
431.330 473.497
351.491 356.423
401.889 54.299
233.353 68.438
178.304 475.704
36.237 32.724
371.863 357.711
489.901 404.126
447.607 469.734
244.723 263.301
266.308 131.369
334.045 118.871
69.057 168.793
51.928 52.523
1.474 300.047
93.810 325.017
332.962 87.863
312.804 474.829
78.666 90.116
207.313 23.814
288.944 382.629
95.708 476.673
17.612 266.038
301.008 180.044
262.204 178.470
128.348 116.266
119.565 282.552
252.540 403.955
213.302 221.219
95.127 135.375
103.670 187.328
50.749 330.128
264.252 305.060
429.701 5.156
489.275 27.091
65.882 335.947
479.438 459.089
498.389 138.865
368.223 250.454
472.257 81.781
212.493 227.965
234.108 109.378
211.787 425.412
400.536 95.588
221.879 466.765
95.424 189.239
76.596 492.848
342.323 256.642
385.135 248.879
121.496 95.131
91.200 56.495
154.746 44.946
3.787 483.684
281.960 471.454
439.479 284.909
402.390 436.349
474.958 279.080
226.384 466.453
134.758 273.252
195.604 84.466
312.002 190.040
149.384 497.008
13.834 311.443
379.801 394.709
194.349 45.695
61.390 132.225
358.631 346.496
337.797 450.172
337.728 115.014
225.557 282.661
384.351 171.084
145.280 466.069
122.548 293.077
56.375 342.395
139.904 214.534
149.451 210.857
144.482 138.610
399.183 267.100
165.628 434.143
403.740 309.219
287.571 378.731
10.890 370.269
355.115 280.366
431.058 20.896
97.905 10.408
401.671 19.831
56.867 36.593
220.533 145.994
52.699 30.675
93.731 291.586
130.525 97.617
105.475 484.666
445.935 452.576
60.636 48.742
325.838 5.295
59.083 443.732
344.961 145.077
390.483 379.063
392.877 393.723
373.996 305.235
390.077 158.995
219.753 496.740
457.122 479.770
272.737 263.102
200.843 42.068
250.253 409.639
116.948 413.299
349.755 293.077
12.705 374.964
486.144 411.453
281.423 389.567
303.892 268.395
222.762 321.551
279.932 267.598
101.986 51.786
489.986 252.616
431.353 84.917
283.059 458.505
115.757 131.085
11.929 55.616
226.918 368.749
336.694 495.010
440.340 264.334
254.268 329.338
131.384 79.591
261.262 427.291
286.389 463.812
41.818 404.934
170.549 263.391
447.696 313.772
327.252 10.211
299.945 226.892
297.791 19.074
404.152 165.522
362.410 309.247
55.564 45.733
470.448 176.002
455.484 198.077
453.900 63.799
361.543 266.484
410.017 238.197
300.378 456.723
338.340 446.848
16.823 321.072
122.377 300.171
266.134 109.556
406.683 378.686
242.781 135.416
438.211 61.032
439.932 368.243
296.514 212.213
252.076 135.032
90.865 81.648
387.547 217.494
379.141 180.834
101.918 486.503
441.658 311.194
317.229 407.928
217.725 282.339
93.803 117.609
446.797 289.302
22.638 269.446
436.752 31.893
37.435 386.860
69.264 14.109
130.180 343.685
194.064 2.833
415.999 247.192
419.399 449.309
394.259 249.143
311.045 327.622
393.020 261.978
459.575 232.993
352.605 328.957
400.749 261.082
470.878 422.022
156.147 56.170
369.685 233.805
355.153 498.680
103.047 361.927
485.270 483.985
194.918 323.739
495.350 100.382
61.223 463.773
130.819 221.228
134.696 108.462
176.244 430.605
89.844 136.121
276.253 485.408
143.933 102.984
301.925 102.994
237.518 274.071
32.398 459.352
406.895 476.502
36.516 327.167
25.551 110.430
465.721 466.287
164.097 199.441
76.880 435.066
96.312 52.257
136.460 477.042
267.331 165.911
440.044 276.505
49.330 481.777
370.589 310.452
342.475 285.591
202.493 435.216
336.434 165.179
433.200 454.374
342.739 411.378
64.623 455.476
402.484 182.479
199.683 195.870
264.084 0.918
442.350 110.524
300.529 467.226
414.710 94.557
13.707 165.966
368.803 224.863
186.129 237.728
165.507 347.732
491.852 386.752
270.576 49.269
368.845 93.093
284.254 286.091
432.207 359.665
454.243 478.365
47.827 398.937
102.493 199.306
191.799 375.366
492.541 430.733
247.104 185.899
220.672 170.117
453.736 207.835
193.269 292.854
333.413 259.392
272.627 132.319
130.039 137.888
112.738 196.284
446.838 187.843
463.026 166.893
30.329 262.266
2.271 342.321
283.074 175.312
469.519 8.118
199.669 39.037
195.406 232.333
141.383 65.894
365.569 429.573
223.358 119.510
25.516 110.108
296.611 197.634
297.275 164.814
19.130 499.406
108.379 235.614
437.277 91.296
490.318 19.049
378.698 71.292
85.537 173.647
321.851 228.495
311.361 94.930
325.971 358.654
224.034 78.462
5.554 344.269
306.619 425.093
475.314 202.950
418.546 175.414
217.583 433.651
495.268 498.600
264.077 439.898
33.490 477.077
21.825 327.875
480.086 491.679
455.796 417.032
43.654 291.495
50.538 412.578
106.287 304.319
134.874 444.191
425.585 354.036
237.423 310.471
172.093 113.973
25.787 89.520
154.577 4.741
219.975 492.790
325.477 100.335
9.770 24.909
484.207 225.575
300.853 389.672
194.052 462.576
22.625 499.108
302.908 34.724
471.222 70.246
417.962 479.031
326.874 301.203
483.231 163.210
139.448 484.119
431.715 105.265
380.424 321.821
499.534 106.481
372.421 296.128
466.736 148.573
327.285 362.635
121.417 44.358
202.214 112.317
233.205 154.868
10.138 8.193
39.917 114.425
138.560 8.193
432.255 452.783
472.111 427.960
65.967 364.766
350.608 306.841
359.931 266.932
362.737 122.695
432.045 180.043
347.708 219.673
338.521 482.510
328.774 373.934
409.628 208.785
449.278 237.426
309.346 129.813
11.075 180.710
101.402 215.349
136.043 451.350
414.345 168.866
434.500 476.044
301.365 9.941
120.139 157.385
292.396 318.432
338.600 211.345
409.068 396.451
280.315 288.660
319.752 165.470
276.350 252.753
163.717 182.558
241.984 57.126
405.112 485.378
54.630 310.694
204.301 494.792
349.604 335.918
66.912 275.579
408.588 111.490
340.279 55.006
360.806 13.773
407.681 46.975
178.862 246.143
143.131 195.088
401.573 128.741
4.519 102.587
210.174 347.258
301.972 124.131
209.895 37.829
101.769 499.079
62.489 58.808
401.240 300.413
60.744 429.463
222.232 129.818
7.652 86.295
102.682 375.732
162.433 308.269
91.259 262.709
187.549 410.285
366.026 161.148
496.345 475.516
251.253 3.021
336.757 163.002
35.169 497.538
76.370 263.284
292.753 184.399
422.777 429.007
