258.019 393.018
69.686 140.509
35.410 58.456
251.800 451.122
420.570 278.524
196.786 175.646
199.541 413.005
179.520 99.278
330.247 413.174
186.937 466.723
77.060 309.715
197.316 404.485
184.713 426.218
204.687 472.658
175.068 299.892
304.760 362.735
203.066 188.479
88.292 312.010
170.922 2.059
409.792 287.503
202.670 290.757
261.387 116.349
243.158 298.329
416.698 45.821
96.905 44.318
158.364 62.127
282.400 328.778
302.482 298.746
178.757 413.985
64.619 365.882
314.394 454.500
192.476 321.137
71.455 414.424
302.172 362.895
53.429 30.451
348.317 135.552
245.294 56.017
477.013 300.030
457.880 399.810
309.419 122.471
384.292 281.764
113.312 164.632
483.257 193.018
26.463 15.929
391.940 66.319
220.286 460.263
428.856 288.702
498.389 418.013
117.403 488.880
367.139 394.155
69.139 491.224
203.693 166.736
325.896 437.695
108.665 247.914
338.743 56.001
352.155 448.237
143.550 494.505
370.750 158.107
280.030 181.093
428.334 245.620
158.754 312.896
490.466 247.754
310.197 327.264
493.854 397.899
364.893 19.108
29.303 17.507
232.972 243.413
391.886 164.710
108.669 39.919
342.017 453.795
348.875 101.706
255.072 97.644
268.386 321.487
495.130 46.800
71.257 6.001
455.859 235.860
19.491 286.406
84.744 115.547
169.406 4.168
37.548 416.844
92.607 125.607
487.014 467.765
292.690 433.822
337.236 497.647
120.537 402.031
210.807 128.236
494.715 63.128
228.371 375.200
63.148 282.820
100.717 74.016
209.365 6.991
442.177 261.663
313.233 345.528
368.632 247.295
261.283 45.554
183.657 223.871
353.040 296.305
218.614 169.642
174.356 460.280
497.054 210.167
78.707 314.414
75.388 182.804
81.886 307.695
248.845 121.397
189.770 32.771
27.725 254.018
268.297 219.837
391.677 176.534
473.010 60.880
477.476 114.304
142.110 298.201
448.419 317.790
427.315 274.440
64.971 389.604
337.579 205.938
252.095 210.138
229.370 211.297
124.503 76.589
395.047 426.739
226.515 30.963
317.490 149.973
185.853 465.850
251.633 435.793
195.140 227.874
33.224 292.859
443.029 182.919
402.652 466.370
331.323 338.805
90.232 186.959
229.011 233.943
58.717 390.825
258.365 461.630
423.137 7.801
100.960 46.658
354.298 194.753
361.850 161.476
38.236 91.126
357.193 263.896
435.481 359.149
249.481 419.462
65.666 420.776
178.210 333.658
442.628 198.730
319.660 395.831
239.604 122.621
388.095 427.056
387.816 300.305
66.712 137.791
236.380 260.290
32.221 124.563
76.259 326.913
154.584 461.777
309.586 19.991
446.675 251.456
376.094 168.498
293.153 300.589
234.991 416.084
317.465 370.592
325.027 127.395
345.214 99.829
349.340 449.666
245.321 398.035
361.589 174.456
137.544 152.440
15.329 299.060
402.143 77.631
40.637 264.422
424.425 289.809
209.902 35.554
115.385 35.368
195.114 311.725
24.182 373.620
481.509 305.517
230.084 7.540
164.437 102.482
491.376 95.642
413.822 483.818
113.133 370.289
446.281 106.744
9.179 199.882
66.255 327.054
259.780 408.130
45.048 394.085
249.509 228.658
368.288 120.298
23.320 70.829
447.421 254.121
260.469 40.408
160.102 384.371
289.363 214.843
354.168 308.915
478.895 225.894
2.654 409.630
169.602 3.618
128.324 286.782
444.633 196.841
33.246 395.860
42.295 398.760
31.234 101.057
41.684 116.881
373.017 428.711
199.190 309.133
322.369 188.264
242.974 105.737
279.750 229.715
403.009 252.347
35.779 378.341
132.774 92.674
454.876 18.261
456.945 108.396
304.676 149.336
348.274 54.630
342.616 391.653
51.004 372.387
250.074 169.758
434.095 439.415
22.643 396.538
13.478 307.114
281.253 274.718
0.150 462.546
266.704 293.127
211.829 54.357
443.154 438.453
9.482 29.096
110.485 43.364
42.632 467.248
127.889 413.846
78.731 77.390
124.777 310.509
365.059 154.879
218.213 206.847
60.278 253.894
51.423 69.134
334.452 358.077
442.654 468.108
414.238 368.273
1.613 236.675
238.435 480.306
451.632 476.903
184.320 334.191
286.833 294.848
411.987 144.353
209.385 103.448
46.085 209.794
460.832 210.194
71.624 439.839
375.787 217.292
319.969 247.368
53.219 291.284
15.428 477.642
52.305 278.084
180.183 404.753
30.263 190.193
231.496 410.809
245.863 106.953
469.203 104.390
38.650 53.154
34.927 496.567
38.471 111.541
259.220 301.446
261.666 498.760
11.439 20.105
120.709 348.963
108.273 167.912
150.448 62.831
131.071 55.855
20.767 360.113
378.083 317.418
314.654 295.346
389.471 364.780
473.218 302.905
149.311 218.026
118.093 475.238
305.248 172.904
310.003 39.636
263.541 226.345
142.407 57.973
495.349 136.184
402.707 489.378
149.717 389.292
285.531 125.648
10.769 197.559
47.135 287.088
353.663 395.810
305.523 494.658
13.178 219.817
130.306 293.049
402.697 133.016
247.835 2.577
303.320 496.688
213.546 358.970
215.533 295.944
304.916 64.219
97.575 416.236
271.923 55.424
423.805 386.621
307.919 28.338
305.133 322.045
210.953 148.190
188.810 146.965
496.283 158.739
193.538 81.601
360.634 121.454
136.762 171.553
389.520 425.102
356.870 195.455
285.856 324.105
498.588 223.371
329.356 259.526
103.520 452.326
435.126 338.451
80.740 465.740
62.078 268.758
398.183 122.656
33.273 232.520
186.129 76.598
198.648 99.238
79.573 38.531
255.782 387.965
250.290 49.993
345.179 330.731
293.602 355.271
253.087 127.379
81.371 275.229
276.927 498.749
395.600 95.907
467.846 391.421
30.676 133.641
228.861 135.786
493.567 174.663
163.523 360.206
179.082 451.711
186.335 178.665
429.816 243.935
283.994 43.495
489.607 455.469
215.769 195.500
195.584 183.239
131.759 395.195
87.368 187.941
473.204 144.932
290.904 378.717
470.603 376.190
398.329 180.639
237.822 327.798
344.087 458.260
136.192 139.839
81.116 466.853
227.110 139.523
289.917 234.925
441.865 165.208
9.616 141.348
248.764 4.989
479.236 443.307
470.824 361.087
148.158 418.372
246.394 164.817
217.431 0.416
414.062 68.512
493.871 156.255
107.702 87.419
345.687 338.286
477.307 48.053
355.868 320.610
160.751 42.595
87.527 2.525
207.747 195.423
154.414 498.841
4.167 389.438
459.919 330.764
137.564 84.419
63.378 150.058
331.682 164.263
357.483 492.334
175.712 334.978
218.375 241.994
336.754 285.200
79.871 349.975
440.511 378.182
62.125 408.491
440.604 9.807
30.137 351.012
461.947 275.154
191.927 231.626
297.641 385.194
70.691 459.474
226.868 143.705
271.061 359.740
204.181 353.769
55.996 1.004
236.067 126.118
49.924 341.208
306.482 365.630
292.626 81.605
440.017 172.859
108.207 65.712
71.224 208.659
486.561 492.782
485.291 110.541
497.634 3.468
457.881 46.280
110.720 80.561
173.107 25.594
74.212 249.124
104.335 95.964
142.141 475.007
177.747 365.126
244.488 464.554
469.027 59.374
226.516 96.507
436.914 329.713
453.247 497.293
367.887 91.192
397.775 86.591
411.150 3.896
237.488 323.692
139.784 493.878
232.611 270.967
282.330 257.957
457.701 339.786
241.978 2.928
198.863 45.532
431.399 409.700
208.500 434.496
48.304 274.722
230.945 463.697
27.748 114.264
143.880 105.580
328.720 99.950
70.167 136.372
246.081 482.166
233.156 79.031
87.498 367.564
468.616 385.290
342.205 117.079
85.649 100.509
139.994 233.900
365.330 190.741
351.260 369.336
280.244 490.670
376.363 296.307
91.060 390.125
174.563 109.443
443.474 212.297
27.527 357.549
453.654 417.841
371.751 480.898
79.088 401.242
248.241 58.036
129.397 224.999
387.797 312.505
397.216 123.472
202.810 453.428
196.812 291.119
370.638 245.648
404.882 411.134
134.341 248.070
29.973 462.407
56.458 173.848
138.832 237.440
7.289 381.873
395.431 445.107
89.354 96.060
359.610 115.275
331.529 389.037
252.057 405.422
141.794 172.491
137.264 484.159
419.388 492.534
85.600 89.692
430.648 444.916
281.578 353.445
84.031 230.868
242.895 468.545
150.341 99.415
290.498 283.728
73.947 435.207
409.628 29.438
60.517 94.790
352.678 273.657
431.663 193.934
263.704 92.817
109.403 60.634
495.402 360.151
48.984 109.334
205.531 277.631
327.387 404.599
478.012 228.843
117.361 343.511
20.643 234.857
300.001 161.904
381.673 406.638
367.316 295.170
343.204 181.301
301.026 81.453
451.237 117.137
435.515 113.977
327.803 234.991
360.266 310.308
36.819 170.148
36.175 28.643
398.035 365.371
172.782 18.482
275.578 284.279
0.461 353.572
217.692 284.202
110.108 491.396
339.058 373.778
363.629 450.766
483.005 298.713
398.174 483.257
468.371 435.151
487.386 410.122
427.757 369.239
187.683 75.021
453.592 393.683
492.722 126.035
119.532 117.595
351.044 195.438
2.982 268.845
245.727 245.807
203.695 344.503
467.565 103.601
472.698 204.664
213.089 124.879
418.904 29.463
312.232 68.473
294.974 439.572
7.384 450.956
41.157 303.018
88.353 489.042
400.701 116.008
388.824 260.948
396.061 250.796
3.125 232.141
371.981 455.348
390.969 80.841
247.265 195.427
150.671 86.752
459.593 92.143
316.716 304.928
96.603 57.200
470.134 152.939
463.611 478.838
287.692 255.105
36.961 243.611
49.832 472.394
385.899 352.629
190.286 44.639
143.541 61.599
465.959 339.080
415.671 391.854
122.128 455.809
332.965 83.355
372.908 264.255
146.823 46.625
411.638 108.664
367.164 268.360
349.942 416.740
152.211 194.029
483.651 51.652
93.124 216.740
327.398 183.748
140.370 346.502
1.144 368.724
349.510 280.215
70.831 264.220
395.355 145.776
350.241 252.250
246.255 13.612
413.242 318.463
421.469 317.934
150.700 236.489
469.112 126.647
210.668 146.542
21.389 345.377
181.479 125.031
236.657 2.680
224.000 110.451
62.168 379.186
329.797 319.942
420.119 366.579
358.849 454.439
75.249 300.302
166.729 151.802
90.410 246.404
449.688 88.678
266.441 402.752
444.059 209.216
327.669 469.564
260.250 143.651
141.255 435.815
101.286 65.475
485.104 132.100
4.840 8.566
176.628 71.745
79.008 201.024
62.931 259.404
162.474 210.972
332.940 404.793
335.588 219.224
20.500 8.805
439.824 281.333
353.166 279.961
235.067 256.596
264.122 305.919
50.773 256.432
196.102 277.587
262.091 114.551
414.625 168.024
254.849 295.380
225.485 194.833
416.283 486.573
232.836 58.139
413.241 124.054
222.679 471.009
404.062 477.744
183.209 266.026
243.402 388.979
345.503 236.076
152.333 218.581
41.718 148.094
7.488 84.498
90.201 202.471
123.163 235.166
