337.155 225.507
47.530 8.478
491.268 157.201
71.661 141.637
400.922 278.993
35.490 37.671
52.456 153.047
191.078 472.161
159.292 87.922
134.292 141.897
38.954 328.488
449.339 61.177
326.159 240.580
78.938 211.487
445.343 455.327
224.512 87.034
331.949 193.722
46.600 32.313
214.081 96.740
269.113 185.462
411.564 350.188
244.664 237.564
16.648 207.892
443.803 274.957
438.014 450.966
342.079 471.193
281.041 369.749
105.874 446.522
268.749 253.708
468.255 17.734
53.327 268.182
115.873 244.195
0.260 5.729
489.228 89.017
297.051 419.763
483.569 18.461
204.868 110.276
287.997 376.455
97.012 348.631
235.587 126.454
423.336 40.520
300.413 33.286
372.593 33.979
90.491 466.776
268.720 192.631
487.390 300.139
30.023 257.315
248.897 193.346
63.401 341.383
284.333 305.874
221.325 255.705
277.720 458.837
307.024 117.719
474.519 247.790
332.567 406.575
172.121 146.899
265.791 334.003
38.767 42.612
449.388 456.892
0.584 445.965
411.511 440.751
436.208 466.562
139.342 45.565
390.033 471.828
28.756 474.695
85.175 39.042
84.335 140.202
294.137 309.011
456.242 380.603
144.752 241.833
194.922 301.573
270.643 393.296
186.882 293.752
287.068 25.509
24.671 309.711
202.748 12.516
92.496 42.229
399.457 465.092
179.202 9.335
198.051 194.346
187.277 302.264
197.712 26.215
300.007 168.839
214.819 444.008
314.367 325.255
249.625 390.306
165.284 393.701
220.897 6.409
145.664 495.290
2.603 321.917
356.733 282.544
315.762 302.777
353.490 115.491
44.538 183.241
465.010 304.708
51.438 456.764
257.850 93.340
160.312 307.104
67.315 39.436
361.790 384.296
151.205 254.062
95.920 237.505
427.852 462.304
23.271 433.533
446.162 294.422
206.925 158.384
71.367 119.750
497.358 402.011
110.726 101.178
44.927 405.906
465.597 323.009
419.848 69.836
120.002 420.211
119.941 101.508
392.248 2.969
422.881 4.054
33.084 80.826
226.570 439.983
330.472 225.643
358.095 377.028
89.932 198.802
491.866 220.911
442.383 347.635
385.685 19.848
148.215 401.267
217.726 435.832
50.240 391.569
73.886 327.318
155.778 37.757
153.075 64.820
112.505 96.169
81.746 453.627
439.492 380.027
187.777 74.472
461.466 277.330
29.875 410.471
104.533 98.945
376.079 66.120
410.240 71.307
4.294 123.001
290.458 148.652
451.473 391.737
46.814 75.880
160.451 344.000
293.595 61.213
115.174 425.948
487.164 9.847
209.580 459.921
264.828 110.405
478.169 240.452
128.403 420.590
294.760 477.396
103.848 0.517
473.585 324.246
294.122 473.456
128.726 258.030
379.797 482.826
2.023 371.195
103.355 176.850
136.300 420.654
460.855 422.055
261.777 196.373
442.189 488.258
304.191 216.527
235.196 374.997
297.285 193.518
367.544 444.235
113.479 162.551
235.527 282.409
346.009 460.697
185.271 310.335
62.222 476.023
219.645 159.579
89.125 296.635
493.875 163.035
159.005 100.445
355.742 152.848
423.709 416.221
479.417 334.753
377.051 287.181
245.566 364.568
433.534 173.978
385.892 175.428
7.348 210.119
447.700 299.687
182.401 181.444
373.875 357.717
423.158 91.546
432.765 347.716
350.564 142.426
390.262 103.943
281.848 124.962
481.581 92.033
244.929 405.467
400.794 104.275
462.699 386.911
54.250 173.263
49.880 34.370
212.962 227.315
360.160 483.518
112.180 190.618
482.153 21.769
199.839 279.178
76.360 422.926
115.541 0.432
324.710 210.497
52.361 234.203
133.791 491.173
267.241 411.541
363.851 167.541
431.069 348.624
369.991 145.873
108.424 367.843
20.567 403.021
411.353 431.233
166.161 244.326
144.706 107.625
117.896 499.747
187.320 411.331
149.773 311.274
434.884 7.242
125.305 50.068
63.099 368.799
184.619 58.978
28.900 153.461
12.675 422.688
273.128 128.540
259.645 82.419
177.264 249.455
198.552 378.444
442.338 283.703
440.993 421.241
470.656 209.815
132.005 100.454
197.027 476.741
56.202 336.856
291.495 250.558
491.210 26.156
193.820 223.574
175.994 458.108
81.980 64.412
0.057 339.811
41.527 170.220
206.177 259.169
492.662 224.984
331.848 231.741
83.581 232.468
431.456 190.665
29.245 484.529
212.889 293.889
440.289 456.411
225.809 222.498
20.408 62.333
58.486 173.638
210.183 171.150
287.364 10.648
220.203 356.610
366.795 399.309
466.725 83.463
192.385 309.222
452.128 84.607
173.978 128.562
393.084 294.251
124.066 312.142
37.119 198.786
159.702 227.684
442.987 484.637
382.076 439.095
298.960 243.779
380.027 303.299
148.521 192.405
71.705 229.875
131.974 92.369
341.215 127.097
152.529 170.886
404.445 438.477
411.232 56.701
493.005 190.594
194.802 414.296
204.726 293.773
388.196 324.597
232.040 394.182
244.939 358.784
279.319 43.925
190.515 457.973
2.149 35.748
191.017 410.763
99.488 448.655
202.300 448.909
240.486 194.561
375.211 180.650
55.754 101.099
72.234 491.675
284.246 143.535
86.173 128.792
162.557 378.555
241.986 276.812
419.814 122.181
134.156 496.081
20.756 153.211
266.335 46.681
274.792 2.732
108.850 317.608
158.536 394.574
347.198 483.773
21.390 73.867
59.905 423.858
235.479 154.417
90.746 436.097
1.822 428.538
289.172 268.630
307.952 329.972
125.952 398.022
389.416 29.199
292.578 115.998
172.835 22.174
97.959 222.964
44.848 206.700
63.970 279.282
278.810 140.757
79.767 487.521
337.050 484.324
399.570 346.201
48.202 259.600
8.254 398.248
234.464 499.220
364.595 257.264
234.966 175.191
361.022 57.902
189.008 443.999
455.638 355.011
496.871 340.886
39.065 118.885
290.005 293.232
82.524 363.201
476.058 166.253
265.574 83.814
374.716 134.476
218.809 7.106
454.715 173.972
177.700 418.285
281.923 343.873
243.343 56.269
91.841 463.511
273.197 207.118
348.982 412.255
94.550 201.385
323.014 138.102
460.946 283.809
362.650 446.484
363.641 434.050
425.922 258.713
214.208 476.352
491.961 491.120
355.098 474.450
132.906 394.332
215.873 97.683
54.956 492.890
99.451 448.407
496.834 391.064
379.108 5.328
121.083 451.020
455.852 397.667
43.926 316.306
430.390 56.971
107.282 119.678
135.841 123.128
226.733 100.177
362.584 329.031
142.886 225.322
253.674 372.708
56.251 185.119
42.134 309.210
99.720 405.918
132.195 413.289
160.207 75.351
238.384 340.812
279.527 498.795
133.192 97.258
145.327 6.328
30.494 199.081
338.052 378.230
290.085 136.706
45.041 305.789
256.048 276.869
194.998 325.459
311.246 56.637
196.751 486.926
194.201 493.403
473.657 481.209
50.995 300.977
272.008 330.306
166.265 416.848
260.466 56.914
212.502 78.944
52.229 481.289
163.170 82.319
368.299 460.155
22.829 90.355
225.108 273.559
151.242 256.286
414.971 282.625
235.742 440.992
416.728 293.528
19.442 36.228
202.290 131.067
244.141 3.341
391.975 178.339
239.464 193.965
280.763 202.540
10.287 72.430
479.324 231.016
116.622 314.141
285.531 16.957
143.340 343.914
339.297 238.922
313.739 178.277
308.871 351.160
139.497 474.779
330.244 255.711
485.957 456.830
381.867 172.609
476.145 68.892
492.290 188.445
449.197 421.072
373.940 145.853
128.517 135.580
200.842 349.687
139.334 81.790
438.009 359.727
165.612 204.419
199.107 336.240
292.689 20.449
25.343 25.127
220.827 34.387
0.997 24.960
474.356 5.735
176.790 129.895
139.280 414.163
348.372 118.217
107.220 427.445
446.912 461.253
25.837 81.189
392.057 183.067
433.504 218.790
189.677 479.798
136.325 122.761
212.371 324.510
43.543 309.059
101.563 69.814
99.933 270.599
244.805 196.531
223.456 268.020
473.633 435.597
81.449 0.966
245.381 434.769
482.880 33.233
150.425 47.771
305.373 151.470
414.523 315.351
229.476 229.374
260.319 216.678
437.728 273.662
337.951 278.255
39.732 337.164
186.027 371.956
134.631 45.189
201.480 167.501
317.767 273.089
215.031 445.092
289.672 384.597
385.259 99.755
446.948 215.995
160.401 405.571
166.722 260.464
222.428 337.146
303.219 136.665
60.547 441.922
424.416 249.038
102.402 333.209
69.944 204.065
482.543 409.294
497.456 14.282
281.368 38.458
225.351 42.249
407.228 224.386
288.701 315.225
432.751 361.155
134.488 193.351
362.400 146.565
187.434 482.786
115.452 39.740
275.693 28.022
214.760 85.257
207.215 260.502
58.166 178.005
325.318 382.373
216.082 211.115
485.200 111.680
281.995 55.772
428.747 168.252
380.776 116.251
359.800 175.014
128.508 104.584
388.446 423.239
190.033 99.867
218.303 160.497
112.929 497.564
178.825 438.948
52.036 485.578
359.522 166.966
78.680 418.029
16.313 287.692
132.826 431.345
385.566 334.078
143.334 365.875
281.877 148.018
225.228 440.800
47.947 86.293
236.362 90.215
70.947 366.482
423.072 393.860
225.861 30.392
402.483 285.028
288.365 33.565
278.323 271.972
244.137 8.417
178.926 432.539
164.374 331.096
175.728 414.632
73.769 191.874
228.551 51.873
375.684 178.874
308.734 368.751
92.007 29.759
156.459 191.431
224.440 393.110
446.239 322.104
149.159 190.268
116.879 156.093
51.144 45.909
181.506 29.330
16.174 140.210
173.377 270.443
57.259 227.887
420.356 35.491
39.922 28.325
301.690 63.107
466.480 411.302
268.657 294.697
151.802 443.579
402.817 23.006
335.628 322.965
307.461 298.472
97.908 117.263
347.163 154.747
212.090 49.793
196.918 87.830
455.843 156.757
26.355 229.614
482.325 386.382
486.293 434.780
241.015 29.374
254.420 449.769
277.253 447.689
119.346 474.280
303.282 161.769
112.328 258.496
76.492 496.847
460.661 33.681
260.276 176.963
400.272 373.339
148.080 408.879
379.932 284.337
402.005 473.940
391.233 246.392
450.992 129.010
243.818 443.855
208.053 350.061
147.863 185.716
402.881 72.745
429.324 116.414
236.096 252.202
435.561 309.698
238.199 24.628
400.884 290.023
393.521 34.034
255.577 141.732
284.511 393.697
360.393 62.518
307.800 161.362
433.660 345.540
6.677 390.908
68.783 178.630
142.421 238.359
226.840 107.757
106.424 440.307
264.576 286.536
110.274 219.271
440.033 6.101
190.813 359.451
362.298 51.841
229.139 177.280
394.400 253.068
413.939 97.859
243.181 12.813
276.733 255.413
148.730 453.606
66.921 272.665
386.644 410.611
153.687 411.538
409.492 374.055
71.716 87.923
20.858 409.470
236.582 422.164
411.413 312.724
264.350 339.147
110.742 108.490
348.900 218.378
173.672 166.498
72.268 492.274
334.688 113.610
296.195 54.958
302.773 303.392
448.021 114.161
