400.182 442.741
353.254 484.621
344.479 382.677
468.680 433.660
308.042 289.517
496.484 22.347
106.868 380.864
171.311 343.928
316.925 330.581
138.079 204.401
408.859 422.993
55.517 102.657
478.988 444.926
292.536 69.258
186.105 60.226
166.164 65.182
86.614 357.289
86.183 128.571
182.420 6.716
230.633 470.024
40.433 369.465
404.971 207.316
399.547 272.565
165.937 314.109
442.119 433.174
313.008 257.349
222.808 410.873
188.640 262.848
468.504 324.003
239.447 43.377
417.824 150.403
73.889 33.567
419.772 151.522
201.825 135.471
384.757 34.554
335.057 384.645
94.164 428.744
98.411 230.199
81.942 200.978
417.498 383.372
47.277 439.150
331.074 309.447
9.651 383.498
231.549 374.151
421.638 414.369
309.412 79.482
182.406 477.793
283.908 265.739
410.021 48.361
299.976 247.499
382.123 341.267
299.738 327.271
410.234 269.450
51.283 415.046
487.119 42.879
389.978 338.166
35.499 126.526
224.726 217.507
369.004 410.468
156.503 468.028
252.161 96.637
265.255 182.706
4.979 92.139
36.499 304.621
207.197 77.543
288.547 2.004
237.990 152.510
343.320 395.107
152.821 187.930
348.328 378.552
432.398 85.143
443.828 280.843
234.912 340.341
181.426 119.044
218.622 261.380
167.279 165.852
289.184 1.859
195.226 437.538
61.228 367.521
461.134 115.372
37.895 449.558
70.801 442.036
341.636 206.691
62.275 498.903
409.128 294.589
207.252 178.248
397.639 127.497
251.022 114.289
286.565 410.873
311.318 104.725
139.637 46.016
106.028 254.013
445.830 58.812
153.705 29.095
249.227 214.664
221.633 26.260
81.269 218.087
395.066 67.239
476.236 21.328
368.615 245.178
189.116 383.663
99.450 499.304
130.914 146.105
146.397 260.596
14.778 308.154
410.387 480.408
392.471 238.136
287.210 113.849
67.786 281.384
468.195 426.751
66.734 208.733
113.909 233.903
485.489 395.421
129.258 369.620
275.603 202.280
389.001 165.913
184.242 476.721
172.044 284.361
124.406 25.396
108.784 210.330
476.864 315.393
421.296 467.005
436.547 12.494
460.576 6.377
380.984 362.867
382.265 13.464
50.788 274.120
287.337 4.655
172.422 74.263
393.335 327.636
354.240 494.772
106.545 40.036
6.615 274.320
221.504 393.990
240.800 335.860
23.132 193.665
396.778 5.947
433.157 211.314
335.187 433.723
449.151 401.117
207.400 249.221
185.942 369.591
43.304 445.302
428.087 485.741
142.390 478.070
48.624 290.887
152.247 39.586
31.025 363.272
182.762 281.001
471.938 428.427
65.150 1.754
137.375 183.128
3.806 448.724
8.701 483.087
312.409 83.759
164.835 432.178
165.851 121.601
243.020 32.223
407.776 450.686
493.354 398.990
209.276 57.984
286.174 434.936
482.313 239.138
144.442 366.155
116.329 231.325
361.208 229.698
478.416 438.079
135.780 23.628
425.797 1.953
464.262 388.155
178.199 288.318
400.733 262.300
78.226 9.005
250.644 291.922
490.650 189.180
477.736 191.645
261.258 303.159
287.130 56.412
46.088 56.370
260.688 151.660
47.778 297.037
264.524 238.267
243.665 101.293
10.547 488.763
382.424 5.813
256.687 450.824
494.765 65.032
104.044 63.694
352.445 290.932
52.145 222.246
404.325 176.019
172.838 164.499
125.605 231.403
13.752 441.846
367.237 441.514
197.435 361.247
229.152 64.999
88.461 33.582
471.549 128.001
282.751 436.026
13.642 354.340
492.035 167.262
107.115 190.707
236.493 21.062
97.104 258.204
380.632 59.896
298.661 276.131
26.318 70.424
351.873 106.946
400.150 412.421
87.891 227.809
129.091 154.745
253.371 143.378
481.660 499.859
379.989 307.389
407.732 192.397
490.964 137.726
468.414 47.814
424.684 105.527
282.823 469.056
292.026 135.070
487.103 397.342
172.665 311.114
459.694 67.371
170.564 306.610
328.404 135.587
496.690 481.162
232.853 350.496
378.874 13.777
489.653 397.753
488.734 97.240
487.257 444.232
74.842 344.140
33.954 131.414
240.741 13.786
283.092 3.097
474.123 406.067
376.686 61.497
307.407 333.295
291.699 259.152
350.279 28.361
385.351 308.845
276.177 373.430
356.657 109.785
484.423 62.977
431.534 417.000
133.112 69.058
350.995 112.556
463.764 60.545
27.877 276.429
76.560 336.428
272.745 71.920
132.190 422.408
407.671 136.204
97.329 395.347
132.509 499.337
422.752 363.763
355.255 322.703
446.051 301.449
286.046 53.903
404.177 153.613
44.174 499.276
389.547 297.169
427.014 190.984
254.994 280.241
372.625 413.607
226.427 369.164
49.744 124.139
316.537 80.863
268.907 286.649
423.613 42.857
319.913 93.036
121.058 43.067
329.168 9.455
1.882 248.182
196.768 416.054
473.784 498.394
222.777 202.340
350.805 385.723
64.251 63.710
184.242 442.438
223.147 368.878
14.046 75.772
489.287 59.169
448.287 300.504
72.211 2.978
311.060 83.931
380.624 346.778
363.782 72.426
467.136 194.063
28.099 444.652
404.042 196.244
302.885 92.943
182.604 218.892
283.665 331.659
223.346 137.832
141.926 169.815
377.111 53.112
260.347 160.164
171.585 395.602
462.846 100.437
395.540 210.527
383.221 22.163
160.494 148.567
143.020 396.874
369.683 469.367
17.168 497.407
161.353 388.340
499.032 454.932
316.433 1.898
376.407 384.822
81.486 57.938
267.233 166.968
376.286 496.665
381.006 357.915
223.225 471.719
64.910 328.918
95.400 169.793
140.302 168.656
173.162 102.469
235.069 481.704
221.591 352.178
326.392 288.262
410.583 118.685
494.581 468.678
62.025 4.707
2.774 394.105
107.038 374.640
144.774 69.641
39.336 435.018
368.010 265.598
199.974 236.266
201.551 313.515
223.822 90.799
123.737 12.188
316.050 498.922
57.351 322.116
457.948 274.580
402.255 112.081
143.469 434.378
442.443 169.420
234.125 117.086
71.845 16.388
83.219 476.191
62.361 244.826
454.645 280.567
205.809 495.186
406.094 208.963
66.189 482.718
197.227 489.634
37.640 309.815
156.809 281.829
226.827 148.398
475.816 204.983
51.488 412.388
296.214 161.037
402.554 362.324
194.554 332.157
400.909 100.788
133.925 158.839
431.479 444.476
188.704 429.133
353.436 187.269
157.825 440.893
210.073 158.570
492.803 219.369
452.302 16.924
82.348 97.915
188.445 451.060
62.073 90.421
461.061 90.526
35.419 386.224
417.746 102.337
212.610 266.366
271.624 430.440
224.095 442.551
372.712 109.341
244.319 398.520
236.668 1.221
350.660 23.726
388.339 230.406
138.134 377.569
262.033 131.158
433.179 29.838
79.730 432.899
148.325 311.311
381.396 296.565
211.822 12.791
292.555 147.060
393.183 123.411
13.442 388.557
449.562 386.040
477.603 369.215
373.629 170.109
422.432 38.098
74.814 253.643
24.678 287.854
378.720 194.512
491.456 130.341
27.475 5.913
249.444 290.296
98.752 207.896
346.242 153.317
479.339 63.308
100.464 389.827
283.612 226.566
288.082 357.798
41.464 50.427
408.136 207.942
267.027 238.908
179.097 195.579
201.163 227.608
2.671 227.561
314.512 224.482
476.416 337.042
8.891 352.587
245.443 306.395
204.582 354.860
141.635 291.546
492.682 427.003
115.232 105.954
31.368 452.636
16.970 384.294
107.380 203.659
181.633 297.719
191.010 291.759
131.180 310.709
393.274 354.652
431.000 135.411
85.545 176.306
439.272 129.650
206.047 271.877
326.926 233.804
365.941 471.836
179.659 484.329
309.364 225.125
244.074 137.849
292.448 364.374
219.859 127.913
124.177 343.485
248.547 265.301
204.819 31.242
161.668 431.045
316.494 125.807
127.951 472.571
133.042 350.636
332.829 317.378
375.031 472.033
341.710 37.560
161.814 424.874
187.741 144.812
406.536 287.698
178.570 160.209
292.111 175.701
295.841 358.686
198.118 30.960
329.024 349.126
27.395 10.670
197.933 7.469
458.020 77.771
54.378 381.259
2.738 303.161
95.332 302.792
400.726 226.559
16.499 343.232
18.019 168.301
22.711 31.573
101.665 312.432
290.443 64.020
66.587 265.858
338.772 319.314
387.793 268.891
101.769 79.385
161.519 391.233
365.543 216.541
183.933 230.259
246.874 415.707
139.155 411.215
55.211 83.556
344.123 199.557
170.415 408.878
481.633 495.150
47.950 190.183
289.731 246.464
400.818 277.633
47.715 308.492
131.069 320.709
428.906 258.795
459.584 467.113
344.283 279.485
30.134 176.444
448.117 482.221
143.999 41.922
149.080 70.081
238.944 491.478
437.969 15.453
136.518 148.585
87.087 284.288
256.373 29.438
458.764 478.930
481.854 157.776
72.025 258.454
479.703 465.076
484.437 4.810
284.523 91.435
292.103 193.197
114.626 393.017
242.061 455.115
471.186 327.945
192.669 107.934
403.293 186.036
396.719 274.349
181.737 214.209
160.837 17.331
447.550 243.579
267.044 122.513
283.975 1.885
96.461 267.308
32.937 301.348
431.210 332.611
425.660 413.562
359.245 186.874
25.918 45.521
382.406 172.022
452.238 312.870
197.551 452.227
121.139 326.791
270.016 498.528
159.677 373.644
179.110 65.173
158.625 59.237
359.832 246.749
12.955 469.694
294.759 12.740
420.392 349.666
333.789 205.309
448.366 497.652
324.500 464.029
126.484 333.196
410.191 428.837
498.841 415.587
67.647 143.432
221.459 3.887
455.260 6.241
124.663 477.558
389.372 212.941
42.452 132.120
424.519 403.337
494.763 92.227
497.353 229.211
489.305 85.631
253.606 436.878
248.836 199.008
231.495 469.462
187.358 30.922
47.575 8.662
283.147 489.718
412.725 415.358
388.663 202.106
204.146 379.141
232.650 35.075
451.578 477.025
452.455 25.899
151.950 455.643
448.577 369.099
442.596 127.679
52.102 370.881
269.854 79.443
180.795 98.896
12.267 383.267
127.987 253.730
5.923 110.820
22.526 431.173
409.396 294.585
135.744 436.670
301.571 421.009
432.039 54.838
416.950 472.413
300.342 29.271
353.277 161.688
250.708 184.663
40.534 246.014
362.451 448.541
8.824 487.131
445.029 224.090
168.668 453.588
447.211 23.706
328.305 435.853
14.903 240.626
412.539 193.204
383.798 213.399
203.502 269.932
179.946 297.136
339.357 474.330
427.496 442.413
140.584 350.120
184.523 459.315
75.438 92.393
136.473 370.957
80.137 87.820
422.667 153.613
158.428 475.316
291.441 38.016
173.594 253.039
126.090 447.803
107.703 231.943
237.388 149.712
487.200 200.942
378.002 50.688
469.922 110.728
93.606 193.244
266.474 331.471
403.277 126.710
229.885 42.340
109.179 380.632
331.229 126.907
250.796 245.512
30.107 284.222
463.577 203.254
206.410 433.939
20.336 154.416
180.361 39.083
381.510 484.966
181.210 258.253
269.342 281.498
