128.140 378.111
91.280 259.142
60.086 88.182
69.134 48.570
198.531 249.951
461.837 364.649
70.255 245.985
377.967 206.559
259.198 474.532
386.426 113.877
390.211 446.781
417.652 152.521
325.401 123.719
35.840 131.704
480.178 319.134
26.060 477.877
381.731 462.808
299.932 89.210
80.106 425.399
435.465 101.362
149.665 114.220
55.632 296.647
442.306 462.548
71.977 201.178
92.703 445.919
360.009 178.307
6.829 394.994
121.052 295.322
452.219 444.721
313.548 270.160
130.736 163.023
154.357 421.246
154.511 400.251
177.254 167.459
177.003 392.995
191.420 107.593
438.266 84.074
414.939 469.250
329.682 82.550
262.639 97.082
193.021 484.049
377.575 364.140
140.141 190.605
84.379 44.038
97.450 112.345
212.532 454.318
355.408 43.130
366.622 396.633
75.323 257.869
456.225 273.198
176.091 402.913
319.566 341.093
418.539 234.080
233.279 315.521
180.031 336.909
228.494 425.606
112.981 37.853
259.434 18.648
196.999 95.149
43.085 133.932
355.619 169.901
358.393 188.483
105.515 475.263
400.647 163.073
471.872 309.777
263.778 60.697
309.779 172.815
428.845 144.359
285.169 339.025
274.878 417.359
129.965 294.030
104.092 478.288
442.492 360.892
105.561 120.676
444.312 97.399
315.952 399.803
244.767 112.050
94.129 157.159
404.388 17.189
391.210 262.752
174.478 267.492
410.937 368.976
19.511 453.628
411.960 275.510
364.433 20.836
323.210 419.477
78.801 373.904
59.905 424.660
88.357 267.723
281.042 331.406
302.581 122.811
211.010 283.192
401.812 107.437
416.119 431.738
17.381 468.903
231.260 482.867
212.726 137.896
207.569 387.274
362.632 11.443
467.472 104.101
72.056 229.450
89.744 487.212
58.593 24.897
340.652 454.204
489.093 402.733
65.825 236.313
496.121 183.943
498.970 184.874
154.744 1.960
432.547 146.512
199.369 432.444
147.957 103.429
159.273 387.500
350.450 316.150
73.105 283.419
121.941 349.367
284.073 158.667
490.877 339.134
243.611 416.535
253.426 197.233
337.796 115.333
380.041 86.756
381.456 485.483
108.601 47.321
147.796 46.270
491.850 472.877
99.346 91.343
394.751 375.551
306.330 286.907
22.913 39.525
491.685 420.492
134.495 302.053
75.100 79.089
109.444 180.619
120.845 59.933
179.483 493.467
348.643 54.621
267.105 194.605
363.102 451.502
279.571 33.174
189.471 166.300
103.612 103.604
35.773 441.671
88.082 52.430
10.891 234.111
96.381 205.317
430.923 164.582
231.460 407.015
278.939 391.606
316.329 337.768
344.975 165.229
92.894 173.813
138.622 306.354
37.886 210.891
160.130 322.350
136.477 484.921
88.726 458.884
34.624 130.880
6.456 486.789
417.848 488.643
417.924 171.833
445.311 243.749
98.747 428.313
65.452 430.793
489.155 189.112
305.196 112.907
99.861 366.446
494.702 399.095
428.867 486.332
411.110 62.548
130.513 153.597
327.879 478.018
456.071 42.977
393.223 90.938
491.562 16.184
346.003 205.745
41.370 22.798
258.783 197.021
444.294 322.693
50.985 316.779
183.097 117.283
342.382 171.402
37.100 318.286
284.542 184.146
356.985 68.271
267.607 315.472
248.492 420.383
69.853 426.464
23.512 328.661
437.695 1.846
201.383 272.538
465.630 257.605
314.884 104.650
414.677 68.991
18.451 56.425
268.478 0.526
404.377 277.224
205.094 355.733
435.714 493.350
487.090 48.047
332.500 190.270
138.978 227.867
472.951 12.018
224.226 285.315
69.360 192.947
144.326 181.084
272.782 78.990
148.218 253.570
166.702 487.874
173.027 152.789
243.171 7.018
324.018 264.339
115.282 219.014
69.608 240.103
273.440 116.169
217.303 130.665
372.400 287.602
34.981 388.680
230.910 388.142
333.351 195.040
460.014 474.091
315.317 22.091
67.539 374.549
407.113 462.628
336.381 16.555
71.800 358.354
61.598 90.639
142.150 498.212
442.560 112.903
332.577 235.620
371.155 313.424
276.727 433.982
499.615 461.496
305.033 6.121
342.405 326.769
308.272 174.753
457.071 65.506
238.994 372.674
112.319 332.182
362.996 209.946
3.534 252.735
37.150 426.749
30.608 218.287
133.373 44.719
367.631 206.670
256.700 245.811
317.526 228.654
483.596 151.578
315.042 91.558
251.740 224.535
353.401 457.963
124.239 292.533
286.135 429.688
1.886 259.963
126.797 85.342
446.754 176.183
481.478 357.368
223.532 320.035
62.662 216.274
299.862 212.928
436.413 83.968
175.292 160.165
495.743 467.058
403.720 206.600
417.424 125.382
377.205 1.481
83.471 277.629
226.898 42.243
309.074 321.407
358.505 171.653
53.860 485.861
109.546 16.823
209.368 482.572
354.884 323.328
462.605 140.395
62.951 253.986
25.316 330.415
275.212 279.599
2.030 384.853
5.049 308.507
445.664 252.672
92.617 343.266
373.280 70.331
229.722 125.567
225.959 367.198
35.822 182.537
19.366 354.987
319.658 230.575
121.389 295.678
336.893 202.784
169.108 107.144
1.413 255.560
178.866 9.379
228.966 370.357
268.682 287.845
412.027 376.734
66.582 104.935
392.234 340.922
47.120 476.797
331.630 387.293
81.544 121.515
220.531 117.720
90.800 86.586
139.181 238.615
19.654 44.772
217.546 277.890
116.335 444.404
45.270 397.182
128.726 241.964
131.302 8.852
427.697 392.081
200.500 453.351
66.742 188.235
106.001 30.281
307.940 319.975
101.814 105.791
250.775 244.849
407.180 459.814
475.325 375.101
1.860 39.455
188.481 185.629
208.924 431.348
307.838 203.925
230.107 476.674
407.163 342.337
91.266 232.574
224.746 484.877
52.410 216.122
80.608 210.152
27.893 171.221
26.015 438.988
392.385 203.141
451.444 435.210
213.013 200.344
269.039 383.029
151.092 197.083
125.567 54.982
400.351 134.159
432.558 411.642
157.285 455.661
64.408 161.327
321.234 67.740
133.061 291.218
87.883 299.526
490.958 481.159
497.292 233.221
182.621 218.536
141.748 479.042
297.221 203.474
238.528 84.428
413.745 35.426
300.030 441.978
14.427 61.465
366.877 258.131
441.079 484.076
482.196 422.320
244.411 284.361
34.386 284.722
34.155 72.513
149.366 220.601
118.096 350.624
90.612 475.362
303.663 264.207
363.338 195.673
209.118 341.044
162.343 398.221
412.345 462.942
66.122 478.007
145.986 197.654
203.551 109.281
463.425 52.084
219.680 17.164
222.074 442.024
375.513 63.663
468.929 315.837
448.768 50.405
360.695 463.646
182.353 321.553
381.690 133.240
215.506 170.475
120.671 323.585
307.200 131.761
425.168 101.985
122.728 35.544
381.087 192.028
203.915 131.104
465.807 364.473
55.031 194.192
203.089 419.190
227.942 186.691
118.712 401.756
84.067 387.685
185.290 151.777
174.342 485.399
497.178 457.434
331.905 27.644
169.336 149.970
302.761 429.255
206.393 351.795
23.526 201.880
404.981 83.620
249.367 65.934
215.611 365.134
355.803 211.331
308.817 435.654
109.280 124.635
246.669 131.517
104.923 25.539
127.099 287.262
373.230 128.505
486.173 99.560
190.062 384.771
29.443 206.849
93.497 299.869
498.323 200.886
286.585 64.498
248.581 130.110
231.774 487.298
383.766 268.509
338.233 431.467
262.166 396.321
431.986 359.269
422.519 470.002
39.913 174.352
256.051 179.652
91.979 330.267
182.445 51.512
401.566 74.830
187.105 428.034
240.912 433.005
327.274 482.324
146.236 455.020
292.166 162.563
8.996 104.963
212.626 118.422
316.524 263.032
428.899 483.946
357.099 210.893
26.940 53.045
244.477 400.106
152.579 433.198
293.406 5.830
399.781 385.274
438.909 412.626
141.500 169.230
146.847 313.346
398.673 102.803
62.765 363.871
344.692 243.722
159.516 317.690
167.656 357.359
327.878 250.759
351.794 490.880
252.915 48.215
98.633 438.374
138.165 152.765
187.543 487.427
462.149 141.178
239.930 444.098
17.564 370.364
417.014 207.152
298.396 81.133
221.054 100.726
449.228 438.144
235.532 480.960
328.708 227.374
453.327 239.460
138.965 243.925
175.541 239.953
359.927 156.549
284.004 130.470
457.660 149.614
136.815 486.571
252.608 239.644
30.933 390.776
248.411 61.095
303.025 24.561
265.798 364.546
117.667 278.736
343.035 263.961
58.002 371.318
232.029 188.546
367.560 244.151
278.315 175.432
232.789 147.460
475.530 199.036
352.806 340.140
60.202 107.954
52.066 357.090
256.250 149.123
358.265 38.994
64.543 5.813
33.559 331.965
272.909 433.969
310.240 480.570
444.224 302.029
435.056 329.643
209.585 418.299
362.369 45.854
86.535 201.384
229.657 152.896
47.351 106.751
373.875 354.459
280.558 323.005
359.730 248.652
441.094 228.588
289.058 211.193
379.838 164.980
194.503 265.337
43.767 427.261
281.454 16.669
466.962 150.569
374.107 169.278
343.067 35.164
283.286 142.156
43.352 287.717
480.213 103.671
294.137 225.951
385.691 414.595
350.917 126.876
319.858 401.671
466.081 249.482
217.757 102.590
129.543 437.687
385.938 372.174
294.764 287.484
141.406 185.694
279.660 135.176
16.454 171.398
87.072 161.363
327.861 304.617
340.460 266.797
113.011 233.168
130.253 160.374
361.658 176.937
73.591 369.565
400.153 484.078
236.324 443.449
102.405 79.023
262.361 270.207
128.462 444.466
61.773 218.016
274.967 252.357
187.708 225.854
345.294 409.907
423.419 468.879
13.003 36.198
189.540 443.596
65.136 235.715
424.786 208.582
440.987 61.114
165.815 354.075
453.621 203.055
447.436 393.844
303.906 120.187
61.696 393.066
255.133 388.210
294.307 111.720
250.567 262.844
417.764 283.462
179.570 26.539
380.169 169.713
360.054 177.830
439.977 16.813
457.009 271.606
442.640 15.418
133.988 433.214
19.363 52.408
293.079 499.310
348.337 244.798
96.816 155.172
489.207 355.776
272.795 154.509
74.081 402.363
151.541 115.754
258.107 79.569
91.634 482.461
486.506 62.181
150.430 30.683
185.773 158.631
433.247 268.596
476.534 51.643
471.747 18.778
221.810 186.477
162.490 270.743
190.607 133.220
260.824 4.861
123.009 315.716
282.577 71.603
294.936 239.149
129.325 15.117
27.462 485.784
239.037 292.813
15.352 79.503
486.997 331.113
85.710 391.566
429.985 225.521
242.318 66.338
257.735 158.902
43.600 209.531
432.393 427.240
397.503 463.799
85.333 282.724
112.683 201.001
244.307 345.926
494.712 332.282
350.662 134.921
395.858 389.231
111.545 484.523
279.942 140.984
360.097 309.418
378.963 396.792
53.717 60.132
303.133 240.045
218.030 85.500
214.873 177.694
88.326 187.862
17.241 184.104
409.964 347.941
194.539 412.743
82.414 357.527
247.804 355.801
196.610 194.752
182.154 239.341
41.045 242.257
