78.805 100.653
229.094 260.523
322.782 166.325
446.882 57.243
53.477 274.192
413.520 117.229
284.023 101.546
431.992 196.395
357.124 424.464
341.180 174.225
28.231 439.464
56.783 169.406
297.575 336.712
245.431 144.169
442.621 339.267
353.541 470.616
246.838 59.960
396.734 381.490
75.664 323.124
445.955 480.176
149.948 265.811
238.010 410.381
458.285 435.103
447.340 201.640
53.379 223.049
280.202 463.531
130.434 480.399
67.046 9.091
166.279 390.729
94.519 406.018
230.204 235.300
187.126 422.332
79.730 1.443
271.487 253.315
91.227 14.201
53.594 93.938
446.653 316.080
492.474 145.842
369.145 224.876
366.748 464.981
70.815 151.745
136.760 76.008
234.809 21.610
344.616 118.421
491.438 247.996
103.829 54.776
476.376 5.802
243.313 124.196
250.347 40.159
443.741 107.842
435.437 362.031
245.479 118.725
376.767 260.870
7.153 151.410
134.489 234.461
97.865 174.801
427.236 14.070
338.890 10.023
24.732 46.111
42.324 44.694
384.704 182.480
358.297 319.663
421.969 81.212
50.734 137.836
26.103 111.120
189.852 231.432
483.970 459.864
444.128 35.671
111.095 357.019
196.857 218.707
258.672 309.839
397.928 64.335
138.086 448.652
356.869 224.281
299.173 105.536
94.331 274.563
96.091 181.224
206.951 63.666
182.459 306.352
336.776 359.288
151.948 94.442
215.447 147.457
48.655 108.952
151.814 483.963
324.372 40.307
209.226 399.730
413.075 54.960
237.482 346.348
141.319 103.173
163.546 161.860
56.231 438.507
139.811 67.280
11.708 174.217
211.827 111.264
458.087 234.592
265.740 411.913
86.115 427.539
489.098 69.273
136.865 353.485
24.757 373.409
47.670 256.267
66.901 418.898
285.662 491.943
18.141 220.659
8.019 235.737
421.140 412.609
116.468 166.812
152.142 87.002
94.170 136.310
399.581 229.527
463.166 75.110
157.339 148.737
440.338 283.501
211.000 309.368
417.793 443.265
423.509 203.036
474.124 442.662
419.390 21.691
170.091 413.354
198.994 252.094
377.270 273.633
379.823 125.137
282.688 166.512
186.237 329.284
406.129 270.542
98.838 4.009
76.300 387.140
31.275 270.886
195.711 456.311
499.585 73.870
130.258 451.425
452.186 314.226
10.332 12.415
391.564 48.145
74.704 42.796
309.401 335.483
390.527 107.674
56.842 144.181
304.919 196.575
290.791 265.582
189.597 84.506
341.284 247.201
367.854 284.466
367.827 81.186
150.994 203.188
180.786 453.454
63.018 6.310
254.084 316.584
230.120 184.221
260.567 200.929
409.376 81.860
450.448 42.829
237.924 15.381
473.783 305.925
401.951 58.074
130.614 53.570
32.200 179.078
467.880 449.230
271.792 320.008
85.471 70.410
342.472 277.772
111.003 18.550
263.567 413.882
246.571 498.114
34.853 467.277
113.734 340.804
459.207 10.631
423.043 400.832
203.968 65.868
82.899 183.969
289.356 101.830
405.959 418.702
410.909 135.990
388.121 162.347
261.322 466.517
310.528 202.844
173.663 69.820
223.651 329.965
374.413 489.840
423.518 326.966
57.605 243.065
400.988 349.912
215.257 256.959
341.296 108.903
309.079 460.690
11.342 425.132
83.468 185.696
85.747 145.554
253.338 399.946
173.007 423.229
293.390 253.955
9.987 227.995
110.073 224.530
142.007 238.982
218.971 26.599
467.232 459.757
499.617 323.466
419.219 85.338
117.615 178.702
82.627 175.049
442.132 138.241
324.812 295.381
499.255 13.867
206.457 213.489
105.241 185.203
412.991 490.391
492.344 70.759
173.519 90.469
435.946 393.404
131.514 385.891
229.892 179.546
457.226 458.548
6.001 79.216
253.009 463.282
69.207 299.637
193.740 300.483
472.788 370.918
492.253 333.037
321.050 330.700
332.645 479.351
104.350 385.183
330.574 145.835
215.763 457.016
160.239 20.304
407.683 8.038
365.679 243.084
454.703 270.132
328.173 56.164
408.002 119.151
349.464 309.361
243.203 171.682
215.460 3.932
474.466 86.839
331.925 489.951
467.414 244.826
481.286 151.496
415.210 28.026
309.951 277.456
30.851 472.563
335.304 451.170
387.330 12.874
165.867 7.524
463.561 109.550
488.722 260.595
371.013 226.399
152.951 316.833
482.870 161.263
391.437 432.780
151.537 261.559
428.726 316.295
239.334 303.997
173.492 292.204
26.327 201.812
135.280 457.358
68.468 430.748
417.421 289.291
109.157 442.928
159.664 295.156
360.711 114.858
348.772 268.967
80.006 262.865
80.048 380.719
381.309 257.138
435.408 427.035
114.606 146.290
2.912 304.011
378.671 115.782
474.268 231.334
486.725 250.228
316.969 430.066
362.689 211.265
255.775 319.205
51.506 105.261
290.692 78.772
87.718 124.115
210.427 144.011
354.898 98.130
38.071 379.374
278.687 3.646
65.412 160.110
146.542 481.852
167.085 108.887
47.824 354.525
142.602 21.794
415.233 238.091
44.072 369.017
475.729 43.904
52.778 423.533
113.011 481.772
88.001 290.911
309.449 478.828
69.253 97.852
374.122 455.753
137.981 85.978
368.690 29.347
217.070 208.638
342.098 420.492
181.407 85.915
283.473 490.224
191.485 182.131
315.965 481.050
36.898 21.110
356.657 469.248
71.934 492.792
19.083 380.614
148.044 408.357
133.171 85.018
445.927 13.393
271.726 173.905
141.545 392.794
373.168 47.100
410.888 174.640
18.822 469.068
89.545 224.537
63.860 478.648
157.988 266.915
412.411 268.135
61.453 262.969
390.794 103.129
142.226 293.893
235.041 403.365
242.381 390.101
74.977 370.647
203.192 332.579
234.643 67.753
36.835 219.142
29.423 27.355
277.741 214.062
140.548 408.189
336.887 90.959
287.573 183.593
434.486 343.518
75.597 248.157
483.794 495.825
193.303 29.080
15.490 113.852
61.809 322.167
115.284 200.804
343.316 43.355
325.732 69.619
152.971 60.979
22.148 481.995
236.440 55.407
188.676 193.935
443.460 456.469
149.608 257.320
415.229 223.683
96.914 368.511
479.243 140.386
235.612 210.847
350.267 396.972
434.591 171.331
399.968 137.025
149.111 57.152
273.196 495.707
304.546 487.261
199.589 283.934
493.804 318.831
47.399 212.116
198.028 437.459
31.864 311.816
348.800 152.996
44.589 416.321
160.416 309.276
103.093 461.713
26.820 74.556
219.217 62.526
46.971 226.197
374.761 15.883
167.373 192.381
204.237 336.689
83.346 46.378
342.463 480.000
254.492 252.910
338.419 136.047
282.758 323.661
497.719 68.320
213.104 119.201
341.594 303.075
395.822 268.852
108.137 40.541
344.193 467.233
109.270 494.922
148.573 113.031
184.614 367.088
14.783 382.024
42.621 318.162
52.796 240.852
140.669 404.953
165.861 167.203
145.575 32.235
112.727 20.602
92.559 241.197
197.816 194.702
406.947 328.060
417.884 446.167
439.730 119.607
188.064 34.192
267.144 242.475
411.047 375.376
213.261 437.986
116.259 384.584
151.626 207.616
60.123 69.111
299.248 300.244
206.547 411.108
423.032 262.104
385.554 30.674
249.502 392.037
168.800 410.585
305.633 183.726
147.545 480.558
173.593 434.973
149.031 473.544
368.480 355.774
469.540 489.572
462.016 32.328
429.397 492.730
381.091 293.157
312.800 43.517
434.406 260.568
445.198 375.578
166.239 130.508
311.132 394.882
270.309 167.326
8.723 239.833
40.290 314.967
451.064 456.547
50.568 151.066
84.637 348.480
342.448 214.895
465.448 203.434
388.306 38.417
68.367 364.218
159.044 215.382
116.181 300.712
65.373 287.480
343.246 326.373
1.366 265.321
56.419 172.600
302.081 438.554
339.264 80.602
424.599 72.163
386.294 442.579
249.307 121.696
437.319 182.295
281.264 247.813
20.953 53.577
191.247 469.559
375.479 56.657
94.185 53.671
370.257 336.381
316.557 299.844
321.777 495.240
474.521 158.595
483.693 432.539
163.255 194.136
349.777 364.703
224.980 204.149
426.748 462.076
358.246 424.529
405.164 203.821
300.523 270.331
132.679 177.775
72.486 106.986
215.865 460.157
499.499 156.321
466.794 481.456
114.517 75.931
317.242 292.895
116.518 45.789
488.726 466.379
494.002 259.985
485.130 26.463
399.723 343.681
310.517 344.017
28.803 104.382
19.007 26.415
305.536 483.542
52.641 323.385
161.292 376.660
306.968 341.365
398.592 423.686
394.739 252.937
147.092 476.672
148.949 90.817
373.120 200.113
92.894 7.330
114.153 324.667
235.761 291.370
114.043 286.719
0.999 356.799
218.576 212.736
195.250 260.978
423.162 31.750
46.793 168.310
248.080 427.640
124.909 24.934
435.663 491.252
178.965 381.101
326.044 100.762
359.089 302.738
466.080 477.399
178.838 52.746
44.642 489.484
142.865 438.857
365.025 255.449
268.742 359.671
121.809 280.041
17.327 314.753
21.937 396.154
279.795 93.630
77.152 306.069
454.405 21.312
67.880 337.626
158.116 150.862
404.276 234.739
395.131 364.590
282.556 246.779
353.506 383.148
68.709 81.925
398.219 12.156
471.713 241.536
146.661 11.821
195.131 7.595
54.293 96.261
380.527 3.991
167.982 372.783
343.845 111.095
40.863 408.996
43.001 342.571
140.975 446.912
151.524 73.946
289.974 117.837
252.458 205.432
201.526 40.410
17.906 307.932
257.591 215.806
121.951 155.239
253.354 219.236
477.333 177.361
488.934 318.631
416.511 435.244
486.932 83.913
227.904 89.676
98.065 177.558
68.934 112.189
66.122 282.808
220.332 6.756
102.995 297.523
29.199 88.707
78.889 324.931
32.328 327.413
392.295 46.043
340.984 135.085
23.002 196.784
422.516 461.362
219.883 336.064
300.978 499.390
286.271 379.121
473.254 382.303
378.920 195.710
453.458 106.419
128.513 118.354
273.652 46.791
471.421 488.717
230.153 130.824
366.615 122.531
72.353 114.364
281.249 364.414
445.408 68.828
272.790 264.013
116.641 192.896
419.203 326.061
205.265 7.442
460.866 77.008
238.542 9.549
145.153 277.407
175.379 208.868
450.883 482.505
489.119 308.423
390.410 303.651
305.186 128.749
197.515 248.184
427.399 377.799
452.858 493.526
119.975 160.056
199.302 350.546
462.218 473.318
53.751 290.944
458.725 97.523
222.555 73.361
270.560 7.261
224.314 20.964
354.115 306.859
140.338 118.553
102.983 271.320
113.596 190.468
418.665 75.406
82.273 128.112
27.545 293.728
211.010 289.714
72.894 333.009
215.979 135.653
428.502 490.960
126.303 443.030
490.649 347.037
304.443 240.057
487.651 28.852
204.185 205.861
94.528 155.244
406.679 84.477
155.170 410.232
464.434 335.131
236.029 461.871
291.563 354.959
158.363 209.121
314.665 155.614
193.604 40.498
228.938 240.002
3.044 304.187
459.683 493.431
79.240 248.298
165.216 111.931
68.795 19.981
