13.210 337.607
239.426 412.888
20.893 374.957
227.827 259.848
283.772 435.937
276.612 111.298
226.196 307.769
90.440 1.987
452.317 271.836
99.271 422.622
243.574 420.378
425.433 260.252
322.201 384.754
207.938 87.517
250.168 44.705
294.261 93.090
351.415 290.696
295.493 154.967
38.004 314.625
77.833 401.392
355.124 236.977
37.154 173.612
5.081 198.176
244.688 127.609
412.618 248.953
343.891 407.565
21.497 414.578
288.372 308.645
122.286 251.050
162.528 377.600
271.275 32.006
378.269 360.705
264.010 157.920
148.250 255.672
310.792 252.453
486.568 396.627
35.460 176.403
431.232 205.545
495.099 156.160
369.668 373.062
418.391 396.205
108.090 365.374
287.226 386.639
295.134 18.570
316.546 8.862
207.841 431.577
299.921 47.938
399.952 85.964
89.990 327.693
488.385 395.596
226.250 113.333
1.514 104.911
259.156 13.256
431.838 285.734
483.573 454.609
474.531 452.402
457.535 420.008
397.881 195.771
462.156 26.934
453.731 167.980
154.626 374.429
374.154 105.264
92.608 457.902
437.187 347.745
460.638 476.775
238.303 369.013
435.217 165.240
41.668 211.263
364.166 52.244
317.645 62.277
261.530 278.872
195.764 23.795
208.084 257.994
1.304 210.680
176.216 294.939
97.727 249.690
220.912 412.197
349.163 214.082
100.468 173.729
85.364 316.484
74.821 232.066
129.853 133.320
97.677 402.919
214.386 35.250
214.236 136.125
275.359 201.573
301.072 402.321
242.632 488.627
259.450 266.878
192.931 100.602
456.337 23.512
89.544 45.072
291.033 102.238
160.127 383.157
135.419 285.489
345.760 366.288
170.859 358.512
66.769 53.398
58.880 190.154
404.286 409.963
156.336 399.628
389.617 263.116
451.731 260.066
86.836 432.569
54.665 227.826
471.435 249.234
144.453 325.443
98.766 197.091
413.485 420.816
251.888 262.042
439.615 10.394
421.202 454.067
54.832 133.582
256.761 86.293
284.099 108.018
99.546 31.361
296.065 419.213
98.596 427.262
221.183 365.362
288.838 165.159
490.905 328.161
238.710 308.846
347.227 484.610
374.301 268.678
329.256 159.636
160.033 231.775
342.825 266.237
296.309 86.038
298.234 196.415
492.097 325.386
457.906 84.432
463.896 252.276
473.510 326.720
370.167 498.517
297.575 219.334
369.454 319.990
134.097 384.241
224.960 473.537
211.292 179.996
477.637 24.495
252.850 138.600
299.485 248.626
216.832 213.203
200.231 217.564
215.862 446.627
206.002 219.395
198.023 479.249
399.927 176.965
248.434 100.739
466.334 266.690
478.270 402.820
157.426 381.085
67.980 58.534
301.517 446.982
126.561 258.977
219.866 216.054
401.802 275.847
326.985 15.201
56.772 446.382
157.699 149.889
63.157 361.463
491.803 133.992
275.871 126.731
104.979 199.670
466.196 491.312
453.129 240.203
197.173 108.880
416.600 400.244
340.927 219.513
177.558 19.481
116.386 45.478
175.585 240.337
93.992 254.762
153.572 293.104
297.674 232.284
52.444 357.528
296.717 168.891
76.724 232.335
308.117 52.165
440.364 205.228
246.020 34.892
459.330 249.487
140.062 417.762
179.054 146.445
153.582 285.700
393.862 35.331
465.719 496.208
267.838 110.129
497.593 198.643
293.487 110.944
138.858 128.157
472.209 407.343
293.428 267.281
131.129 349.033
179.244 366.667
389.285 262.360
201.077 251.136
362.024 410.308
159.827 418.186
356.758 491.361
290.840 314.656
95.031 332.006
325.131 166.733
100.024 381.361
177.426 65.086
353.036 375.022
221.722 222.336
382.655 207.081
275.191 34.289
363.026 406.079
383.233 346.277
156.337 374.291
248.142 37.244
231.189 481.319
160.211 22.800
155.094 445.183
196.790 151.117
315.325 78.036
210.349 216.463
106.392 20.948
439.002 349.836
112.206 126.675
96.519 361.610
65.582 39.867
279.131 146.965
420.634 444.308
123.895 90.434
29.359 485.843
147.853 319.165
338.311 279.672
17.985 56.908
50.180 64.913
189.257 421.280
339.940 437.321
369.606 353.849
325.292 256.023
390.682 338.335
155.063 252.917
204.534 362.390
55.737 378.857
386.018 328.342
392.952 228.790
199.440 166.249
141.161 152.415
13.914 114.257
375.496 204.307
178.322 303.191
325.600 319.827
206.346 428.238
10.611 319.652
306.167 214.489
468.837 370.761
462.649 0.379
139.779 255.609
201.955 191.574
232.879 58.195
281.863 425.297
201.261 412.075
158.886 225.949
459.598 403.635
364.944 233.121
20.379 243.410
115.630 271.961
462.231 144.677
127.215 403.285
397.178 416.271
128.958 203.300
154.837 176.347
223.525 253.399
447.435 289.774
244.610 173.399
60.970 26.997
146.595 166.124
183.481 367.445
256.015 20.887
433.327 138.716
80.802 315.051
436.571 209.655
356.601 73.993
365.088 100.112
313.254 147.936
397.638 23.726
50.910 475.450
161.063 262.021
21.317 212.362
298.177 111.746
113.225 391.009
371.278 72.136
125.612 79.063
297.757 399.895
376.658 346.304
142.944 73.189
3.638 435.781
185.182 164.910
204.663 128.391
69.830 170.309
301.902 112.288
214.999 443.020
495.539 151.113
172.695 227.453
121.938 301.483
146.900 35.212
302.981 5.115
20.237 285.933
78.680 386.593
11.228 226.190
262.829 55.457
165.063 462.827
201.234 271.611
96.640 466.609
20.505 149.590
292.875 143.376
395.053 53.963
143.676 346.808
304.331 181.433
439.483 34.068
169.179 414.268
148.162 223.022
466.232 439.203
249.918 18.906
27.232 452.238
290.377 455.711
252.357 74.692
130.996 273.770
8.407 68.108
79.602 453.467
477.278 314.937
45.433 59.971
480.728 227.356
425.160 7.770
247.242 337.711
460.238 160.807
477.763 492.957
497.327 326.934
241.016 113.209
260.141 181.682
172.704 280.631
26.478 9.230
437.976 332.292
264.806 375.160
221.314 342.893
236.994 133.286
436.252 41.501
87.294 323.939
111.894 454.936
459.963 130.272
177.087 22.771
225.965 116.070
110.672 392.764
269.297 86.808
71.017 203.268
17.006 19.671
268.261 282.357
116.085 440.835
456.217 36.604
234.736 498.376
180.621 356.466
416.141 263.113
320.932 324.898
63.762 413.369
220.895 359.415
418.022 433.621
190.340 482.719
496.535 358.304
119.527 189.487
425.207 319.099
102.131 142.687
477.979 7.485
2.033 300.052
268.679 129.950
183.553 319.078
493.177 81.534
289.521 451.076
37.116 7.392
12.973 420.709
399.402 60.311
305.930 14.241
416.124 51.595
115.300 496.585
111.907 327.491
31.841 88.593
129.770 364.122
339.505 221.319
379.793 492.428
233.355 71.356
17.909 76.992
402.228 368.614
60.026 201.313
305.596 369.860
209.022 225.120
324.724 96.020
419.175 439.208
205.480 432.814
392.422 285.732
274.538 373.109
210.643 197.243
58.706 217.292
114.634 192.633
74.522 51.427
418.659 212.677
101.860 341.381
14.980 285.092
260.944 43.011
211.962 469.532
34.149 92.323
331.130 412.054
251.302 196.770
468.558 284.872
202.694 248.235
401.807 329.270
186.566 421.922
378.633 281.027
74.863 181.724
242.472 482.253
52.261 437.616
68.075 12.501
219.087 220.366
366.518 213.884
43.528 39.160
264.723 290.914
32.851 0.622
463.050 18.990
271.186 59.224
176.727 498.458
349.089 153.948
473.057 397.199
349.459 68.069
442.539 480.092
119.354 17.146
211.246 176.439
102.241 77.825
360.141 70.314
496.247 472.491
466.280 54.086
276.479 392.664
476.753 311.774
309.718 70.536
333.696 250.156
147.140 220.777
481.984 322.550
355.761 183.139
222.933 373.785
487.300 283.445
11.750 198.585
100.207 7.434
138.462 423.727
123.390 223.250
182.887 178.586
390.884 398.424
130.755 355.120
244.395 76.612
279.560 223.889
97.436 183.854
402.715 312.819
278.598 374.244
491.150 120.209
447.253 246.057
473.128 48.326
401.486 14.978
327.678 142.167
83.534 49.535
281.892 365.517
94.674 338.365
236.432 32.316
471.934 75.082
408.492 363.115
179.687 255.859
401.029 375.421
143.050 194.007
369.715 167.557
313.363 428.133
103.885 295.587
202.053 44.573
492.235 290.456
465.681 453.817
243.498 453.154
132.229 130.866
164.164 258.764
156.167 376.676
64.422 449.789
230.248 491.530
465.482 283.966
132.044 108.881
486.484 51.209
175.293 476.850
237.685 207.081
475.122 476.195
86.529 290.254
81.339 265.266
39.762 422.738
411.315 332.077
6.576 261.458
76.770 231.345
109.587 271.437
358.205 97.451
125.573 469.383
477.700 360.786
185.426 258.122
80.390 186.328
363.015 303.056
320.319 391.893
117.526 348.892
166.994 363.538
264.342 211.612
438.259 259.443
290.400 200.358
104.290 207.120
466.740 475.967
235.950 143.995
104.511 82.812
211.620 434.814
215.503 159.428
419.459 446.199
389.106 305.673
342.397 198.374
499.776 319.518
343.907 473.070
346.180 409.872
245.485 141.305
337.338 280.269
93.543 372.567
172.489 104.695
475.619 274.554
277.773 89.317
66.506 149.152
272.207 228.756
121.034 223.761
105.829 364.071
158.911 51.390
68.108 195.745
333.245 80.065
257.478 176.097
145.667 194.750
454.748 52.185
119.519 464.055
448.267 40.671
164.469 8.238
475.767 189.361
273.139 441.807
340.757 192.295
41.126 320.307
304.112 307.377
255.082 85.333
30.141 489.003
478.446 0.513
209.037 290.848
139.908 384.843
347.882 414.075
374.838 72.223
172.723 20.634
248.990 436.864
211.370 240.709
279.137 249.278
63.964 182.685
270.733 5.773
166.050 412.548
454.145 272.577
100.268 113.538
311.733 489.433
381.369 5.285
472.046 19.200
126.314 372.245
154.961 45.423
152.977 436.680
206.234 389.678
88.395 22.918
438.637 88.699
471.732 117.547
183.613 21.004
33.686 169.658
403.189 481.425
51.341 121.088
413.928 94.977
123.884 284.746
68.244 403.773
68.674 94.788
362.399 76.675
413.068 144.276
393.813 83.939
392.218 74.651
136.529 454.376
36.143 164.197
383.779 278.622
286.328 136.960
406.225 110.004
115.249 323.759
74.639 188.855
208.222 207.549
483.818 346.303
158.739 391.299
352.560 306.101
270.132 101.187
348.819 482.590
14.472 259.329
340.149 172.414
477.815 110.089
377.178 116.286
217.324 64.168
337.380 400.548
291.477 333.143
256.028 80.751
455.100 384.820
13.047 232.187
161.223 314.233
342.121 16.708
391.306 350.257
181.376 8.300
36.349 165.029
492.691 122.262
472.195 195.876
364.316 411.916
94.542 125.280
28.803 194.719
275.884 258.557
117.272 374.546
8.794 186.356
59.867 252.196
83.316 348.819
228.030 103.013
331.246 405.274
13.890 440.693
493.829 20.627
173.605 25.804
130.817 214.541
215.390 363.749
