129.457 50.899
442.442 125.276
131.341 299.061
434.029 75.265
361.095 118.418
250.922 112.581
17.411 439.929
237.351 62.302
475.562 403.548
321.401 432.257
375.610 42.441
132.096 336.606
262.565 430.327
452.636 296.329
255.962 307.367
207.471 237.368
122.067 233.685
69.558 400.788
365.122 84.823
11.694 106.974
376.415 277.816
238.349 76.542
438.908 176.534
377.737 455.947
323.617 185.246
465.552 328.077
298.428 182.285
247.689 238.690
77.987 174.551
259.682 116.905
75.160 9.916
385.749 438.402
78.989 246.200
423.194 69.272
254.314 498.661
23.680 113.537
406.618 451.159
243.553 407.520
246.883 359.702
119.271 126.423
316.292 447.949
492.220 37.681
180.257 160.005
378.939 333.224
361.797 250.067
492.716 287.632
255.805 31.741
332.167 253.316
198.114 426.043
181.042 497.127
46.094 300.522
285.391 32.432
83.514 71.114
483.793 95.330
27.096 347.246
257.151 450.334
421.602 329.479
440.363 188.063
118.642 491.082
406.859 116.196
173.475 482.524
419.872 310.607
465.663 430.611
478.434 94.650
146.951 112.692
339.979 223.791
12.958 111.860
1.983 403.799
98.839 456.510
65.346 66.982
356.693 11.390
389.580 232.618
72.687 493.022
444.825 420.854
310.406 342.118
461.583 488.482
190.890 395.893
334.836 241.126
407.970 19.696
384.740 269.586
153.803 461.648
219.487 381.265
362.195 287.329
49.241 72.006
166.135 115.117
108.582 419.289
408.306 189.604
467.753 284.978
137.262 248.770
55.198 51.312
110.024 257.440
215.689 255.189
143.702 57.777
291.097 0.647
378.972 66.536
330.338 329.982
34.184 23.449
308.898 463.149
465.369 97.275
447.878 43.635
24.852 79.983
290.656 298.070
147.603 266.706
361.218 274.640
232.157 161.290
409.699 360.188
274.239 427.259
175.452 21.662
232.930 231.016
452.533 93.488
57.161 247.199
158.928 153.460
142.213 318.637
221.385 493.751
433.578 62.100
381.896 293.707
338.242 248.091
309.076 46.246
185.115 15.108
124.164 70.849
384.128 93.869
100.360 233.777
256.060 426.987
305.602 450.106
49.019 248.843
220.869 426.373
165.043 383.334
422.423 179.712
16.737 163.409
115.147 226.027
293.380 164.489
325.284 120.684
129.608 440.772
482.524 35.265
272.486 277.178
314.267 101.180
121.580 319.530
136.930 488.736
401.070 54.118
494.282 426.237
279.652 133.791
378.917 448.944
43.036 202.472
271.340 249.279
211.224 470.528
40.742 373.666
4.972 287.178
50.439 60.321
173.462 193.918
133.228 290.046
377.362 16.537
104.566 392.637
210.983 274.009
419.727 275.799
173.544 323.103
493.653 206.999
373.165 201.193
387.979 335.376
305.579 180.398
389.950 220.092
57.941 336.262
220.868 146.947
134.111 447.399
99.700 314.653
340.059 225.374
190.640 293.309
218.761 368.482
409.018 35.617
117.199 149.043
113.313 463.446
230.829 64.985
270.303 46.916
155.838 350.375
461.562 45.264
310.892 495.122
244.022 198.222
251.230 277.392
7.838 27.213
294.583 257.988
324.116 343.368
387.575 72.811
341.332 364.012
363.159 75.792
73.241 98.313
80.802 119.679
108.439 187.225
291.606 106.924
157.963 213.427
402.723 147.916
74.424 106.599
468.507 113.897
244.839 50.886
240.348 108.260
451.102 336.477
356.252 23.240
276.091 459.339
319.209 271.401
218.148 269.746
462.877 485.390
255.746 18.950
67.700 408.534
150.341 138.472
284.013 412.382
424.504 456.130
438.070 49.304
62.933 337.166
195.371 208.727
178.582 47.986
364.226 57.559
197.083 124.469
435.985 24.208
311.919 394.182
32.987 472.171
195.844 77.260
83.930 21.923
320.432 297.232
350.541 267.373
434.542 196.811
277.014 284.748
259.633 268.374
465.332 264.190
417.975 34.464
436.073 172.645
63.810 278.467
385.862 15.198
278.254 321.153
444.594 45.650
2.249 224.968
224.333 122.830
112.465 440.142
77.710 115.893
101.432 425.181
18.548 475.870
74.990 249.999
479.315 38.615
486.789 423.488
234.043 315.536
436.256 332.383
434.198 151.428
411.910 155.841
313.444 125.644
330.622 171.962
53.785 495.131
465.605 231.203
282.371 262.591
176.695 179.480
351.924 120.111
400.137 405.108
175.249 383.761
78.757 292.623
405.320 416.977
397.393 13.595
197.801 437.784
194.975 47.217
325.605 71.827
228.376 447.086
298.799 235.441
425.730 62.369
474.660 58.808
59.010 440.030
460.005 496.568
121.263 198.627
97.946 256.377
211.711 170.995
100.586 368.556
473.469 362.406
295.868 218.516
131.130 97.390
381.276 468.433
415.218 454.919
14.448 40.887
369.163 129.269
260.926 315.659
18.069 479.221
439.510 0.394
114.965 103.521
415.087 428.384
117.802 339.535
67.061 130.429
56.997 135.742
199.717 190.175
37.697 362.649
120.796 214.851
216.344 489.060
418.467 427.142
88.709 488.047
262.904 472.705
409.532 475.629
254.596 466.453
407.361 294.735
97.498 111.343
260.135 256.574
170.909 351.008
102.846 347.171
287.114 375.312
242.114 319.766
434.603 359.519
105.566 167.129
31.468 436.371
19.793 216.325
375.287 172.201
32.694 240.621
36.539 205.933
109.151 100.024
395.001 53.449
234.442 113.130
292.222 78.552
483.000 292.343
454.498 422.448
140.466 363.951
21.777 116.076
327.983 371.608
161.902 485.225
365.689 271.241
224.209 297.172
27.934 393.220
492.152 360.725
145.641 402.176
463.886 272.662
336.185 108.020
260.436 434.810
47.433 121.211
65.260 435.703
390.052 28.284
42.968 59.631
204.962 20.510
421.815 169.117
495.376 187.969
34.543 326.390
116.913 21.311
113.379 216.605
277.608 65.837
332.183 278.900
32.317 320.415
263.436 293.984
466.615 60.448
154.037 37.947
47.926 300.666
383.410 419.176
290.882 460.983
350.096 415.385
105.151 266.534
359.256 220.780
110.987 54.649
292.790 173.236
329.626 182.467
33.642 160.048
388.547 248.483
80.297 402.944
286.162 248.494
133.233 376.586
385.130 215.583
490.347 334.619
163.665 111.914
87.690 111.486
477.526 52.757
317.531 356.041
367.452 451.195
355.215 426.376
244.788 417.066
281.840 204.559
399.058 225.899
279.385 133.598
114.653 84.665
145.083 273.903
202.194 233.407
395.671 222.083
378.415 272.526
99.879 274.337
353.973 253.833
447.963 209.335
91.064 488.588
155.575 323.866
331.440 409.870
79.970 401.973
438.756 222.506
23.090 292.480
270.042 416.375
203.990 64.862
154.534 365.785
130.170 247.478
25.637 44.835
422.558 45.331
322.516 256.990
452.316 372.273
467.975 35.634
179.410 365.936
449.911 364.566
310.538 426.527
49.047 71.931
197.596 437.913
303.339 309.461
125.589 198.313
288.680 474.531
400.509 129.804
275.882 67.471
28.783 317.042
200.895 169.756
307.391 5.926
309.081 206.346
483.060 455.676
71.127 42.698
93.879 482.780
162.660 2.349
316.215 253.388
133.172 309.303
125.798 248.781
98.984 287.467
391.957 229.520
176.787 462.319
153.545 409.146
176.967 326.680
175.072 126.958
112.445 290.953
299.142 427.533
297.266 412.144
35.062 236.154
283.643 381.790
291.703 285.200
353.423 334.463
67.705 95.721
0.708 62.606
219.982 328.222
353.598 196.569
154.892 37.773
416.529 212.986
101.996 66.888
431.858 316.549
352.097 50.267
89.152 154.159
2.188 434.616
247.877 452.586
38.926 334.035
120.059 269.034
6.407 6.092
379.083 441.500
323.084 406.404
277.720 380.525
329.670 498.133
22.830 475.897
73.166 189.842
142.158 56.933
116.915 112.255
492.544 180.924
494.403 39.023
403.088 345.559
366.012 172.898
291.677 256.465
426.839 38.031
280.927 124.356
104.580 47.191
294.044 195.998
327.510 304.966
360.996 395.873
439.414 306.362
427.369 257.700
298.439 183.110
31.201 198.418
423.424 364.110
327.188 242.422
72.610 55.707
0.522 243.213
208.199 459.146
100.561 184.959
386.767 147.828
250.730 308.206
80.184 379.978
60.050 237.749
202.178 159.720
88.837 426.375
361.851 205.513
48.249 215.675
278.302 224.278
433.847 397.039
48.089 336.062
78.770 492.604
192.956 411.819
321.892 380.108
8.019 228.644
274.698 227.967
61.382 290.943
465.268 138.467
184.208 182.186
413.712 236.865
245.396 166.669
266.253 460.404
410.871 112.032
434.987 71.592
431.845 345.855
133.657 255.448
292.007 412.983
41.016 484.539
246.383 437.729
28.723 96.394
147.147 295.432
9.562 412.090
102.074 486.873
119.913 218.837
47.815 149.210
152.643 460.747
318.147 293.697
47.044 174.428
52.111 497.796
251.611 117.535
6.595 240.191
87.904 320.619
10.303 268.848
281.247 454.404
457.988 459.779
37.024 337.157
297.318 156.198
472.167 189.529
93.998 252.255
411.212 298.554
357.547 212.748
163.754 488.547
497.616 467.381
71.921 150.932
97.666 437.088
42.646 39.145
380.919 442.400
496.315 31.286
50.604 275.959
272.496 472.109
420.170 297.742
209.372 436.145
349.858 293.483
36.138 337.534
440.899 219.041
122.019 85.285
12.057 20.963
237.324 46.085
240.889 495.573
207.947 141.221
197.441 130.694
330.928 143.920
293.709 389.641
395.964 34.874
73.586 69.634
258.457 487.258
70.927 101.916
458.322 354.891
118.602 286.536
252.309 251.163
341.988 194.350
63.220 242.992
236.497 451.646
248.821 287.771
312.868 27.535
320.211 338.182
464.384 152.214
207.765 309.282
233.564 316.947
93.392 342.809
211.338 147.652
268.249 319.591
204.997 434.510
351.714 470.086
494.485 4.463
457.603 381.357
245.830 460.748
477.131 36.641
116.232 33.038
418.253 154.667
252.805 251.568
382.356 352.206
177.704 38.534
405.383 201.209
147.119 495.678
429.886 495.371
71.399 464.022
70.305 495.791
173.594 157.848
411.599 277.688
401.176 112.797
436.993 279.256
456.165 242.690
470.065 368.022
209.822 356.704
356.106 169.503
445.791 232.184
383.378 212.204
78.152 380.974
66.706 49.285
220.116 238.933
14.475 71.548
160.048 255.618
74.303 499.908
255.766 257.752
130.901 182.369
317.298 31.618
157.861 416.385
235.808 475.649
113.410 279.569
416.943 379.766
272.933 129.800
284.736 335.219
360.564 395.632
175.684 8.837
452.708 364.627
371.582 205.841
190.206 489.235
399.022 98.637
239.344 347.026
396.259 432.288
349.033 31.834
55.401 209.346
475.404 51.033
431.004 242.936
338.156 18.380
283.814 445.995
254.571 135.456
45.076 193.778
220.394 485.903
263.898 223.610
476.583 6.544
20.758 346.665
2.656 445.718
391.482 89.821
421.549 488.772
148.741 379.191
91.709 331.961
476.483 380.751
195.140 498.154
484.001 78.318
