462.482 135.027
62.333 101.113
411.030 286.853
260.194 425.572
448.917 187.744
25.981 380.747
44.498 311.075
207.140 479.276
436.145 409.953
396.639 356.311
397.721 182.938
119.024 218.703
411.303 345.541
421.418 227.940
384.729 137.734
437.915 226.926
341.741 157.607
282.203 7.375
424.414 18.979
297.716 276.368
418.850 333.418
392.746 286.859
44.052 459.000
151.711 204.415
190.776 389.145
480.355 34.264
312.748 367.896
301.606 284.223
433.645 437.788
485.100 419.739
342.998 171.348
462.058 32.370
417.603 53.559
136.975 364.668
178.222 413.502
257.995 79.575
465.844 250.481
491.343 417.118
62.794 344.139
82.877 43.003
262.478 80.291
6.832 211.348
412.863 44.163
257.031 134.193
285.189 140.577
411.661 41.336
475.648 296.009
482.877 403.652
179.765 37.973
82.842 293.398
265.726 101.750
426.670 326.264
285.665 137.814
267.774 286.394
488.072 48.417
304.723 334.708
302.526 144.425
118.578 416.083
102.142 18.758
279.891 177.955
362.689 264.385
227.748 396.153
77.461 377.337
38.723 325.586
331.005 38.887
174.094 261.426
253.671 497.661
77.813 70.978
349.877 27.289
120.500 185.229
122.082 149.714
276.665 444.244
396.231 243.902
128.582 93.523
364.743 93.563
380.759 7.197
270.119 418.511
96.716 81.913
387.943 468.299
220.312 229.601
287.052 71.481
354.029 409.959
336.952 171.714
71.024 222.080
215.976 429.064
302.846 419.360
289.178 59.047
292.933 160.582
296.185 92.428
88.930 428.979
304.444 488.268
12.549 453.054
322.819 363.142
149.215 0.849
253.968 381.574
160.588 176.380
365.930 264.773
213.650 49.848
153.877 431.502
380.591 310.785
419.029 196.165
298.574 363.064
266.105 134.736
491.279 241.819
299.709 205.619
290.855 139.780
455.341 114.401
128.811 471.626
369.888 45.787
234.400 70.454
174.368 284.106
241.294 260.101
79.910 485.761
316.430 451.552
447.424 435.329
344.696 175.199
356.986 276.072
157.256 269.909
239.967 121.103
79.270 245.380
72.307 443.361
336.679 185.135
414.642 338.208
316.316 433.211
79.531 348.218
229.775 128.369
191.626 91.859
242.378 367.073
96.939 357.117
43.739 389.872
226.268 265.598
380.764 455.043
7.904 247.765
442.354 123.505
253.974 131.315
282.114 45.576
241.737 107.145
31.366 176.899
266.686 470.816
105.584 37.901
293.470 139.926
196.601 414.045
293.954 261.141
289.680 342.139
2.197 32.693
450.940 223.816
345.012 384.916
51.242 179.885
177.526 404.847
141.981 94.892
447.658 230.189
167.795 466.503
362.990 438.224
86.114 308.578
32.795 356.469
56.974 236.090
368.735 249.497
95.367 405.965
75.314 437.941
371.038 5.733
458.111 445.338
313.485 61.781
334.476 4.240
299.461 249.209
198.800 385.505
336.388 81.153
30.525 153.853
161.570 90.938
402.773 327.309
332.774 144.804
38.855 185.572
435.958 154.200
482.846 58.480
474.398 252.840
92.613 32.999
82.179 372.589
191.473 49.184
402.041 225.874
492.267 350.360
212.057 199.908
298.565 196.157
264.290 275.163
44.907 400.042
61.594 423.937
0.158 404.927
290.213 483.277
414.925 361.448
233.117 8.103
478.437 475.969
499.044 433.040
368.907 404.061
399.739 443.946
325.922 373.143
151.357 295.968
366.575 447.195
380.414 18.430
390.412 209.986
371.528 138.912
452.873 306.879
398.942 260.781
213.499 409.031
480.688 112.727
205.077 291.426
399.881 476.848
21.866 121.786
262.365 94.305
201.797 296.445
149.272 124.117
133.124 206.219
154.743 227.705
321.642 488.201
100.895 198.432
124.424 154.752
389.107 34.509
80.844 99.597
488.114 169.282
52.638 333.337
359.123 314.893
234.265 374.545
256.977 88.125
28.136 346.670
330.738 150.954
192.731 241.983
150.059 239.589
118.965 157.814
289.217 326.245
190.353 156.810
252.763 469.411
73.505 17.317
222.944 317.280
275.496 92.742
12.030 90.364
438.153 81.030
178.646 349.565
488.687 216.137
38.491 183.967
488.384 155.065
281.655 306.669
463.292 361.563
130.376 445.821
303.044 49.731
179.236 237.645
332.181 328.917
228.032 284.858
449.441 341.740
270.519 153.195
294.761 390.388
329.743 146.680
316.036 412.953
431.662 335.718
84.706 169.984
296.154 329.314
191.566 453.666
477.081 420.641
82.481 35.237
117.340 394.380
435.979 176.939
442.494 134.642
379.013 169.259
469.800 446.539
446.111 81.740
217.261 27.468
33.005 189.598
343.974 359.452
101.580 51.086
436.535 441.768
388.275 228.228
105.702 430.104
118.879 151.940
129.012 150.395
79.257 13.453
302.941 276.868
101.723 228.048
308.608 402.138
295.354 65.914
188.386 276.672
38.893 63.727
428.685 483.590
85.480 221.816
125.085 133.000
195.589 295.459
101.757 362.486
15.237 201.318
201.367 385.446
360.342 216.726
221.635 127.683
47.297 277.815
215.617 413.688
382.273 27.243
205.854 126.287
396.316 461.564
334.649 202.044
196.597 473.902
67.910 394.595
102.482 355.935
53.433 80.973
424.578 210.044
272.097 139.426
492.898 47.834
73.044 141.065
99.708 140.521
94.681 146.126
304.444 378.600
104.895 311.267
112.204 302.533
53.282 70.583
207.474 269.450
485.922 55.702
388.708 434.706
432.269 110.846
41.361 280.928
216.930 193.331
96.254 245.348
408.316 129.587
446.193 164.521
449.089 83.551
285.209 0.981
355.286 73.134
373.551 31.246
372.859 233.246
492.496 267.496
460.501 289.181
419.748 140.678
210.263 376.386
307.832 28.731
1.477 317.265
190.948 266.116
280.938 366.739
65.336 30.997
206.800 300.794
359.168 496.958
169.910 163.404
212.009 109.678
92.160 96.540
126.473 252.806
39.324 382.597
116.084 372.165
331.218 173.177
423.045 176.905
283.066 50.638
295.358 264.951
472.958 47.703
189.862 160.360
401.650 419.553
344.182 462.915
378.156 498.684
360.999 106.188
492.511 144.300
257.000 476.969
218.644 21.025
257.225 227.688
420.898 346.034
379.882 338.829
145.849 127.899
473.606 54.303
278.768 398.909
68.116 377.394
363.777 113.369
27.759 284.050
285.998 4.122
13.328 133.289
87.756 465.058
238.570 33.234
459.361 229.887
118.793 323.968
414.629 232.894
107.392 271.233
317.537 340.869
8.008 109.912
70.611 353.592
161.940 8.665
325.008 85.937
445.386 175.641
350.414 289.890
61.803 168.276
464.642 281.781
46.376 360.321
459.294 281.532
488.265 25.952
331.756 418.080
78.256 68.964
316.427 395.714
159.089 337.011
38.918 137.124
153.865 274.355
67.656 463.720
129.930 52.173
293.196 484.066
172.159 488.630
208.135 316.247
403.514 379.745
47.658 474.424
302.638 130.579
147.135 49.174
379.133 446.720
39.982 334.652
391.438 85.356
214.212 69.748
193.151 170.061
149.834 310.228
335.689 223.701
160.839 138.473
117.475 486.552
308.777 271.047
363.594 97.974
126.226 50.355
278.067 45.447
238.538 306.919
337.704 255.863
450.508 68.349
368.300 296.434
212.288 110.074
120.232 47.093
421.467 188.684
195.701 180.728
139.677 208.853
211.137 272.543
265.335 228.818
78.601 121.022
486.098 12.378
392.777 436.282
423.561 119.890
103.566 365.230
135.371 7.891
341.794 335.003
64.164 332.348
293.869 159.686
352.678 348.524
271.309 69.561
115.497 188.307
466.881 64.934
198.323 218.956
101.684 396.221
213.634 246.294
285.245 78.256
157.075 178.846
98.603 247.042
33.254 340.716
322.345 432.067
285.196 192.733
241.505 236.462
37.289 297.718
266.257 25.927
280.085 164.277
242.860 314.131
277.247 151.883
388.577 403.882
18.630 441.776
314.907 439.069
175.780 98.174
354.617 334.709
491.339 399.138
322.966 141.856
168.919 314.084
334.298 155.089
279.489 152.720
273.931 301.564
259.207 476.875
171.254 434.200
8.561 294.593
423.002 287.705
64.434 414.133
445.319 337.767
76.246 142.161
453.762 168.384
17.256 124.334
186.080 340.728
193.411 330.991
384.158 218.973
278.173 293.000
279.707 465.182
356.890 227.973
152.870 436.068
205.362 253.440
263.760 98.735
262.655 351.151
179.720 80.274
410.388 206.192
205.275 238.490
127.124 360.775
259.895 143.989
314.351 301.964
349.022 34.799
423.146 12.032
417.981 451.269
163.913 191.533
263.251 236.877
337.005 3.510
493.266 4.973
152.660 195.730
142.141 18.097
53.190 423.954
393.532 313.966
121.258 393.482
296.542 306.914
202.073 358.267
113.057 289.369
200.212 62.052
84.880 219.350
74.824 156.349
88.977 201.631
421.522 422.651
32.994 448.044
133.522 127.134
236.846 297.425
364.164 153.719
54.067 373.055
340.324 90.933
52.136 375.449
84.015 238.152
120.645 72.110
255.666 420.453
225.698 207.226
125.572 160.500
460.556 427.246
40.664 402.514
495.756 289.059
382.369 476.301
317.720 329.338
227.133 471.860
87.057 73.870
351.897 335.886
162.290 158.212
73.257 423.970
131.141 365.770
80.980 453.033
190.478 23.317
446.973 490.977
15.946 437.074
307.133 40.130
462.780 89.498
213.076 147.220
258.351 23.237
136.873 454.905
192.761 263.863
459.567 81.290
25.109 19.902
282.892 298.150
493.775 133.064
223.119 359.234
498.844 111.481
264.238 374.985
333.673 0.041
227.294 359.708
319.503 283.295
455.049 288.594
124.003 382.501
278.840 72.821
75.945 377.714
297.853 185.130
173.422 124.727
143.303 321.638
332.396 193.016
404.772 33.887
37.516 40.723
419.625 67.717
278.464 148.759
32.419 5.427
397.810 211.125
275.657 180.202
4.638 130.076
3.648 100.725
84.657 120.581
489.377 224.250
19.121 30.790
274.836 60.693
310.562 8.650
33.619 426.165
363.176 457.587
422.400 175.067
396.323 132.270
278.454 105.294
78.192 10.088
211.939 224.874
298.543 400.880
115.593 359.344
61.025 280.711
293.402 77.355
359.616 209.833
167.962 458.574
193.163 426.281
100.331 213.061
413.835 134.113
234.134 427.962
257.653 295.777
114.796 399.304
415.570 317.176
156.278 490.667
337.616 337.482
324.561 137.546
345.494 297.349
284.035 423.407
121.439 108.149
158.759 205.553
48.012 167.933
428.558 23.889
397.012 445.663
317.775 436.198
137.395 70.111
52.706 190.306
6.338 182.223
67.477 400.513
88.671 319.198
273.329 498.839
265.500 95.015
314.193 187.907
20.836 59.063
263.514 284.075
132.765 429.731
239.995 313.006
208.848 439.913
224.738 74.129
134.235 322.972
236.584 318.197
380.665 445.007
401.387 363.790
305.513 200.877
266.628 282.463
108.264 1.540
322.703 345.778
404.497 246.887
226.772 358.806
179.512 418.796
409.669 368.637
14.347 290.876
