26.075 94.422
229.401 269.088
340.893 378.016
474.116 227.347
62.152 293.399
407.657 369.305
434.141 105.566
120.339 336.798
385.380 5.972
395.215 8.314
63.853 487.471
73.595 305.509
425.124 56.081
409.261 344.253
129.363 315.652
461.085 360.018
378.495 397.055
323.007 361.480
352.217 455.533
435.171 26.552
391.056 262.188
46.857 317.832
484.946 394.455
270.984 107.436
447.511 75.391
383.536 415.744
135.936 69.262
180.453 256.420
235.380 277.521
489.939 195.482
470.299 81.439
315.530 448.641
218.244 499.325
436.917 475.626
348.757 411.387
209.395 372.419
144.704 199.414
15.329 37.749
60.254 130.867
133.685 230.675
168.318 368.041
375.651 289.929
29.305 106.842
61.362 409.890
80.644 450.593
154.772 304.814
203.240 489.513
272.190 394.316
443.055 92.474
132.333 36.368
9.940 50.611
429.195 98.364
493.045 8.869
431.761 199.756
146.679 44.257
301.332 205.498
200.993 472.288
418.194 352.070
394.766 438.104
312.450 185.546
117.659 235.805
14.726 483.686
233.316 106.475
308.904 362.404
432.632 305.293
399.725 295.530
17.306 229.150
392.879 368.699
138.871 54.033
445.579 249.035
24.707 495.229
156.937 221.145
410.644 24.754
391.434 471.461
86.907 62.676
134.376 417.395
205.669 245.760
258.952 494.207
164.382 166.828
227.367 195.094
391.492 135.241
183.427 213.633
436.533 249.845
34.204 157.345
174.789 203.752
329.263 387.485
361.262 11.079
262.058 315.153
476.384 364.642
289.034 34.045
420.413 286.832
110.498 37.625
336.368 347.258
261.737 398.923
49.909 91.336
160.404 177.578
477.028 478.308
2.190 38.396
320.506 9.936
293.648 379.294
286.205 28.676
93.354 305.074
300.314 161.216
432.513 268.304
129.305 40.196
345.067 216.598
335.011 88.768
117.226 89.970
153.239 400.858
323.251 396.936
36.421 252.450
496.581 349.967
33.302 330.535
57.117 382.317
181.135 278.699
184.301 189.636
331.985 384.147
421.961 60.192
265.517 249.656
240.770 288.749
13.977 351.629
366.594 41.859
121.536 267.973
392.091 86.345
184.735 321.641
27.446 34.483
300.787 270.441
408.302 220.241
429.147 180.494
350.933 273.472
455.737 247.213
187.402 380.458
38.195 18.958
65.629 377.866
57.959 369.311
358.601 390.099
140.440 163.879
416.836 449.715
68.568 121.319
375.219 172.186
257.811 389.718
339.686 390.059
129.838 314.813
232.201 294.587
222.047 71.711
168.564 100.774
77.458 479.932
217.177 281.329
308.757 140.492
340.599 283.005
389.724 376.830
69.098 32.455
150.274 54.534
3.366 351.001
403.140 337.810
402.222 416.305
12.686 275.871
42.597 146.024
369.013 247.235
66.238 128.953
85.744 40.642
212.810 448.214
122.778 497.659
362.184 439.252
56.293 60.292
492.714 379.722
188.516 216.144
273.101 403.838
168.872 217.532
59.847 79.153
56.976 489.290
198.307 430.015
313.743 51.244
215.574 234.832
406.522 468.559
242.149 49.267
114.901 205.577
180.840 441.250
54.342 293.077
189.461 389.668
374.999 181.645
449.195 441.417
40.975 469.721
75.182 227.890
362.382 48.118
488.990 348.982
82.826 430.361
313.844 271.657
341.394 36.407
96.047 79.451
230.859 196.990
193.442 170.667
50.464 378.679
40.184 95.037
3.355 83.077
258.483 395.535
149.258 207.143
223.239 291.613
113.804 474.924
269.156 61.725
299.040 132.484
391.370 361.174
232.391 416.073
273.322 36.836
67.949 178.357
271.065 216.123
254.952 370.304
492.164 179.014
452.567 337.181
368.912 69.559
318.827 259.023
383.287 384.275
453.996 211.775
56.672 109.158
74.577 480.308
49.620 405.946
325.413 299.057
260.290 112.862
172.030 17.858
218.730 493.424
186.490 263.060
491.556 300.794
8.928 461.150
367.526 112.989
139.941 135.511
396.840 422.268
52.344 153.218
370.868 432.398
481.112 210.983
380.433 44.118
376.494 42.598
340.709 494.894
14.460 113.882
419.907 318.800
450.544 441.061
248.565 268.923
333.385 386.065
167.152 288.107
406.500 136.039
413.430 403.441
368.680 316.902
67.087 17.702
8.589 262.211
315.359 226.183
142.910 275.536
90.657 465.808
157.202 57.441
433.553 15.617
69.323 293.029
288.953 439.434
446.081 29.882
320.622 211.219
473.579 97.929
26.518 393.207
246.424 222.911
224.573 432.596
424.018 212.882
273.666 40.632
362.868 415.341
40.104 412.455
469.708 115.169
104.007 146.248
389.489 210.062
92.007 333.121
432.744 462.416
45.836 94.612
388.603 351.070
498.370 134.085
260.784 247.069
490.965 229.573
356.603 153.346
117.594 195.038
437.278 384.842
28.592 166.599
420.219 308.921
189.455 316.004
303.743 263.398
21.457 335.159
254.699 425.118
206.112 455.709
27.902 20.871
22.811 469.405
495.425 0.914
66.115 383.566
444.592 202.527
253.885 462.158
197.860 205.614
14.635 410.788
448.385 133.253
337.428 99.719
120.552 77.906
134.838 381.491
490.856 134.534
131.740 16.803
432.781 98.190
481.586 361.737
338.188 205.412
215.506 19.597
172.181 31.062
279.172 21.697
140.408 160.174
440.942 142.989
23.055 125.322
461.458 355.400
212.030 286.697
87.524 119.049
73.269 51.229
29.163 304.102
385.716 16.860
321.434 122.761
42.152 245.225
468.625 442.146
79.751 105.953
148.846 110.139
203.004 372.886
106.815 492.723
378.475 482.419
461.319 499.437
468.834 386.205
450.957 283.992
352.056 417.305
427.344 244.767
271.343 486.676
358.069 484.173
311.915 440.084
381.390 315.633
107.605 168.101
286.807 94.172
290.929 105.828
4.937 267.100
14.846 318.362
117.494 408.425
162.979 114.060
413.413 27.412
422.421 344.482
482.903 67.993
211.404 35.925
49.497 279.690
133.660 357.592
270.769 161.987
207.593 206.761
23.208 9.740
188.446 421.031
215.307 197.997
394.886 218.250
323.836 108.294
299.123 299.312
314.506 332.309
124.254 326.078
114.451 473.318
115.721 215.934
374.332 263.061
65.808 184.565
283.640 302.810
59.441 166.806
223.673 2.440
32.162 27.192
2.773 388.296
151.919 466.676
173.650 152.973
45.383 454.980
157.940 156.179
475.375 455.855
376.125 33.395
391.180 389.070
188.246 485.850
457.562 350.330
457.814 69.388
417.940 5.449
42.260 386.223
349.392 251.279
119.070 273.274
202.980 67.030
418.616 156.710
129.337 103.406
19.881 337.109
476.616 354.176
147.789 264.547
443.535 155.977
195.449 155.976
499.245 40.353
193.449 130.663
465.664 350.883
145.791 16.066
22.897 274.915
183.794 13.522
178.658 283.379
293.750 153.753
190.766 415.486
21.084 389.662
260.624 475.805
448.875 328.458
314.913 40.941
66.433 377.843
224.396 442.787
45.914 232.058
304.551 370.988
403.965 260.087
496.558 237.756
439.459 447.211
363.190 102.127
205.013 498.294
425.389 371.789
251.637 68.705
394.007 109.148
340.963 325.986
268.856 463.918
275.903 216.240
373.687 411.709
93.589 297.015
161.713 375.689
320.966 28.212
105.424 297.594
499.145 38.698
62.464 396.923
460.604 226.158
126.022 197.460
250.829 464.982
377.932 67.692
449.446 330.528
1.699 21.831
47.285 404.021
447.718 417.554
89.390 338.951
223.949 64.416
5.261 82.463
210.055 185.190
252.950 425.325
277.854 133.894
411.331 385.327
112.752 472.349
298.097 35.357
32.482 138.626
225.966 454.516
29.154 413.445
432.166 443.849
479.110 73.739
314.188 473.418
93.137 489.057
358.609 489.412
27.711 91.914
316.587 410.966
442.871 469.370
286.930 486.866
457.013 246.648
326.540 91.594
399.574 493.087
16.851 51.362
83.410 193.439
104.947 33.978
103.805 341.164
431.868 204.940
77.306 448.377
212.342 114.374
446.881 322.402
469.587 476.916
139.396 86.021
227.391 491.061
298.212 251.982
452.025 215.283
199.042 192.874
201.084 10.586
330.888 168.477
70.319 269.784
134.426 442.119
216.967 401.680
318.847 377.205
97.804 185.409
350.223 192.735
62.905 310.872
151.980 4.429
495.990 5.296
296.223 107.295
227.232 130.159
297.756 48.441
206.049 8.101
402.723 167.943
295.982 110.960
410.527 91.293
32.449 333.741
343.553 437.828
374.386 44.048
1.434 432.441
414.171 444.872
466.558 50.934
397.030 77.523
178.868 21.233
464.403 242.592
256.649 261.379
389.657 257.549
42.247 262.731
424.255 452.026
368.148 74.483
361.195 216.595
373.609 250.589
157.090 151.186
386.180 379.503
356.202 452.419
157.702 210.804
324.323 145.683
386.582 330.165
46.047 42.692
466.549 398.086
286.670 471.424
126.729 253.932
149.754 396.001
280.399 27.250
145.509 276.285
0.267 381.597
498.732 448.553
202.758 287.895
118.268 352.726
418.412 427.596
425.884 328.275
480.586 88.532
226.262 301.215
236.038 499.474
249.987 416.617
143.897 290.620
431.081 458.438
195.644 334.529
304.443 223.203
457.999 331.002
160.914 336.496
293.503 229.605
34.312 180.432
445.181 56.798
57.242 114.522
288.379 463.705
67.626 441.874
89.731 360.860
214.538 239.554
179.931 48.662
357.824 233.127
88.145 323.267
473.688 419.626
295.912 60.502
174.200 470.204
163.443 316.551
58.069 479.973
325.113 3.261
417.639 112.406
241.586 173.294
272.391 488.928
248.649 365.944
456.357 40.016
278.316 403.715
36.556 123.347
269.264 12.409
445.547 344.443
442.026 490.495
279.125 0.885
348.913 25.407
252.971 230.404
281.905 149.514
417.239 273.906
382.462 234.136
309.203 490.958
451.340 422.915
48.757 63.195
304.216 139.684
168.884 26.232
214.448 314.757
166.284 250.768
61.351 19.709
418.602 264.219
24.282 377.153
439.282 313.135
487.685 481.441
238.161 377.808
433.836 215.061
33.381 178.617
476.342 357.698
28.450 125.921
102.769 340.297
244.223 235.198
225.028 189.184
152.871 337.242
145.281 294.430
186.122 435.398
109.588 210.134
358.070 363.584
329.808 134.809
84.321 422.202
459.021 55.032
260.431 136.496
497.563 461.185
134.541 278.086
495.190 3.779
76.921 335.160
398.862 192.769
100.358 366.075
181.978 288.172
303.363 43.341
227.107 472.208
162.932 172.967
183.278 405.794
328.531 378.084
134.039 319.140
94.455 169.170
94.371 117.273
49.100 290.203
282.013 265.593
157.038 82.622
346.819 163.053
294.038 91.531
24.656 14.047
159.071 405.621
248.192 127.015
481.443 295.316
16.987 120.745
86.588 351.475
384.970 47.014
312.247 365.473
172.273 14.465
346.973 229.602
126.175 392.813
455.939 495.855
162.870 378.322
125.832 393.487
304.181 447.321
74.467 453.693
196.145 428.889
149.904 198.132
318.027 331.711
