369.411 397.277
61.060 219.248
395.037 137.153
85.178 395.198
113.814 108.362
342.692 393.279
314.518 367.988
86.864 218.312
320.134 260.886
284.764 117.662
221.186 7.486
58.603 22.880
344.609 200.385
420.152 91.443
486.114 498.775
60.399 155.646
259.484 128.235
91.012 337.300
43.619 448.596
141.786 132.344
496.531 135.485
314.998 224.965
31.212 14.906
32.669 272.569
30.274 371.858
219.111 147.966
140.703 169.659
117.669 431.816
171.059 284.233
410.214 20.586
416.512 189.917
221.468 127.290
51.389 218.805
148.319 22.814
164.875 308.194
332.015 478.355
327.987 106.164
6.379 178.797
274.537 231.061
284.269 430.963
370.913 69.145
37.686 221.300
485.411 464.347
245.390 213.501
253.740 8.885
193.595 92.685
52.142 120.933
409.342 253.762
81.383 263.377
87.045 164.322
73.074 135.383
326.678 475.870
358.540 292.499
472.121 289.583
312.260 73.162
489.710 273.273
324.124 366.588
381.809 13.642
2.886 337.069
74.393 483.358
7.786 35.674
32.650 245.837
88.970 460.511
195.158 499.939
333.786 489.335
167.613 212.990
492.544 130.830
234.824 97.362
42.098 56.035
53.452 426.959
278.225 24.069
233.760 308.370
394.655 87.420
160.110 325.501
185.606 293.846
325.323 362.103
402.055 354.717
226.315 479.231
402.280 129.230
26.588 485.101
379.208 162.126
245.609 87.799
204.026 1.012
141.835 63.008
201.808 57.686
489.022 46.189
475.909 253.603
3.340 98.532
382.327 185.377
163.379 414.378
344.676 47.588
33.552 421.609
279.310 223.792
363.636 471.184
171.247 163.425
86.818 83.841
276.805 139.549
213.777 95.714
318.156 238.982
244.402 189.032
408.263 220.626
462.292 220.594
385.208 421.065
304.224 140.679
16.102 187.026
21.566 371.811
144.863 106.861
467.441 146.663
319.459 484.957
441.612 397.909
428.072 351.983
139.945 491.824
356.399 339.958
273.594 169.984
204.486 44.210
111.477 329.450
182.416 320.515
57.843 69.680
370.981 469.832
310.463 398.311
146.317 53.761
49.608 255.396
333.133 342.687
149.380 282.047
317.914 111.407
49.250 58.769
269.805 111.342
57.192 2.478
92.018 330.812
183.333 28.301
365.197 67.975
374.155 225.431
177.393 184.097
470.409 17.072
360.831 221.024
423.888 149.367
41.048 74.457
144.700 397.252
477.639 195.237
442.829 392.821
111.751 180.759
296.471 284.525
178.681 312.072
159.788 389.799
293.317 94.228
397.582 156.602
22.905 441.183
381.130 343.562
54.006 289.557
480.465 383.660
249.908 140.717
266.250 393.026
368.843 392.740
75.973 87.186
93.278 273.783
383.099 126.439
137.824 343.098
3.461 113.149
467.286 149.379
495.309 485.891
4.384 10.640
290.068 198.081
441.569 450.372
95.079 193.819
406.124 127.626
469.492 60.629
399.095 193.776
110.527 259.765
269.083 442.213
284.622 390.134
364.009 354.817
354.076 6.414
100.872 152.182
488.740 439.675
33.642 474.052
455.444 334.780
152.244 461.763
148.193 474.629
149.815 114.080
477.356 360.697
395.851 91.408
490.774 264.016
393.855 420.213
103.011 429.672
449.369 366.834
383.792 248.831
328.008 310.021
159.847 88.172
126.469 370.701
138.726 387.623
194.067 118.424
76.555 9.840
81.620 18.950
372.005 205.456
133.577 316.623
448.975 201.531
366.267 146.879
53.187 409.497
279.698 170.164
62.673 464.766
410.665 208.103
111.845 49.979
21.087 451.191
399.644 142.745
96.584 459.310
259.984 271.285
133.478 365.457
97.191 198.072
310.142 81.052
371.656 460.002
184.551 174.749
332.660 190.079
42.775 253.108
299.944 300.625
432.043 254.460
318.758 357.915
19.724 493.928
38.401 212.549
256.576 440.285
464.826 75.739
65.102 32.395
137.589 432.946
209.378 436.694
135.309 465.344
405.027 75.416
178.307 85.334
401.281 228.808
34.687 490.930
206.445 125.339
479.021 449.149
136.050 123.064
376.820 481.224
490.693 115.816
245.994 160.746
74.789 4.805
349.234 166.568
272.804 215.511
456.862 128.492
290.620 335.190
332.963 212.161
162.543 121.322
253.975 412.536
303.109 25.391
86.121 358.007
357.629 351.096
276.593 393.945
256.983 111.002
148.196 335.319
182.648 27.369
277.880 470.353
100.896 225.818
220.794 266.753
179.538 160.177
248.426 58.406
76.563 409.720
278.687 129.334
308.435 198.609
487.131 370.536
13.407 195.847
81.557 439.060
36.032 123.653
184.424 345.895
379.064 439.931
309.563 411.689
361.944 366.632
475.125 8.667
109.047 411.784
421.667 32.774
25.088 119.252
379.552 99.568
109.560 381.245
483.371 248.725
14.597 113.935
381.322 291.934
49.722 418.595
429.947 247.031
113.003 298.387
338.064 472.072
472.475 389.438
36.879 312.240
55.689 342.164
306.680 282.348
301.023 257.588
478.511 225.270
192.999 69.159
242.913 270.628
497.823 173.393
314.678 116.412
300.665 217.266
128.582 32.424
55.409 285.810
252.966 273.853
79.954 274.046
367.293 350.214
294.522 141.516
451.043 20.666
108.747 382.029
58.694 79.169
195.391 326.062
442.750 411.094
301.795 173.950
269.364 218.787
437.534 151.518
197.703 299.680
335.880 83.767
178.003 460.898
406.883 142.480
298.311 174.645
397.793 226.639
489.698 455.419
279.593 429.444
352.646 292.516
348.158 65.108
120.117 110.161
438.871 204.875
32.062 356.240
257.484 159.083
487.738 72.950
246.075 10.888
215.143 386.730
385.934 2.434
207.303 495.148
292.590 52.511
230.860 5.009
130.042 40.366
24.686 112.187
153.861 17.511
145.073 181.143
135.106 7.209
88.314 69.665
25.298 439.515
444.634 187.465
241.492 314.769
370.765 417.007
49.271 6.044
476.357 195.828
99.825 214.661
96.212 337.895
320.092 79.723
53.630 437.562
155.715 134.477
492.114 483.979
371.812 66.686
52.125 61.303
480.262 78.290
44.108 448.058
138.851 435.049
157.665 340.162
314.325 324.836
273.819 455.848
201.059 383.015
113.571 217.974
457.707 488.098
345.150 291.302
209.807 292.010
442.455 76.912
306.624 434.062
445.544 404.830
140.947 373.910
498.161 436.512
8.279 495.324
113.807 406.895
158.312 430.757
244.161 434.062
69.222 384.318
441.756 475.724
442.219 493.285
411.306 381.849
198.410 488.766
242.077 8.012
56.688 71.791
385.764 18.021
360.781 325.141
314.620 446.234
73.346 122.152
338.699 146.993
156.340 317.930
204.891 138.661
136.712 171.980
251.411 403.126
350.252 190.029
90.207 212.667
456.394 281.167
392.488 31.966
484.637 87.038
376.833 329.806
320.337 361.202
415.385 332.502
395.763 270.485
341.768 444.421
153.497 94.563
463.627 346.263
218.457 160.757
86.399 280.829
194.102 169.843
416.134 417.438
138.342 38.481
82.293 405.711
288.728 392.570
312.081 353.719
7.597 41.442
149.695 393.262
413.938 343.659
491.482 6.775
324.525 108.264
256.291 479.519
126.281 377.635
365.669 275.715
437.475 426.036
387.223 83.099
242.913 412.777
346.550 256.837
120.751 37.827
151.713 475.738
50.675 20.852
89.294 50.457
6.041 52.844
464.614 91.273
171.764 64.826
330.542 493.726
490.151 384.158
97.200 394.332
110.661 497.427
18.537 51.936
211.686 155.413
135.760 491.914
161.198 475.509
86.888 69.248
212.523 150.972
402.001 320.605
458.411 248.133
396.219 357.078
320.334 226.811
138.720 85.071
452.619 493.086
124.134 30.362
38.477 493.620
330.113 473.087
468.318 368.664
79.361 65.647
295.034 185.114
259.111 268.709
428.436 72.686
283.243 288.284
221.956 371.379
405.321 90.657
316.705 235.732
244.261 343.514
381.448 67.294
404.799 352.062
278.527 42.890
166.500 85.229
283.456 332.122
134.452 402.502
86.324 230.688
270.007 226.231
336.835 351.768
337.467 107.614
19.616 339.064
277.129 232.178
125.090 94.144
468.811 168.358
353.830 214.183
8.883 51.083
242.760 316.981
229.240 485.654
423.557 467.398
214.964 149.788
276.599 487.439
433.392 445.740
359.450 423.517
2.599 139.525
284.111 105.458
394.767 206.828
374.853 150.744
498.883 277.882
269.716 259.897
127.332 265.772
396.299 147.433
221.279 309.479
419.896 57.903
169.850 158.885
409.773 243.560
366.829 403.253
315.069 35.012
365.778 455.760
386.779 426.902
173.339 257.359
255.967 0.473
201.189 214.008
130.803 177.021
236.459 445.805
313.554 76.431
186.215 416.709
57.760 492.339
159.894 485.550
182.569 331.235
105.690 202.963
499.789 219.542
238.533 421.359
289.924 353.558
363.051 192.081
314.693 473.858
256.738 98.026
112.975 499.491
30.280 52.314
211.280 263.170
214.294 173.424
94.000 407.522
331.516 268.687
395.724 203.148
157.141 178.881
156.228 404.829
6.315 314.498
299.475 450.432
475.387 474.325
467.522 3.550
116.045 101.974
433.805 409.245
414.639 207.896
15.891 62.614
207.417 231.115
275.147 41.325
241.407 100.448
382.851 482.063
488.442 408.495
48.524 318.503
193.069 215.156
401.524 66.730
144.645 435.734
176.757 204.191
387.260 11.972
53.672 80.255
72.041 325.183
396.853 159.304
217.426 183.193
49.691 181.798
370.787 466.424
335.325 212.587
177.163 296.114
23.795 230.962
406.880 405.718
354.162 244.471
364.741 423.226
449.756 238.915
448.797 212.569
237.555 63.378
438.068 217.105
340.699 210.041
386.452 202.811
294.908 270.127
50.139 34.290
151.873 267.979
134.727 422.935
138.690 150.293
63.816 160.774
306.287 344.119
375.898 129.391
320.098 160.844
316.388 337.361
115.259 52.795
425.282 7.677
371.901 125.272
350.153 67.257
273.477 245.092
109.093 477.318
321.011 13.223
9.623 337.780
140.307 52.869
350.247 11.648
272.781 185.032
450.317 181.398
360.911 314.274
85.484 453.816
2.649 348.476
269.093 4.320
206.302 132.323
138.058 145.210
50.094 205.390
64.578 155.762
96.578 7.795
430.589 384.957
68.767 486.359
451.356 422.627
352.790 28.844
473.292 230.728
27.797 227.364
256.604 186.715
166.079 25.564
149.479 480.356
210.404 129.344
286.127 23.596
246.771 258.888
20.667 253.499
223.893 345.727
231.932 205.890
9.974 236.247
365.039 482.589
341.335 206.018
330.018 382.157
22.089 271.269
113.967 193.435
152.952 80.141
95.497 229.843
378.182 155.053
136.401 363.605
130.958 216.460
289.652 474.349
212.065 31.194
100.563 418.314
113.807 266.163
163.609 13.310
435.764 184.077
463.359 443.868
148.269 270.015
350.504 131.537
44.345 485.046
314.476 383.036
311.722 496.844
123.617 109.745
358.419 103.459
39.535 63.382
251.127 31.686
26.785 227.203
295.307 159.860
