198.791 65.294
493.167 472.349
199.727 318.975
14.953 498.633
215.844 34.543
277.222 309.379
21.185 164.247
218.714 6.705
162.702 107.430
449.590 379.269
493.756 372.484
101.068 26.016
408.328 33.335
430.070 95.611
166.787 359.600
265.049 152.149
244.516 10.744
394.614 458.294
329.363 483.110
219.633 115.527
319.281 72.895
171.495 255.570
419.943 343.489
267.381 26.078
132.810 35.193
244.914 442.366
321.646 348.257
140.303 456.200
153.971 288.368
236.528 348.302
174.976 383.828
424.115 150.413
372.027 427.282
126.702 10.416
232.518 297.280
69.234 328.455
249.539 129.625
112.645 194.280
143.955 67.532
381.827 39.789
198.521 341.587
203.310 308.920
306.841 256.542
315.086 175.673
253.645 405.480
60.384 71.990
480.431 244.380
325.245 292.458
70.554 422.728
6.497 138.544
96.420 77.057
102.223 82.319
76.248 295.440
182.888 281.361
307.616 272.270
224.598 431.456
361.225 370.215
221.296 74.944
52.194 377.584
418.217 374.992
238.456 394.199
30.424 382.254
115.329 408.244
360.349 125.594
58.749 288.217
240.412 290.316
117.264 417.985
113.906 429.917
488.462 160.468
301.573 132.554
71.409 54.603
459.781 205.048
363.387 399.483
169.866 35.592
146.337 492.872
233.632 302.304
270.652 25.730
366.739 27.292
481.560 148.133
478.139 419.772
229.412 97.420
0.107 440.808
428.471 152.526
85.257 424.150
310.484 396.235
9.482 168.572
162.461 270.111
365.450 271.065
68.088 260.440
164.815 399.561
164.653 287.016
20.840 357.974
82.266 382.455
386.324 224.027
484.684 43.975
307.660 86.097
405.281 301.945
166.257 310.584
203.863 419.579
491.698 435.165
72.078 6.740
62.272 276.559
38.987 79.149
207.567 299.402
3.016 371.653
325.787 399.195
72.603 490.958
173.008 208.335
368.651 368.002
263.243 116.796
437.786 183.833
454.716 417.955
448.168 75.767
311.369 270.326
236.718 459.010
473.076 465.647
191.470 346.149
324.299 297.623
439.288 76.072
180.133 1.784
284.990 259.239
45.944 278.109
16.151 483.795
352.397 499.402
155.588 428.993
225.168 422.658
208.413 202.094
0.089 219.551
328.207 215.126
469.483 259.986
399.964 401.934
232.313 408.073
218.794 149.641
309.110 386.155
369.008 269.452
351.246 314.579
268.675 39.239
48.547 341.505
179.964 428.153
490.439 405.564
269.088 151.279
385.601 83.132
419.412 471.009
404.483 475.509
132.718 432.629
5.488 13.742
450.613 461.737
494.964 300.410
409.467 116.443
17.904 359.643
485.355 344.264
295.209 324.971
441.647 102.414
421.684 366.497
217.896 436.146
211.232 176.746
98.945 379.959
487.131 126.806
21.416 77.013
126.804 208.526
199.852 369.352
246.727 316.386
26.874 300.949
264.586 50.808
66.627 149.071
142.079 360.662
262.241 159.245
489.339 382.633
396.163 384.229
97.098 257.024
352.419 374.054
62.576 363.301
372.370 37.414
279.351 134.188
145.838 140.939
204.196 490.253
480.022 139.180
21.834 163.399
51.048 278.628
358.162 355.368
183.936 92.270
226.451 104.650
147.841 229.882
236.368 362.793
399.068 63.076
295.910 4.691
51.323 499.474
180.456 473.227
81.235 59.516
49.640 151.558
77.849 60.223
374.865 80.236
233.559 258.699
423.715 337.222
229.278 121.450
268.605 201.280
384.620 347.066
24.801 428.280
186.216 159.991
2.095 152.610
102.544 77.811
250.938 45.536
196.283 32.953
115.764 327.790
418.930 309.172
213.699 135.563
211.366 489.578
170.536 49.651
495.151 361.634
131.294 149.367
338.480 405.548
326.610 279.089
32.612 307.132
305.382 279.954
489.399 130.955
343.173 52.799
486.276 413.724
49.908 75.488
244.987 143.781
162.569 180.125
378.887 41.851
179.256 285.685
84.121 488.287
188.976 255.611
246.067 291.354
27.337 366.610
10.240 328.336
351.270 442.683
470.634 105.595
276.973 85.589
56.966 393.805
238.620 407.804
378.895 115.797
401.270 76.325
52.128 438.013
148.182 170.553
24.822 308.899
207.664 128.817
122.991 84.742
113.139 187.797
497.978 204.914
314.466 368.592
132.884 417.819
433.954 348.616
229.953 447.619
199.421 27.530
471.901 477.360
70.158 434.812
374.009 257.158
343.332 70.393
244.861 113.230
58.780 287.077
56.740 84.159
366.581 289.872
201.244 350.366
305.649 363.275
414.801 85.944
411.829 235.766
270.675 325.561
423.873 20.885
68.951 278.774
245.198 198.439
106.599 365.040
453.888 241.495
274.868 322.233
276.834 225.360
258.741 245.196
117.874 126.604
25.183 295.330
135.549 320.553
33.046 207.513
390.958 412.795
32.389 180.875
326.046 466.332
471.937 120.417
244.106 89.210
179.458 285.210
259.202 72.998
406.497 200.621
125.006 220.007
274.782 128.281
132.731 315.271
29.919 132.901
197.963 297.896
456.920 197.057
180.173 281.002
114.157 457.844
461.368 35.218
347.633 231.709
165.056 464.030
121.764 215.905
164.166 147.235
363.274 200.660
33.568 59.505
366.477 435.258
55.501 392.853
429.218 54.138
248.946 231.084
218.164 195.758
73.161 17.137
213.588 177.520
30.489 499.143
264.589 167.202
470.938 246.877
28.674 392.030
270.227 173.659
166.750 374.252
78.021 374.576
157.331 383.027
66.451 227.403
258.049 495.864
137.852 349.234
173.547 225.257
176.829 69.335
327.205 102.101
282.795 125.890
373.528 156.585
13.064 188.329
425.801 36.590
84.655 498.921
458.477 390.003
78.912 13.107
328.648 69.896
93.299 65.030
436.242 120.517
385.381 216.822
100.031 223.939
152.088 487.452
462.818 208.409
498.881 165.841
39.838 88.891
97.284 297.220
305.515 146.831
390.844 282.798
14.528 245.305
50.708 163.998
221.733 359.554
4.118 233.436
89.095 319.010
398.461 200.555
306.241 345.086
29.787 186.406
326.408 37.729
438.730 245.752
423.931 243.910
474.273 160.419
187.140 221.252
234.547 153.853
136.786 215.571
133.828 17.156
66.450 347.631
47.129 188.860
468.305 455.386
379.263 129.464
29.372 72.936
439.819 259.800
228.513 242.217
459.910 263.850
144.072 133.312
41.174 193.730
417.530 130.387
107.419 434.941
191.971 403.267
140.530 76.355
101.427 39.568
276.774 361.787
422.512 488.132
165.293 201.312
386.214 161.727
312.580 335.872
428.985 250.135
256.516 195.375
60.472 144.959
485.369 79.346
409.086 495.970
0.272 349.916
387.348 159.166
18.644 415.057
394.534 81.617
54.166 446.404
324.010 375.791
387.253 112.675
248.366 84.819
479.718 141.918
496.988 295.460
202.167 166.645
5.099 81.512
96.631 179.642
330.624 276.992
258.926 385.305
249.686 64.317
50.793 97.476
82.055 297.364
155.367 305.238
419.522 400.415
220.842 462.845
323.826 345.790
246.461 468.270
225.993 243.070
417.196 284.919
344.495 82.737
187.084 255.925
232.767 295.124
468.858 235.354
60.549 188.216
242.489 302.642
248.092 61.246
228.727 367.239
103.865 83.980
344.342 340.037
75.417 301.298
107.110 180.360
377.368 134.622
288.511 44.271
7.295 211.952
260.318 90.640
232.217 254.537
228.006 475.822
374.562 391.594
211.496 252.102
143.789 4.635
150.688 318.854
407.685 390.593
79.898 498.096
105.752 423.666
29.798 457.539
61.951 93.578
80.190 483.780
3.322 162.923
25.961 294.522
210.342 376.437
353.351 416.676
10.474 453.045
393.757 391.413
240.102 362.927
172.447 425.031
234.785 205.944
498.730 449.781
422.425 265.641
341.056 462.308
396.276 378.361
109.535 138.797
447.154 271.980
233.013 400.536
299.885 489.095
87.682 37.552
244.106 65.163
225.279 60.487
209.427 154.443
21.034 367.840
308.014 279.652
444.824 422.038
1.309 413.755
9.326 395.734
217.391 83.737
265.878 358.874
35.474 221.915
136.244 34.855
453.884 219.305
274.353 323.507
169.435 365.556
64.870 461.614
51.675 107.149
156.449 235.838
394.832 295.123
67.922 30.670
135.897 292.218
458.465 61.538
221.434 104.752
376.576 164.191
292.371 10.852
71.342 31.405
100.849 405.483
472.672 175.938
35.985 422.424
300.086 172.141
472.078 423.292
314.282 11.976
0.277 256.430
251.988 205.661
320.821 430.005
361.125 111.160
103.143 378.280
213.882 351.903
250.047 303.839
445.311 344.031
421.597 100.383
10.108 371.417
280.498 24.403
456.958 163.046
213.838 429.094
418.388 169.143
368.795 167.469
145.474 86.008
465.408 470.721
145.393 33.675
370.825 216.148
173.131 347.596
409.872 97.704
194.320 161.320
475.093 359.415
225.210 453.757
1.743 32.096
198.455 217.244
193.045 360.881
34.409 419.512
30.431 233.748
372.756 70.061
8.762 164.374
484.465 3.737
178.277 21.250
390.402 196.495
2.756 242.079
249.942 56.230
435.950 386.592
397.502 384.617
6.346 221.358
13.517 235.469
214.227 464.766
306.870 392.501
483.828 315.543
194.764 450.727
288.667 382.767
180.744 344.905
311.698 343.222
83.316 491.278
243.760 379.300
0.775 176.423
60.686 61.381
76.532 55.522
167.201 279.916
264.914 110.281
361.998 18.406
46.809 255.493
6.312 112.299
55.712 73.846
64.469 32.691
200.574 98.675
325.737 352.017
102.823 288.847
105.522 116.050
81.389 77.981
7.874 255.914
428.791 209.054
87.027 99.175
221.083 301.171
401.622 130.336
82.118 202.077
339.428 17.826
71.843 415.601
157.370 478.528
146.130 366.931
268.207 100.520
132.724 450.083
186.506 439.730
92.262 464.246
10.469 208.999
140.156 8.363
120.335 386.562
94.181 435.005
114.068 478.964
466.109 74.975
327.508 56.919
23.365 258.773
288.587 382.586
482.661 345.002
169.786 20.218
90.055 197.506
35.210 319.199
475.521 403.748
148.361 300.644
213.542 499.111
334.936 93.019
20.534 211.783
484.773 219.303
69.310 277.870
485.698 257.991
322.511 220.943
300.970 262.005
310.208 418.222
221.850 75.368
236.143 237.828
455.021 304.287
0.807 362.589
458.069 400.619
142.728 171.181
96.597 88.220
56.709 405.057
146.747 337.883
479.364 326.665
289.557 455.983
408.335 49.293
372.352 408.272
394.708 116.997
265.567 56.155
430.240 303.480
143.413 304.857
315.557 25.935
376.070 196.034
406.596 357.838
81.317 292.359
366.597 20.913
395.260 262.924
354.266 49.233
339.305 432.509
359.891 81.728
24.897 138.770
121.850 376.401
417.852 67.755
344.869 454.592
456.736 249.198
125.645 415.020
326.831 453.300
483.389 274.898
447.770 128.763
37.887 223.150
408.218 192.350
183.500 237.199
361.097 362.023
396.507 461.549
380.447 255.691
225.485 172.593
465.791 27.412
336.725 100.733
68.062 443.867
