419.894 90.277
250.405 89.788
23.380 180.207
460.583 366.672
119.719 32.647
227.398 150.814
179.241 12.696
43.075 239.955
234.630 0.638
464.931 34.238
381.464 358.103
375.694 285.938
29.586 130.201
456.725 344.151
440.343 212.132
2.087 235.179
449.881 154.641
489.242 193.782
175.208 343.947
277.112 69.366
328.706 163.484
276.940 139.670
280.497 337.508
368.827 462.109
443.058 207.375
280.714 101.216
344.961 438.342
181.517 127.338
188.859 380.391
357.906 309.718
37.024 253.768
54.013 136.243
312.321 375.315
266.820 36.548
69.362 306.246
228.221 495.732
105.128 68.161
248.484 338.306
47.892 335.820
279.964 358.929
446.342 436.530
478.965 322.812
2.448 127.621
248.235 320.139
311.451 269.552
114.672 388.723
133.656 96.810
61.340 266.982
190.424 433.092
128.076 355.786
274.840 398.235
158.228 266.919
78.291 243.335
276.168 497.070
393.911 120.972
86.650 0.179
64.466 454.389
103.140 290.077
186.428 64.796
170.284 126.881
48.790 433.387
470.890 283.052
248.741 262.987
332.439 4.810
232.022 106.535
457.605 301.329
353.275 187.014
420.375 391.708
134.365 380.687
316.799 269.067
94.231 233.521
409.439 434.034
258.719 126.153
41.001 98.667
395.666 439.502
62.033 383.032
464.130 372.864
374.075 38.841
92.535 490.871
452.332 464.357
274.598 404.732
412.429 360.377
386.664 184.355
211.916 409.449
484.392 177.661
12.271 239.579
154.062 148.370
165.121 58.614
143.708 194.081
468.966 109.352
387.554 270.756
10.435 399.084
122.551 494.640
388.140 77.097
326.824 392.024
327.012 254.798
16.680 468.132
407.807 252.645
399.052 28.889
458.491 130.391
196.319 427.905
219.850 125.986
491.909 141.875
324.621 360.839
292.402 107.651
122.710 456.396
406.425 493.926
185.150 105.021
67.126 143.566
32.510 136.324
204.130 227.336
187.952 419.488
215.155 228.894
88.184 205.179
186.215 395.311
467.482 24.230
160.831 189.158
356.018 392.375
216.003 381.526
237.432 124.910
153.288 134.020
225.876 329.489
209.075 104.684
327.716 462.102
181.310 365.947
315.056 8.015
374.260 4.861
192.384 306.550
489.788 458.877
145.227 18.627
103.383 25.952
227.022 72.910
283.187 142.796
410.475 427.956
324.868 420.029
5.704 345.998
18.941 494.274
449.214 481.610
200.170 74.654
236.482 378.811
128.893 293.861
196.048 154.710
459.523 144.239
253.748 346.826
147.160 148.239
9.693 399.673
240.955 148.889
20.662 196.194
204.144 423.178
205.766 63.184
353.600 409.750
361.750 73.322
255.841 138.184
231.783 20.803
232.909 162.035
476.715 146.933
410.573 197.301
97.597 115.318
440.976 8.767
197.309 166.349
119.758 330.503
67.723 112.240
267.583 98.683
125.935 24.881
180.768 269.981
35.841 461.254
433.343 437.061
450.081 283.915
377.961 487.016
303.890 22.196
91.941 490.769
216.464 222.505
116.725 223.645
32.901 403.007
256.366 450.976
450.747 242.671
288.091 279.929
471.146 63.082
404.311 57.467
397.713 328.901
333.851 67.479
481.257 295.489
57.771 406.180
270.354 149.806
439.759 211.943
134.548 433.555
361.252 319.430
165.058 134.906
88.808 126.421
224.285 118.109
233.968 430.493
398.760 471.664
71.451 230.746
358.112 41.331
473.099 484.693
323.505 375.530
334.795 113.018
326.614 346.988
436.466 116.676
152.796 205.330
122.400 398.623
383.312 338.771
288.174 127.083
265.072 256.397
361.759 137.462
95.667 475.324
232.810 97.798
490.812 24.591
499.324 87.310
316.776 264.866
439.472 113.184
195.664 253.086
131.365 199.135
484.857 149.314
316.971 100.952
372.292 347.613
205.322 322.808
21.120 243.076
279.247 4.132
44.031 435.512
400.302 156.595
274.800 64.982
326.030 288.927
224.762 185.781
217.451 177.755
425.336 368.979
215.605 161.198
13.965 259.226
127.019 167.923
213.689 289.073
119.493 207.227
461.183 357.824
282.354 421.072
54.552 3.879
192.629 74.764
199.209 86.678
414.593 283.317
308.892 436.581
3.355 480.420
433.389 454.141
328.993 284.423
106.977 162.985
1.332 389.998
330.372 184.191
473.515 457.392
302.962 229.630
268.422 230.837
383.701 343.991
449.398 416.883
282.513 271.010
335.025 257.680
303.124 479.926
14.630 354.018
41.475 394.652
214.003 257.047
451.984 54.063
413.977 242.604
472.589 69.568
186.565 422.916
85.830 308.923
340.515 418.440
473.047 412.724
179.650 395.411
40.395 436.528
60.792 228.621
78.422 198.582
375.399 2.294
52.071 315.348
32.928 264.443
398.538 59.440
279.631 26.948
25.576 450.837
221.208 297.942
16.263 349.395
356.128 221.613
317.276 66.344
487.898 430.874
74.953 209.628
400.128 35.589
344.801 230.552
46.470 325.074
136.460 189.675
483.181 68.446
110.370 360.332
477.135 259.347
350.991 55.361
35.262 442.050
128.467 217.886
302.655 252.427
153.204 90.805
345.352 116.474
305.845 49.855
297.952 183.452
64.363 330.733
157.519 249.978
319.567 298.996
110.671 412.354
311.110 439.818
333.885 70.535
230.572 381.078
73.912 489.006
382.930 304.452
379.730 69.417
480.719 424.317
313.361 339.704
396.046 25.885
483.708 440.815
478.662 346.288
39.252 286.664
436.652 389.533
441.785 412.641
434.233 44.804
263.121 95.171
366.415 374.336
394.520 409.303
229.911 332.811
253.064 110.102
187.419 33.078
105.451 462.462
119.303 262.143
497.235 493.166
402.927 109.116
158.429 297.930
334.027 107.228
159.789 238.503
205.202 401.061
209.163 275.605
439.179 15.697
270.308 312.077
326.766 324.260
237.720 443.769
463.976 5.452
323.305 57.712
446.991 177.888
285.818 87.951
313.930 78.542
202.052 436.463
78.134 480.137
289.740 193.948
344.185 431.875
172.268 341.082
248.870 125.954
175.827 134.657
158.982 78.513
257.268 213.669
119.439 238.432
289.577 59.167
209.733 351.559
235.818 352.353
156.460 349.775
422.913 156.528
10.876 199.834
16.710 310.617
478.837 187.775
380.161 441.965
232.647 45.435
7.436 129.598
419.144 111.796
421.923 445.078
232.212 386.736
116.175 450.337
285.203 414.747
96.286 173.068
108.705 483.224
41.324 254.853
130.623 107.558
142.899 303.264
423.342 499.682
171.657 261.312
467.485 33.700
154.164 415.796
125.875 451.350
241.157 39.038
131.456 46.996
51.461 167.713
72.020 245.257
251.982 344.184
449.416 64.181
432.783 412.530
80.719 113.325
72.324 35.062
348.228 46.045
134.350 399.342
409.947 244.314
168.781 281.793
413.253 31.588
327.712 499.561
225.146 131.657
221.791 281.168
28.442 65.507
133.570 467.595
186.064 337.031
110.450 192.624
452.596 410.543
399.031 129.776
140.512 39.853
149.530 268.782
412.403 272.928
261.037 449.191
336.466 268.267
66.470 379.151
185.363 409.777
34.132 246.965
147.377 407.387
19.309 494.872
195.202 348.043
0.142 372.132
179.377 94.954
126.639 34.290
359.879 219.966
424.882 141.904
473.372 468.585
465.584 445.737
292.050 23.104
368.955 96.108
51.634 228.022
250.283 233.247
145.181 377.004
173.868 68.310
361.204 491.157
151.332 93.633
4.994 124.602
48.959 424.217
58.425 241.482
392.201 71.323
444.638 283.394
286.422 448.205
73.293 495.473
157.789 219.542
479.307 175.879
181.270 219.351
35.694 172.552
131.438 426.569
177.769 485.488
400.523 441.381
89.747 32.595
320.243 351.939
332.325 331.173
154.097 420.855
341.172 255.746
304.244 183.891
165.921 243.609
211.246 169.443
153.539 348.106
237.982 479.669
362.441 31.495
105.010 111.589
246.295 333.501
340.025 322.978
356.926 349.152
117.584 278.643
296.337 220.798
91.343 324.748
231.485 384.935
374.628 431.866
451.446 400.497
206.256 257.288
5.978 263.626
323.001 50.721
91.836 310.111
469.422 143.579
256.121 301.021
396.036 38.426
406.622 203.564
461.939 212.336
149.896 266.861
369.407 417.187
394.637 86.806
4.127 366.223
374.013 176.310
54.996 308.333
313.576 107.515
334.098 120.006
90.720 58.724
346.525 441.748
369.427 66.238
65.207 58.970
355.216 88.902
458.976 62.194
191.727 326.565
215.962 311.225
74.802 61.206
237.691 208.195
194.953 22.323
354.504 168.619
216.497 358.106
180.668 438.231
161.371 411.444
13.751 145.415
345.330 442.996
204.752 422.245
485.070 487.820
207.416 189.970
71.667 492.887
264.792 53.375
256.108 155.052
439.473 196.101
317.026 122.522
374.863 434.898
72.476 371.880
186.134 77.282
52.314 113.366
465.936 406.283
6.555 182.014
86.133 216.302
284.185 366.235
54.141 3.220
395.997 320.895
49.643 237.933
485.667 319.293
442.753 461.483
233.486 411.342
499.079 245.688
488.762 120.524
479.113 362.100
63.247 242.739
294.811 8.485
278.134 134.172
240.177 403.035
164.463 23.763
193.564 339.614
154.418 128.834
201.350 166.209
477.546 311.254
215.575 259.627
16.075 230.826
125.858 36.471
325.795 459.730
199.934 134.987
224.978 212.829
14.828 213.286
161.719 185.903
72.048 94.098
62.321 38.197
239.612 162.694
78.991 442.082
293.914 17.537
360.993 175.968
202.705 358.785
384.307 370.076
183.285 224.999
93.558 227.458
179.101 422.900
403.861 417.403
62.330 49.122
117.642 434.977
346.026 68.072
335.437 346.690
294.529 91.746
70.232 173.201
197.482 422.188
163.673 202.312
462.203 290.430
233.795 231.738
217.796 415.840
2.064 140.434
442.502 412.529
456.660 347.466
224.471 232.668
68.931 322.937
383.576 394.216
379.485 393.671
257.114 166.451
428.682 106.354
437.988 417.206
330.602 31.706
275.212 205.102
78.618 483.008
358.956 112.010
117.603 211.633
347.917 349.557
91.384 392.270
464.479 238.238
196.235 41.502
2.005 403.710
174.222 89.173
451.014 51.299
223.685 89.264
7.399 76.780
427.936 365.133
241.279 309.519
216.500 181.087
47.985 224.969
12.013 422.611
262.900 195.269
0.052 324.039
119.052 249.139
404.972 286.922
122.947 42.349
470.289 205.510
106.901 212.943
282.704 17.188
123.193 453.685
288.066 339.855
57.046 84.538
284.234 246.841
239.551 35.404
466.346 441.966
293.993 137.976
409.958 424.154
496.036 170.505
2.353 138.289
94.441 226.630
489.219 305.353
10.360 49.326
440.633 320.298
11.642 76.211
421.407 314.869
80.498 262.272
294.243 401.599
80.450 291.592
57.225 388.704
402.454 430.560
420.329 395.512
151.987 205.613
156.575 196.494
362.853 362.478
334.410 219.726
282.851 46.786
164.773 215.813
156.071 435.960
120.787 286.309
88.846 480.327
157.152 83.102
154.706 206.829
