303.726 211.422
102.026 98.836
112.444 300.358
231.185 313.170
8.760 447.841
378.549 292.333
344.100 369.209
83.158 394.657
225.722 461.504
214.106 499.114
237.941 467.312
388.774 34.166
222.166 442.091
192.847 348.743
2.561 283.268
102.789 210.315
471.682 300.353
41.043 279.852
348.604 350.933
284.671 426.336
123.630 385.581
443.732 429.092
194.663 214.463
312.524 97.460
368.301 302.727
147.074 339.400
53.870 168.989
282.137 113.319
415.007 238.609
135.899 106.767
471.538 34.960
19.646 37.279
92.597 286.177
416.202 117.818
446.418 64.361
433.465 171.564
273.384 320.688
268.254 458.175
2.870 286.565
31.556 233.558
100.109 5.397
310.017 1.656
20.911 119.543
262.345 334.854
354.495 332.134
273.269 429.445
214.878 449.997
284.852 246.198
204.725 148.790
262.566 493.245
19.326 345.377
388.284 341.022
334.152 434.002
486.043 83.686
319.719 492.370
165.248 491.460
147.556 422.737
57.048 488.686
290.682 5.609
213.394 175.084
287.415 439.603
308.173 413.305
291.692 382.762
313.241 252.906
64.689 248.873
429.932 366.655
442.869 364.877
7.265 302.258
108.586 310.758
229.098 409.273
48.001 415.188
118.545 305.101
290.790 377.972
162.310 368.568
394.406 472.882
55.645 220.801
408.947 337.809
36.968 4.378
440.100 176.525
335.691 131.627
371.862 371.118
465.688 332.233
126.645 423.907
48.427 148.660
135.481 113.497
96.041 91.799
336.833 16.959
117.822 487.014
263.982 119.196
27.824 453.500
241.714 298.832
432.379 203.906
23.754 340.688
4.186 467.087
16.411 197.509
354.016 42.527
32.755 248.740
416.550 456.357
499.085 115.927
209.585 420.685
56.251 119.160
332.982 15.060
102.653 240.419
493.991 233.101
106.688 398.572
297.337 192.849
136.739 437.721
175.513 282.006
151.907 299.755
213.530 191.139
292.835 257.828
281.062 455.951
356.900 209.961
398.591 40.083
348.447 244.450
497.929 275.583
429.627 365.851
361.248 374.404
272.189 33.705
480.945 148.886
331.271 200.794
301.483 398.354
113.950 280.897
0.548 327.572
288.671 353.137
307.064 266.376
218.732 287.631
308.980 324.012
202.372 317.576
344.573 229.764
201.479 285.757
248.528 91.881
117.007 360.259
99.814 457.028
383.141 415.841
317.691 373.151
176.108 393.945
255.901 50.134
104.082 455.389
412.082 497.269
290.159 451.832
471.186 379.392
156.805 112.284
135.918 23.092
490.431 316.692
455.172 408.330
6.149 324.414
180.924 420.192
82.067 47.601
27.139 35.825
152.748 148.958
255.219 414.621
314.526 134.934
24.847 15.580
295.179 424.395
264.467 32.958
332.717 81.646
96.638 162.757
95.974 110.592
438.768 297.867
301.795 246.877
271.991 398.427
357.005 60.275
361.013 226.381
295.139 361.300
180.632 127.335
202.382 457.336
324.465 142.215
256.541 304.280
362.816 185.282
35.426 432.866
238.069 491.916
109.434 143.663
207.028 330.330
302.977 362.444
337.469 401.221
293.439 195.720
207.793 220.079
47.973 77.550
294.480 362.921
475.815 290.336
235.771 457.329
116.305 331.315
496.474 397.650
250.172 68.186
275.789 19.090
144.569 9.752
14.488 260.028
107.946 159.072
67.096 18.317
19.144 192.318
427.615 81.342
238.305 85.242
239.766 291.845
23.932 56.335
122.643 375.389
114.679 438.001
161.048 77.366
244.684 266.849
412.321 198.967
154.794 305.676
262.188 200.729
368.846 153.584
306.171 59.346
366.368 251.175
77.833 220.200
88.959 226.825
301.691 275.366
459.494 346.730
104.554 61.171
38.548 149.088
322.581 103.474
34.997 373.881
493.278 307.317
50.538 181.862
229.041 457.833
110.458 356.701
371.161 32.508
36.094 271.533
472.420 290.589
397.111 73.816
442.567 154.833
318.219 37.519
13.347 449.309
278.329 164.053
370.753 38.054
111.682 395.958
17.665 360.972
178.590 52.085
272.809 463.526
256.064 460.739
365.075 284.606
128.669 293.896
188.822 364.910
484.636 368.579
86.415 144.203
23.768 451.281
112.918 18.423
452.473 331.510
149.036 484.392
229.961 434.862
42.082 61.443
238.445 305.045
386.315 336.528
153.553 455.609
389.722 166.916
2.013 177.740
486.760 112.142
304.187 450.695
100.014 284.373
16.676 91.928
428.641 94.833
44.516 478.046
41.740 427.549
118.207 20.409
78.730 240.701
342.099 260.071
91.556 106.515
418.570 134.178
164.838 399.103
54.238 183.847
52.300 432.805
231.144 468.942
106.680 227.788
12.451 155.817
213.578 485.242
228.953 474.883
81.151 65.344
321.392 152.057
446.058 464.669
97.577 75.553
365.147 153.191
166.649 335.358
44.861 348.135
238.531 7.913
239.240 348.416
113.423 110.336
106.328 37.575
79.347 345.084
292.006 4.755
427.637 377.078
252.460 65.272
322.600 363.577
434.059 370.286
42.928 36.208
422.601 32.006
269.784 45.283
212.767 353.792
490.138 380.462
89.951 351.801
349.644 209.560
172.802 404.765
46.119 398.933
119.855 322.736
76.059 300.632
84.596 207.711
291.747 152.584
279.000 399.459
307.451 431.978
272.989 330.157
319.521 35.767
109.497 4.256
77.394 207.388
461.834 236.555
231.603 347.378
32.023 284.062
403.018 446.931
306.385 115.606
336.869 23.667
353.424 212.418
186.739 396.878
18.970 73.761
7.875 393.959
22.699 263.213
498.918 406.853
109.817 195.692
430.461 336.284
5.081 494.490
346.355 477.293
167.249 233.865
26.112 224.942
186.125 21.994
440.547 464.756
134.336 354.201
277.046 152.062
324.702 93.531
188.593 432.921
340.922 432.451
340.491 279.099
285.045 134.530
413.995 340.405
403.284 480.113
399.022 442.181
79.965 293.961
207.214 41.210
491.490 14.171
329.755 232.538
304.200 433.944
458.776 75.762
74.579 427.674
4.044 133.597
364.522 310.064
157.701 121.492
387.743 405.836
301.070 88.662
195.429 149.377
118.958 401.018
11.548 431.670
129.993 450.217
330.202 122.505
155.591 483.402
287.389 59.705
218.620 101.202
262.865 22.497
19.359 435.874
236.617 222.024
241.793 374.073
467.168 21.547
243.309 35.812
75.957 496.426
267.945 97.384
482.399 393.114
469.887 210.060
84.271 37.381
132.711 236.524
292.205 289.192
326.762 253.369
52.771 418.718
192.889 229.578
461.681 461.015
460.288 90.612
191.888 195.317
324.305 327.175
50.349 227.804
93.698 333.926
476.731 77.818
186.716 19.565
366.246 449.456
269.378 496.571
392.006 126.455
298.202 114.720
299.529 79.844
316.403 72.495
167.227 83.195
180.124 403.617
190.651 21.795
285.294 462.003
484.826 275.990
151.458 426.637
23.500 213.689
256.842 269.114
493.400 432.883
350.382 93.806
195.256 198.515
96.071 279.267
77.267 179.835
296.996 475.420
372.316 148.022
25.924 345.439
403.805 335.314
86.780 71.874
278.155 382.623
356.358 451.820
272.744 401.979
143.964 386.589
246.623 325.573
435.540 340.374
424.373 259.744
323.848 96.315
332.660 58.371
297.959 487.419
402.186 81.465
230.378 110.143
297.476 228.322
140.388 101.242
78.418 21.031
440.613 308.220
167.280 312.963
377.878 344.742
387.121 496.756
473.195 472.152
191.224 458.416
464.769 139.828
251.189 196.582
250.258 459.640
300.552 58.829
241.428 182.953
79.732 272.820
375.619 454.801
183.170 79.430
396.359 301.783
13.754 111.378
416.435 350.795
430.739 476.666
169.417 207.758
287.699 299.696
153.967 309.258
269.535 276.843
33.970 266.096
392.210 339.248
329.182 490.336
202.261 380.829
120.788 467.772
200.106 40.587
352.031 131.399
156.701 492.619
156.015 117.296
78.048 9.892
89.022 390.133
203.467 167.459
26.472 343.211
293.755 60.210
148.083 437.794
201.349 161.214
74.782 464.732
158.092 389.344
389.145 292.053
416.189 407.323
131.513 334.865
477.317 244.251
124.932 39.555
267.206 39.880
143.788 232.379
253.240 377.070
370.679 195.320
162.601 196.172
248.205 409.431
211.545 430.441
234.708 442.772
147.879 63.859
237.758 78.192
30.436 474.056
175.599 36.536
310.952 252.233
183.672 216.396
77.431 109.415
170.661 249.406
79.172 210.395
117.206 297.853
429.567 299.755
343.531 204.316
261.421 445.087
199.882 439.130
17.513 64.493
493.772 178.418
18.522 101.036
15.756 458.341
184.013 30.333
230.600 375.979
172.858 324.130
434.676 491.134
261.253 147.255
14.841 455.544
252.753 397.230
37.349 73.321
119.367 192.370
101.581 267.280
341.368 173.679
439.566 340.509
221.262 475.921
212.952 353.368
379.393 44.075
337.141 179.365
345.702 263.176
421.843 286.635
78.409 30.396
467.165 485.342
62.023 253.680
393.666 319.724
354.766 129.023
488.017 416.262
78.867 441.307
139.588 410.099
98.514 79.218
71.361 194.950
219.437 387.273
202.124 357.649
387.310 9.156
311.321 95.101
426.025 447.064
323.319 143.644
490.356 217.553
253.850 469.807
165.258 159.157
285.589 499.959
210.004 333.297
324.538 378.281
181.885 142.234
323.616 146.683
344.337 35.478
256.397 122.488
453.648 250.731
423.959 380.768
252.617 476.089
141.965 376.425
99.985 442.871
489.292 337.192
54.229 182.824
130.310 227.688
46.058 40.980
349.049 264.203
324.443 11.372
433.783 474.335
117.940 485.701
134.037 419.781
33.322 335.503
63.038 247.285
296.857 404.188
336.170 282.546
256.636 107.063
112.630 184.686
211.757 452.959
49.486 326.899
396.710 100.097
129.750 345.244
272.669 327.687
361.722 369.640
207.322 73.156
87.377 219.967
251.903 177.147
283.556 494.602
297.773 368.388
54.745 453.753
483.224 64.306
274.705 24.412
422.956 93.261
495.866 425.245
143.391 116.860
432.084 490.516
60.632 264.781
15.991 69.922
480.559 382.251
223.463 256.748
48.722 165.359
232.122 321.145
161.175 349.272
220.550 358.879
328.423 467.858
91.156 315.654
360.288 111.803
455.637 299.421
487.471 415.095
270.936 66.586
120.181 151.971
351.886 492.404
182.675 76.200
368.432 451.387
321.445 298.464
161.165 445.094
332.436 212.390
71.015 369.856
217.574 243.656
140.613 373.645
67.335 390.029
286.777 171.558
429.759 202.766
86.745 220.005
485.384 236.843
457.953 97.759
21.932 223.905
418.721 157.260
51.265 284.486
171.633 447.171
14.797 52.785
183.936 487.426
308.840 117.804
294.746 34.109
53.832 120.621
273.103 5.238
327.156 428.021
312.669 12.555
281.117 281.588
39.690 425.165
72.068 455.241
28.503 46.738
94.849 101.564
357.893 82.017
420.379 60.752
106.594 355.429
79.395 422.757
173.395 63.838
298.850 282.010
420.677 101.379
271.532 232.662
52.884 0.331
