60.336 298.890
127.439 420.263
440.227 212.733
148.040 21.731
52.261 156.757
38.090 77.016
470.875 45.313
444.167 118.369
110.884 366.941
272.277 364.551
11.325 1.188
93.349 488.035
294.147 346.400
49.512 300.207
369.501 462.377
271.758 481.466
138.488 376.645
403.766 69.865
359.442 216.405
416.094 191.826
271.026 160.121
177.560 260.128
440.736 106.365
102.592 324.736
15.650 222.706
347.133 315.564
140.870 98.779
291.490 289.870
103.238 142.901
379.079 460.067
135.236 409.865
15.056 355.538
197.335 219.862
297.345 302.020
400.060 75.589
456.196 385.784
285.476 477.135
168.881 336.733
131.314 204.884
127.726 234.654
332.012 308.022
168.483 278.661
54.323 250.515
104.472 231.886
75.407 484.907
121.217 364.185
262.490 180.013
101.156 419.613
86.491 484.600
155.146 275.516
282.659 440.274
426.801 84.788
450.943 496.788
6.654 372.604
241.981 177.071
138.811 129.932
82.619 173.339
487.823 422.461
113.219 201.352
400.745 245.847
428.918 222.447
124.949 352.741
330.100 262.610
494.472 15.418
343.838 351.958
226.443 486.968
266.080 237.806
123.635 220.004
496.292 110.344
51.006 405.256
300.322 342.278
269.001 404.885
337.818 70.983
182.322 182.923
430.269 385.652
138.453 272.959
141.352 188.839
415.288 43.242
83.360 13.563
283.326 497.732
293.986 339.396
361.314 98.429
471.167 349.191
36.602 229.177
13.650 361.771
246.958 232.634
404.737 95.721
447.293 209.357
424.188 266.488
34.211 165.953
54.214 98.527
194.034 260.730
315.005 227.529
88.832 103.363
264.831 113.970
344.501 54.963
152.160 208.916
497.537 207.130
400.236 30.681
142.588 169.788
229.567 351.365
467.818 260.548
220.410 329.748
305.799 183.287
171.541 190.055
208.502 385.469
328.368 386.926
423.285 419.740
28.133 453.655
283.228 451.524
210.926 167.129
140.681 191.805
167.338 385.016
307.393 30.073
337.336 87.980
111.720 61.998
341.902 139.757
237.229 26.157
107.592 99.692
304.689 429.582
497.523 296.655
286.242 110.398
435.497 191.690
41.328 118.082
28.458 262.639
135.084 209.563
163.676 139.375
100.490 58.358
460.866 480.345
66.740 437.633
133.206 0.170
90.127 393.266
76.423 477.449
291.954 40.728
112.759 283.282
41.939 43.642
288.045 379.505
458.245 371.982
194.963 236.234
276.348 467.475
293.510 71.839
154.570 374.647
216.312 360.171
15.263 109.762
398.238 217.940
495.762 335.143
27.102 275.619
365.271 477.024
298.333 448.784
57.168 448.800
16.126 243.483
85.342 253.616
350.500 330.968
219.048 386.788
227.122 208.516
160.880 210.906
384.025 335.225
159.377 183.396
89.305 154.049
476.698 199.181
1.541 185.776
296.527 162.541
217.474 444.954
252.057 116.130
117.967 189.565
375.132 114.902
184.415 464.272
3.644 309.105
397.311 320.853
123.247 356.446
472.557 72.926
226.207 78.000
300.491 469.298
261.134 107.498
493.381 355.959
218.427 126.863
448.870 399.781
473.048 229.484
144.633 250.904
343.061 392.097
496.577 260.096
222.569 425.568
384.068 445.582
73.118 454.231
484.473 117.541
127.202 114.435
487.510 38.273
89.800 98.176
167.002 196.551
309.371 147.780
275.801 191.111
4.673 232.963
156.760 106.557
111.280 382.768
454.223 482.148
277.025 341.057
238.717 216.866
94.998 287.373
15.315 405.842
212.672 400.999
443.689 448.830
486.983 433.053
152.510 257.401
14.923 2.569
176.836 162.311
378.461 207.519
439.929 317.939
311.093 327.182
338.741 436.250
70.793 477.774
443.268 382.692
223.992 469.318
95.862 316.290
383.824 306.131
54.787 355.839
334.718 391.582
316.883 224.982
193.851 313.767
370.681 439.286
163.668 327.446
100.074 198.140
206.614 460.293
398.343 153.964
259.301 238.843
270.098 47.624
55.530 469.423
448.998 23.143
415.018 96.581
250.510 226.901
436.921 148.384
310.500 56.824
189.331 146.437
198.178 14.605
175.993 41.000
346.521 16.029
261.929 124.787
164.009 482.670
223.275 448.126
197.805 418.754
49.997 425.330
411.557 458.578
271.256 183.621
334.570 163.718
364.525 375.082
67.034 23.175
79.841 378.674
406.957 89.957
477.430 472.393
291.812 16.062
130.742 325.884
267.346 112.657
179.750 197.671
117.725 183.909
77.151 314.569
147.285 382.491
326.078 63.937
65.479 120.816
142.490 395.560
330.335 362.069
259.141 481.262
202.096 269.930
368.729 107.219
328.808 212.528
342.092 32.140
13.397 134.447
312.583 322.289
400.880 291.399
99.851 243.264
157.423 59.264
88.431 492.279
336.757 177.221
342.057 86.472
207.273 202.842
395.026 494.356
105.930 173.326
329.915 15.028
78.163 318.425
449.136 211.020
252.568 404.609
438.637 296.530
301.458 318.115
355.248 267.394
399.873 485.889
187.407 476.926
92.368 289.570
399.125 124.423
113.622 68.593
195.968 304.610
110.249 398.173
184.349 240.629
222.922 257.023
373.414 118.020
454.317 359.432
144.145 135.238
245.093 7.091
300.719 334.245
6.199 144.278
229.386 342.418
170.037 381.864
58.090 251.921
226.262 210.575
280.586 303.039
244.407 452.485
152.039 311.665
79.143 442.707
391.181 301.890
169.330 243.173
448.185 414.405
233.671 266.015
359.808 23.376
43.528 464.081
280.410 300.402
330.079 160.453
445.496 222.864
238.736 212.087
455.761 286.851
156.468 374.897
188.919 433.668
344.843 490.732
15.095 437.464
293.580 385.469
81.903 225.955
227.215 406.700
438.613 474.029
49.857 233.831
369.074 97.948
141.323 442.770
27.485 159.602
99.128 296.307
63.723 21.158
351.250 266.661
289.856 478.053
476.374 88.012
4.549 19.346
376.531 16.988
31.733 409.609
150.797 393.933
45.713 320.951
299.809 357.787
48.642 486.119
222.529 324.415
100.214 367.752
181.025 270.424
51.800 389.623
389.439 96.346
210.265 221.262
30.848 87.997
411.274 214.834
355.307 179.314
18.414 456.803
155.360 433.532
190.570 257.319
425.483 262.872
256.323 144.815
403.688 385.093
298.655 473.854
215.767 102.404
235.174 344.441
66.530 282.393
428.748 174.441
235.290 482.557
194.969 18.502
432.531 206.926
294.073 388.391
80.207 397.563
237.863 127.592
214.494 451.640
367.395 212.738
460.756 294.674
226.141 305.400
347.183 49.085
189.616 22.261
248.132 125.054
110.667 37.713
429.872 248.807
1.854 117.708
292.563 185.238
82.115 168.769
258.716 343.525
443.563 239.217
178.239 181.860
184.096 2.845
25.646 403.891
142.972 77.396
113.997 397.870
350.939 388.469
70.761 272.146
26.660 261.280
245.933 385.910
283.885 303.160
300.766 160.980
115.804 440.070
390.799 303.303
225.464 444.866
367.776 323.337
186.148 43.014
110.896 47.756
395.636 11.992
153.981 88.904
349.223 388.832
471.171 461.164
339.421 209.994
38.273 411.514
322.148 129.922
421.202 283.480
42.559 244.661
493.072 342.415
1.340 135.851
316.122 231.060
426.742 40.014
237.247 327.470
352.305 225.640
56.574 381.166
244.856 171.028
306.286 395.538
274.620 353.987
73.429 344.287
363.601 420.257
101.382 74.406
192.819 188.339
199.429 333.112
170.391 429.674
309.253 351.013
100.719 240.685
121.964 400.964
103.081 33.128
91.109 97.767
57.879 76.430
90.713 90.430
416.321 24.816
318.077 327.079
7.372 101.861
375.630 24.009
326.220 494.328
333.878 216.874
291.390 491.443
328.292 366.966
130.089 205.148
7.886 414.023
176.215 218.666
206.793 284.151
359.249 131.134
469.464 102.941
101.752 141.214
220.549 427.957
15.678 132.282
166.106 465.774
200.273 301.086
39.194 282.639
273.308 119.118
147.217 9.719
426.382 82.153
436.494 45.566
43.206 28.595
383.430 200.627
111.158 477.682
133.760 71.708
222.886 271.780
245.204 310.716
342.039 239.192
407.968 474.481
482.637 428.313
115.818 445.138
225.291 139.004
367.343 317.413
12.008 367.265
212.370 306.603
358.165 111.213
466.127 481.587
314.113 49.912
54.206 303.499
384.172 94.816
324.701 54.115
265.361 224.112
178.546 444.959
376.276 362.280
270.860 353.455
381.782 275.719
421.500 374.326
386.751 145.548
35.757 337.727
263.499 249.277
320.640 185.367
422.760 468.539
19.925 398.901
371.479 474.959
105.279 126.140
486.787 327.265
228.387 249.644
411.937 352.858
29.584 276.508
386.133 190.780
94.551 171.097
192.904 171.342
100.164 268.324
148.447 174.797
279.645 384.116
267.187 330.907
345.899 471.323
321.611 119.184
51.707 207.704
423.848 120.798
147.559 57.004
404.143 175.373
305.970 180.428
215.740 182.561
375.094 411.564
449.262 284.051
12.400 396.054
323.128 271.576
134.652 184.744
167.330 466.263
432.067 448.307
399.736 317.992
129.101 421.059
89.958 177.262
334.006 232.162
332.420 420.212
447.550 297.610
87.950 287.941
16.580 307.220
77.721 461.909
376.869 18.755
47.532 67.356
245.042 394.628
79.229 366.799
450.932 316.512
438.764 380.362
62.536 376.670
449.227 138.796
430.340 244.141
92.618 455.789
361.046 296.565
157.229 309.807
321.021 396.773
119.854 459.611
448.003 226.091
379.692 165.117
28.888 495.084
258.834 142.981
75.356 147.062
379.132 19.113
289.417 166.376
234.270 338.170
477.875 251.332
478.416 367.568
467.232 69.344
477.295 227.880
401.509 93.834
480.781 110.459
194.215 233.381
407.981 355.755
184.837 427.760
188.998 69.270
321.047 292.797
172.037 277.107
189.947 153.827
264.389 452.093
88.151 407.976
49.866 195.669
254.929 165.677
199.535 246.856
160.968 150.659
482.288 167.223
1.829 255.492
190.029 484.930
450.568 13.944
214.676 103.987
242.065 295.547
307.362 94.888
435.374 151.817
244.704 279.754
486.867 262.740
327.229 40.272
128.680 23.324
274.154 159.824
141.059 470.087
11.490 400.451
451.437 83.917
444.894 375.442
348.092 190.171
32.588 30.948
44.274 498.469
414.776 379.417
213.146 29.859
293.307 33.448
436.755 224.253
493.916 238.828
106.602 486.108
24.426 241.760
217.305 496.664
355.363 84.500
300.279 425.607
15.621 302.189
5.605 86.910
235.933 481.640
374.642 61.194
420.182 90.308
126.021 202.791
464.325 58.615
265.164 162.926
248.639 354.856
304.379 497.739
82.158 283.505
374.533 474.659
426.281 5.877
261.437 76.289
326.211 345.064
20.635 41.244
276.587 83.536
407.136 95.828
375.484 260.960
326.209 27.229
461.023 271.428
403.040 97.054
181.068 200.593
79.697 298.880
181.900 57.446
83.554 138.951
205.110 344.912
488.989 92.733
282.640 149.607
19.462 55.577
10.223 266.503
176.968 476.355
