193.101 68.211
454.329 294.332
464.414 181.298
104.731 393.342
386.340 444.124
246.874 316.172
144.664 17.995
228.445 401.583
157.455 193.047
398.949 134.119
119.660 153.809
326.069 389.331
386.639 345.329
292.458 167.814
240.548 196.620
14.512 164.345
262.146 494.042
192.253 311.776
119.104 43.134
450.803 67.998
493.901 357.511
404.235 468.949
183.260 129.270
260.932 142.813
59.586 439.629
78.292 15.449
235.886 395.231
43.216 231.346
474.248 0.025
362.090 390.351
94.223 186.103
417.817 108.225
146.353 228.161
201.673 348.112
337.787 164.085
464.750 330.694
162.093 448.472
317.704 281.127
414.615 75.344
306.990 203.041
25.849 70.299
215.526 69.614
66.707 275.668
485.531 310.242
429.733 179.767
29.365 114.511
361.002 237.912
52.014 411.586
445.775 330.505
157.559 337.774
114.757 28.605
364.865 440.438
417.506 130.499
439.036 211.660
5.969 149.222
132.910 384.027
117.901 249.530
46.918 342.768
459.936 37.246
325.248 15.981
385.701 308.911
56.232 186.831
202.674 156.017
132.776 449.228
288.783 18.536
286.151 417.912
221.084 14.794
364.850 295.806
405.322 316.430
316.456 192.804
51.627 481.891
24.875 180.147
439.673 342.927
313.053 129.151
123.814 374.955
422.865 74.245
408.537 308.881
325.856 319.587
20.749 261.411
281.592 459.150
131.859 157.504
71.510 364.947
44.231 367.686
147.117 42.278
94.960 138.987
6.801 26.377
345.349 3.589
217.074 222.514
279.569 23.816
172.075 79.228
49.719 466.819
153.153 29.440
386.157 484.156
379.674 278.018
450.345 49.676
6.572 283.819
191.113 171.341
121.232 399.623
242.017 273.251
422.693 135.233
73.815 22.519
398.397 326.526
458.703 105.251
257.098 57.835
345.912 99.545
196.784 34.908
273.592 299.203
137.505 114.508
129.087 481.663
324.232 10.930
271.742 213.575
34.240 274.304
450.467 369.148
343.434 13.716
287.456 261.180
325.137 150.084
218.271 279.887
252.257 6.940
333.310 186.055
292.357 243.975
300.116 136.978
95.392 361.471
180.982 405.000
72.321 240.675
418.303 154.219
58.330 75.746
288.675 465.155
434.666 33.163
476.954 366.648
265.818 234.800
158.561 152.325
277.183 430.916
162.904 388.977
236.612 44.171
81.908 173.413
92.729 324.833
9.568 347.351
207.596 114.446
376.997 8.764
275.837 408.000
495.758 469.493
434.784 369.402
45.098 238.497
447.352 121.987
438.535 248.270
433.276 308.016
72.889 313.251
3.624 297.704
22.050 399.380
104.654 369.217
280.752 96.336
358.022 420.830
144.109 477.769
60.347 322.414
194.095 446.130
262.182 92.961
12.820 228.718
257.024 230.670
293.440 412.807
105.519 311.364
137.358 164.560
167.646 203.393
391.110 20.949
198.055 455.223
423.931 443.819
72.680 382.274
153.231 473.644
401.801 383.359
36.690 468.512
325.877 323.769
356.505 316.932
316.185 334.225
235.989 196.147
348.458 301.992
404.507 75.205
307.874 110.679
7.262 177.549
375.351 357.260
161.752 75.676
295.335 299.302
321.181 80.410
277.089 47.427
60.103 201.820
307.846 471.749
204.814 292.491
111.032 20.543
31.978 157.230
41.946 489.177
106.544 497.520
203.783 112.275
307.896 101.165
433.220 268.244
204.929 369.493
269.272 191.221
132.178 425.060
69.880 205.267
474.602 429.580
106.334 447.584
73.662 143.652
192.429 363.389
15.579 395.898
240.349 399.297
107.746 85.865
196.457 401.873
482.244 290.422
343.633 226.582
124.615 269.170
333.175 383.477
186.594 228.283
403.376 28.668
195.509 498.227
100.169 211.270
381.294 206.592
246.000 276.844
196.361 428.719
318.625 442.027
299.628 222.805
484.955 88.427
313.028 247.778
477.691 93.018
63.635 299.573
83.993 267.140
17.464 18.359
472.058 453.278
321.532 492.371
276.399 47.615
333.624 438.653
423.170 204.403
312.116 222.563
234.093 391.137
46.366 26.515
247.290 417.722
202.473 199.600
341.855 355.376
313.273 80.790
441.553 123.703
259.686 299.538
495.292 114.672
18.460 67.204
475.371 213.034
201.929 225.678
436.243 475.498
151.813 466.370
347.893 311.029
449.490 262.944
400.879 121.579
115.684 169.578
84.343 166.271
375.360 126.127
125.209 43.424
12.419 183.784
357.851 10.743
39.754 177.263
217.155 225.821
105.920 470.619
223.313 485.015
251.708 447.127
33.815 281.457
85.779 26.322
176.837 481.845
181.252 100.979
35.607 40.496
432.948 212.653
190.709 104.523
329.025 75.922
451.810 191.798
259.703 151.465
173.314 245.542
6.809 97.619
221.057 13.784
318.893 379.282
354.134 259.889
497.665 171.891
150.134 238.109
8.194 72.358
163.908 171.802
91.599 98.836
371.628 265.785
116.988 74.954
88.063 339.286
394.321 109.212
494.921 187.962
25.171 250.422
259.708 230.090
273.665 242.391
222.530 489.959
44.160 339.637
81.187 70.409
312.475 317.135
370.801 102.874
404.365 418.231
486.812 140.622
260.382 125.778
344.202 208.023
91.266 236.857
411.339 384.340
136.739 78.864
416.691 131.873
42.578 356.381
109.454 320.621
493.982 481.491
152.703 29.666
128.997 474.270
293.857 166.383
320.173 118.464
262.295 99.512
76.540 408.354
138.490 478.950
247.101 178.595
113.865 84.311
37.009 229.760
270.537 107.393
60.735 282.659
95.212 111.480
57.268 251.134
482.889 405.717
473.000 49.855
268.315 494.192
83.161 241.105
9.884 438.026
430.326 205.012
175.649 451.360
22.697 319.112
142.112 195.358
437.722 342.759
469.733 212.123
35.894 250.638
70.745 17.575
57.435 399.203
67.684 243.887
478.648 336.866
23.616 92.844
33.741 426.082
384.288 70.595
34.409 364.369
165.446 293.521
293.265 385.976
117.921 447.897
141.971 489.635
354.402 84.645
437.245 161.433
237.380 153.268
304.774 307.647
66.402 193.225
202.450 390.169
342.110 400.450
434.037 240.290
136.770 499.468
40.384 409.992
427.900 19.329
29.196 413.918
199.950 211.998
285.090 366.066
373.776 443.049
222.717 463.783
284.357 437.523
115.643 298.158
142.040 223.191
342.655 255.128
424.687 420.810
452.799 262.617
442.771 400.554
286.014 295.583
340.053 171.162
254.430 389.828
371.987 397.486
449.783 494.164
15.945 484.114
456.231 240.628
491.305 136.014
369.737 407.121
265.769 137.219
106.362 217.134
309.763 227.700
235.915 332.332
467.170 189.309
138.783 111.609
433.077 188.025
171.314 415.886
199.577 339.657
116.820 399.161
389.182 248.291
80.058 393.323
141.382 116.018
345.904 452.374
265.845 309.661
418.906 223.098
420.618 380.463
283.335 181.886
297.679 189.679
426.489 218.634
81.538 387.893
162.962 312.347
427.029 496.175
252.649 272.007
234.896 266.142
332.643 217.530
14.522 232.494
75.187 347.306
177.228 19.376
85.673 134.476
76.684 41.748
318.965 382.255
433.178 371.315
18.769 21.664
462.860 50.815
175.772 347.864
16.216 360.716
62.662 361.491
435.598 67.923
494.017 120.561
490.421 300.864
172.310 387.869
464.849 413.080
2.850 183.660
359.853 401.731
195.347 455.424
313.157 260.474
351.402 211.469
489.816 21.495
88.619 284.293
376.424 158.719
260.371 440.948
498.746 364.708
395.855 341.251
300.478 284.530
38.309 428.446
205.387 364.047
64.436 161.328
496.908 277.646
83.941 481.238
239.204 316.784
122.068 493.149
132.247 94.328
388.626 292.822
300.092 436.383
453.393 273.261
327.977 178.256
128.424 96.792
107.794 234.749
214.157 481.664
226.860 403.125
62.534 395.348
395.619 259.323
161.894 433.858
328.177 53.406
383.937 285.353
161.834 153.949
50.900 37.036
217.878 205.499
253.905 443.038
359.233 308.374
244.592 109.408
363.880 471.055
279.287 139.579
97.148 240.506
404.332 197.705
45.535 354.676
29.003 52.733
101.023 79.561
352.984 250.279
240.925 258.565
360.422 477.861
7.345 308.009
162.046 227.612
171.752 369.405
258.575 186.589
451.622 19.456
468.209 165.750
170.604 322.363
295.113 320.198
89.090 33.028
479.335 270.507
140.734 10.950
293.671 107.869
131.700 330.598
121.587 406.657
417.696 204.850
55.109 164.024
221.791 116.442
205.945 413.826
482.940 411.353
446.763 281.709
161.889 282.337
237.061 391.716
397.362 217.787
388.677 116.282
361.751 417.623
25.508 373.926
13.475 459.038
227.759 303.579
416.307 412.946
354.081 440.964
123.221 69.343
312.519 376.639
366.836 302.738
213.024 129.946
377.426 193.956
283.742 481.214
81.031 110.232
465.902 272.625
110.111 313.520
241.781 159.980
277.390 283.219
242.875 416.603
372.227 369.156
277.451 5.992
203.885 273.765
202.542 412.365
195.011 43.229
116.755 496.815
107.130 58.008
259.113 307.350
303.633 169.204
49.708 297.077
348.393 265.869
41.003 488.819
37.630 263.443
481.469 78.178
156.619 52.332
133.400 63.750
91.703 9.071
108.188 425.300
477.630 225.207
111.555 447.623
319.799 12.199
312.001 316.801
27.323 448.285
70.390 108.318
130.135 318.627
94.469 90.791
367.117 354.946
345.864 192.569
32.558 121.098
43.191 203.975
437.475 141.259
126.263 128.240
180.158 317.318
479.857 446.446
214.556 172.554
271.330 331.933
220.976 161.724
284.651 147.994
316.242 333.455
442.493 327.600
488.204 93.439
285.995 498.204
410.412 138.683
46.027 332.715
308.145 173.709
111.748 139.549
46.139 394.050
336.113 466.687
352.400 397.509
19.628 153.900
252.472 400.915
190.174 270.090
24.735 405.576
466.045 107.982
336.150 176.613
88.614 170.581
403.571 66.603
465.452 154.830
7.564 211.777
483.266 385.327
293.647 243.693
313.281 324.827
212.923 346.689
61.287 498.643
126.377 134.201
192.412 132.476
299.998 461.461
100.648 306.223
351.499 256.014
31.048 115.938
376.732 424.674
128.279 455.263
452.954 18.049
121.162 203.325
184.114 453.054
468.783 374.163
165.937 118.827
65.720 86.752
387.406 369.684
234.401 231.078
27.622 455.976
304.362 165.772
27.086 277.766
492.236 459.150
196.082 336.076
416.949 61.007
441.859 227.068
148.369 4.927
341.132 317.145
313.605 74.157
473.371 165.400
181.239 201.332
39.652 466.660
124.796 6.780
302.566 14.938
249.119 277.328
486.803 70.937
110.298 468.200
293.942 310.150
3.440 237.805
418.179 366.662
197.984 234.312
148.114 317.275
402.994 291.356
343.009 281.247
413.353 179.647
344.363 342.087
327.871 421.105
144.419 444.682
424.071 363.698
319.093 401.857
428.486 310.167
265.251 463.015
54.688 188.140
261.588 370.414
279.232 373.428
9.557 210.480
342.310 43.951
389.108 154.001
111.867 491.676
