24.184 362.246
469.205 83.868
212.299 43.976
172.776 268.390
139.779 422.689
335.258 98.289
137.144 450.012
210.838 254.105
60.147 289.681
320.700 323.024
255.131 300.751
236.827 108.930
372.042 340.144
280.827 401.020
155.963 245.467
456.532 440.135
202.631 39.748
256.353 247.787
205.351 19.763
489.135 313.545
31.996 106.888
368.566 34.296
296.102 237.759
196.796 148.938
381.518 329.274
475.794 38.083
76.804 387.706
423.431 445.163
327.501 397.102
6.761 460.416
13.520 380.028
445.029 358.146
309.794 428.597
166.062 90.441
311.369 200.837
290.498 358.240
490.393 245.998
450.635 181.324
336.874 41.777
203.160 316.018
59.539 371.127
188.730 389.187
65.888 127.122
377.258 185.750
323.193 449.090
330.499 132.607
461.835 40.958
35.943 409.469
142.458 364.821
38.724 150.550
426.500 298.572
440.754 84.796
168.768 345.380
74.603 216.400
463.445 453.209
80.258 210.290
283.235 439.601
116.094 21.409
119.898 432.365
78.409 12.909
140.377 475.406
214.171 132.735
97.450 29.074
41.736 111.158
499.318 146.876
38.213 443.633
328.702 84.005
312.610 72.337
209.818 425.492
400.861 302.112
316.266 77.683
217.355 316.597
5.454 379.218
401.339 28.626
13.414 372.968
423.034 417.341
220.024 22.075
47.736 439.571
12.136 38.126
418.945 90.826
225.643 224.069
473.374 436.086
457.767 229.247
213.760 217.480
368.950 401.089
309.878 105.268
384.671 51.942
233.147 350.581
161.671 352.109
308.466 212.769
21.651 469.552
102.074 269.456
271.455 25.783
160.441 152.568
23.182 318.078
302.236 107.571
330.913 177.089
325.009 176.068
391.230 245.629
155.618 472.758
260.700 264.574
334.531 246.550
84.169 109.958
382.515 456.640
210.812 409.521
362.488 292.425
311.035 248.699
367.825 75.748
260.876 209.511
246.900 231.476
44.202 41.784
478.491 233.084
243.723 228.142
287.819 28.871
245.323 171.390
166.420 322.859
411.415 453.609
10.041 28.287
462.309 126.116
37.453 6.012
367.642 156.250
288.228 219.830
486.327 64.814
119.203 396.557
197.714 485.784
228.408 288.598
11.185 278.686
83.027 217.619
62.208 49.696
335.448 168.985
232.287 193.641
153.149 128.976
91.270 286.340
200.879 156.980
102.191 171.923
245.826 114.080
123.573 482.510
100.227 24.674
296.419 418.216
431.891 415.615
399.164 367.795
195.335 60.377
346.588 123.380
358.790 154.880
216.511 431.871
48.106 80.545
206.032 250.538
406.481 217.796
446.912 375.697
52.009 476.104
69.788 378.907
291.989 255.030
459.913 0.664
113.674 80.742
494.932 215.479
202.925 107.367
143.569 370.782
22.058 3.305
256.708 434.479
170.632 48.067
261.810 465.121
377.096 360.553
448.422 483.889
392.785 419.785
254.773 332.876
431.805 275.741
260.195 328.769
149.499 348.674
127.208 0.220
483.851 421.646
379.103 113.403
157.034 88.831
259.634 146.961
233.430 72.681
37.432 485.923
446.190 233.505
499.033 96.649
383.826 326.217
172.895 262.113
401.799 120.008
118.085 242.057
42.025 197.612
294.765 48.609
221.283 344.499
164.976 238.552
372.852 241.556
37.287 296.623
420.686 466.811
24.778 410.040
244.246 460.233
280.979 161.177
486.623 181.413
134.077 320.575
245.334 261.894
420.933 370.689
174.866 60.209
225.712 357.180
221.323 51.690
29.942 256.652
384.130 160.526
31.990 13.811
86.776 495.999
371.405 125.481
301.180 50.482
451.937 153.266
244.611 147.594
322.284 96.113
233.412 284.416
474.953 467.712
74.367 130.531
440.391 4.957
453.084 145.528
294.936 306.688
58.797 67.601
86.126 462.789
75.503 353.125
7.518 367.400
117.493 470.340
362.645 224.892
130.698 395.656
220.330 200.220
480.608 1.342
336.098 175.592
352.102 57.886
263.957 368.536
339.495 127.741
102.661 281.109
185.898 145.916
419.365 354.473
0.907 81.161
211.063 46.523
354.161 142.268
262.326 145.092
352.701 137.804
49.825 402.785
148.582 489.000
98.786 231.146
99.271 387.987
318.750 448.802
40.083 337.490
156.026 229.106
309.102 7.051
49.614 290.225
127.088 89.879
258.286 62.589
253.848 289.681
254.173 206.496
458.940 75.757
404.628 362.046
367.673 171.489
35.283 329.463
405.264 106.767
307.883 291.316
257.036 259.536
239.339 189.600
9.869 63.895
210.721 351.541
493.645 219.217
349.777 442.517
263.559 278.641
292.516 324.819
111.610 191.387
488.580 22.994
291.252 266.825
199.454 150.421
311.168 22.038
363.137 366.326
475.863 125.654
444.051 233.573
26.088 262.435
487.029 317.035
286.575 116.499
473.001 187.547
194.167 319.445
157.317 471.104
366.281 446.189
197.389 296.404
290.716 338.455
433.612 371.854
99.543 466.233
166.513 152.344
64.458 281.591
276.472 267.950
68.202 236.419
449.986 267.613
377.490 324.501
490.089 186.394
395.796 218.739
151.931 39.810
180.443 37.364
65.280 0.727
79.071 141.910
287.450 355.131
97.493 204.820
357.817 204.824
204.903 185.749
29.831 210.856
142.304 123.578
85.953 39.778
448.558 167.437
280.697 86.177
78.104 234.658
360.419 236.504
101.148 40.509
128.468 472.500
251.373 335.891
385.648 203.389
166.713 205.015
0.882 103.713
338.531 403.415
268.143 156.001
258.746 137.289
128.160 33.266
140.627 260.480
294.018 153.593
226.437 209.038
184.456 68.852
341.262 328.609
177.458 109.698
276.781 273.010
440.767 143.630
470.468 13.937
226.478 51.597
450.704 401.760
167.117 465.462
206.965 385.815
198.204 324.160
479.241 106.369
477.891 63.254
158.844 181.446
155.321 237.078
129.027 395.127
59.629 383.513
118.447 454.628
396.916 99.005
498.297 56.598
345.863 340.690
327.029 344.383
351.472 188.919
495.684 1.235
178.421 477.612
175.619 417.269
63.653 323.693
270.723 262.282
221.674 490.518
257.421 144.241
477.819 422.931
466.469 22.259
268.369 235.568
460.678 88.239
168.359 288.052
208.845 2.680
187.439 480.566
83.710 382.998
296.787 305.648
300.979 357.139
361.760 304.162
466.118 20.953
148.000 104.342
125.867 268.100
299.193 114.303
406.581 413.937
417.192 166.790
63.659 67.526
343.531 240.072
460.337 168.332
392.416 138.195
291.586 6.746
177.055 403.084
419.540 99.220
384.996 423.328
459.168 71.788
368.870 212.637
177.261 166.303
292.632 44.096
250.924 302.989
178.368 436.278
165.647 270.742
391.522 201.261
37.053 290.469
362.226 89.218
47.124 186.240
192.982 255.876
23.516 258.555
70.016 434.585
161.684 207.892
22.998 457.338
302.047 72.097
94.183 295.343
198.113 448.699
217.675 245.237
224.308 282.223
356.908 225.737
139.239 245.248
29.467 228.485
290.428 287.576
357.693 84.624
388.452 353.368
143.388 11.552
341.535 128.945
152.543 496.590
399.793 13.880
155.582 477.109
419.958 210.454
148.920 79.805
272.113 49.135
20.039 144.116
22.476 6.169
468.321 245.469
124.914 21.808
220.935 224.320
284.132 497.983
84.130 436.460
80.356 316.341
320.838 98.390
157.131 259.127
117.806 244.559
248.901 77.843
336.944 362.615
225.067 150.726
60.439 212.631
315.260 317.186
495.222 383.153
84.520 116.396
171.580 39.613
287.391 8.433
271.946 470.107
189.860 225.389
410.317 36.697
239.077 354.301
304.378 260.313
92.052 473.565
17.029 297.463
90.421 404.373
357.553 66.939
159.556 371.995
187.860 115.066
281.448 149.249
254.990 336.385
202.213 81.574
241.347 188.907
250.636 219.390
6.096 483.481
102.540 454.153
19.304 383.718
313.588 191.074
16.942 239.364
318.298 391.063
64.544 433.189
34.931 255.897
70.829 176.700
96.751 136.035
189.608 47.665
186.714 75.455
479.048 35.283
493.913 466.551
457.894 56.140
63.565 291.843
450.146 351.043
316.048 108.547
77.419 251.219
164.263 43.917
193.973 76.112
88.891 230.254
239.630 397.810
120.011 108.632
94.411 175.414
228.636 429.351
40.294 124.112
61.061 483.981
30.179 364.182
459.782 41.537
468.081 393.569
271.217 79.023
268.653 300.875
186.704 97.514
74.211 241.822
269.731 10.198
414.879 427.662
174.219 194.954
8.577 347.981
495.744 447.648
396.391 86.050
257.562 496.193
251.265 484.417
270.840 200.184
13.744 335.898
41.695 291.908
354.505 318.999
487.224 34.980
253.021 400.928
103.804 76.875
233.427 39.221
432.091 229.543
421.293 264.313
472.094 231.045
179.969 71.414
440.588 352.574
128.528 332.679
205.493 354.107
116.344 299.940
256.362 435.756
430.869 293.979
336.127 436.606
221.728 26.943
499.339 358.266
255.783 50.388
68.832 481.843
65.180 476.590
186.602 109.458
252.085 412.487
97.600 485.324
283.502 152.420
351.849 5.663
78.440 192.090
68.641 193.992
363.895 364.113
187.883 384.216
351.212 268.324
6.287 161.757
148.286 396.800
304.117 123.228
364.391 77.062
393.567 306.036
209.347 489.980
30.462 138.962
345.880 247.459
225.411 29.536
354.179 419.873
5.518 345.167
283.750 471.286
245.022 409.704
95.267 378.749
45.498 406.613
433.759 406.979
459.756 19.425
82.490 150.213
358.537 494.884
30.691 9.093
366.147 322.456
399.070 352.983
87.719 191.526
29.642 488.197
450.440 343.062
205.182 260.346
223.354 89.815
135.272 405.994
65.044 267.083
248.351 455.378
107.938 128.781
356.970 42.753
78.872 390.274
411.200 303.782
366.243 326.560
118.404 345.221
254.147 433.267
360.237 387.730
41.092 204.320
206.940 47.830
473.635 252.069
244.560 85.049
94.832 404.394
185.371 133.156
185.604 200.656
436.011 311.844
163.247 424.862
297.446 212.663
434.967 354.314
455.104 364.009
308.842 406.854
16.810 266.409
123.962 0.526
85.917 453.493
67.217 241.812
390.302 340.123
428.603 280.993
147.636 340.503
266.012 330.330
318.068 463.407
126.696 114.925
36.121 92.086
394.355 227.331
38.553 272.692
163.315 239.824
354.933 328.701
365.707 88.312
461.194 197.560
167.846 106.738
231.990 132.785
244.539 486.475
467.272 462.031
261.856 414.277
434.005 18.203
130.259 282.132
181.366 281.153
71.352 157.405
114.390 122.789
135.083 361.235
406.145 309.858
431.039 217.732
210.368 169.001
5.122 84.810
15.566 231.495
307.702 119.484
108.918 103.434
490.386 363.807
234.880 420.352
443.384 453.706
135.597 153.016
408.820 193.293
268.929 258.717
64.797 256.606
351.343 222.772
328.952 496.241
14.319 347.142
107.835 257.545
328.714 417.635
56.756 7.593
280.368 389.373
203.390 185.308
403.154 309.870
272.200 478.774
98.525 481.458
194.682 475.534
105.837 123.644
