479.562 115.882
305.767 256.085
207.732 446.419
309.230 133.094
194.428 375.714
444.446 406.010
434.322 262.867
161.619 302.144
143.263 303.639
465.827 273.983
465.778 83.848
428.632 449.531
482.028 462.609
26.323 40.091
431.673 295.482
372.916 453.632
494.948 16.315
242.759 382.043
428.744 101.478
178.433 151.998
438.721 25.043
164.080 146.338
491.296 29.123
382.227 52.347
481.872 212.676
165.142 263.426
217.637 224.118
375.202 38.253
379.847 88.379
249.131 35.075
398.620 495.519
75.543 35.341
38.428 119.228
160.658 263.054
356.988 458.954
311.899 85.834
30.135 246.586
310.797 137.239
280.110 166.588
69.213 205.789
279.535 405.652
452.569 6.925
255.258 453.938
460.708 164.591
214.481 56.776
211.196 330.251
144.929 93.686
230.376 393.652
463.225 43.887
252.236 443.816
24.531 360.554
370.844 1.939
199.050 341.579
162.561 182.196
495.515 423.045
421.573 124.457
59.837 166.934
351.282 449.002
464.915 47.980
379.496 344.025
367.941 243.543
307.572 335.998
281.018 430.407
436.777 375.742
335.628 400.514
64.896 449.977
467.787 7.919
121.441 427.428
125.230 162.460
98.096 333.964
154.436 49.483
473.517 237.451
270.684 456.097
233.105 335.153
79.643 459.302
236.653 356.590
126.316 188.540
163.976 21.133
369.848 298.988
53.711 365.534
326.841 271.428
32.753 357.641
98.547 19.040
136.659 77.256
282.205 423.184
348.145 120.584
496.797 10.690
441.313 416.456
489.636 290.605
375.763 435.085
134.028 349.354
199.365 166.661
481.355 446.088
67.389 276.782
239.396 275.160
431.544 59.225
372.551 460.861
339.698 322.444
465.509 165.153
224.732 0.168
257.694 68.739
405.870 300.571
290.751 381.551
283.043 318.785
348.251 486.333
232.201 347.053
122.198 404.197
51.896 398.533
280.915 267.320
93.309 457.308
159.998 237.798
94.532 418.722
383.437 158.047
18.650 42.514
475.215 351.010
377.708 166.622
137.640 363.232
331.075 45.388
263.419 164.186
17.285 375.947
144.151 466.623
158.470 433.808
209.960 58.218
478.857 164.508
258.040 345.716
480.102 95.508
151.190 205.997
343.268 164.766
321.528 113.583
201.321 82.946
420.491 130.417
86.226 273.307
415.685 20.896
224.117 70.669
71.329 496.536
274.370 276.399
310.247 153.622
245.979 338.270
44.234 73.062
319.825 131.400
111.377 92.358
145.221 438.988
165.000 51.175
477.485 236.657
29.837 268.576
112.966 264.684
180.341 260.880
229.690 348.851
203.104 304.757
6.834 415.948
22.732 241.672
427.398 301.090
355.551 72.804
38.805 244.050
495.077 21.435
291.659 394.061
171.009 456.531
338.857 477.332
208.283 259.827
409.209 431.309
473.183 470.759
397.309 262.070
69.079 426.516
460.745 266.432
440.916 309.554
182.826 474.946
137.415 90.099
174.315 460.853
184.935 416.178
456.168 434.339
131.568 320.328
149.145 297.534
40.221 393.558
190.863 24.428
387.081 210.030
79.248 74.840
316.747 355.485
59.056 249.337
173.545 254.856
438.672 74.720
478.135 260.269
441.797 113.974
203.302 369.304
198.744 126.064
383.824 314.385
223.080 29.009
50.808 109.466
213.061 434.817
62.680 74.794
370.472 314.782
446.794 162.987
34.035 359.756
369.582 295.459
186.037 436.229
76.163 358.273
497.359 227.726
211.804 309.498
357.712 449.636
498.997 76.927
124.441 495.279
39.025 479.874
225.417 78.619
146.489 405.679
211.152 433.010
383.270 425.627
211.097 83.973
131.789 315.042
425.331 296.943
352.311 53.807
219.777 490.417
280.113 98.658
141.878 247.429
357.350 248.089
228.761 160.198
71.404 231.051
61.782 226.507
484.219 319.216
174.417 401.426
4.260 67.125
329.415 228.691
422.980 90.086
210.018 139.529
392.033 0.493
345.109 182.973
373.358 233.558
201.303 115.616
77.213 476.815
210.254 473.901
18.704 69.871
265.771 389.865
197.413 256.305
418.364 122.062
473.442 323.546
335.334 345.816
69.225 249.354
84.042 441.769
325.146 483.800
10.370 305.312
152.369 157.810
124.600 422.630
431.479 395.048
91.346 467.626
247.948 262.172
80.710 214.645
149.143 343.930
190.734 311.239
278.280 188.392
444.812 61.694
221.323 302.604
277.559 209.297
182.422 429.793
149.120 344.725
42.512 49.526
19.153 265.811
69.243 343.392
96.862 186.427
356.780 478.839
146.275 225.268
477.247 487.170
482.386 99.483
37.980 253.437
449.220 247.941
58.235 35.563
34.166 67.649
197.867 299.991
224.760 45.589
163.785 159.761
232.108 454.166
396.601 373.931
346.852 27.818
186.942 32.135
373.772 18.615
249.645 389.842
114.487 324.301
222.070 453.418
261.583 126.766
159.216 464.095
79.672 176.268
64.547 150.096
133.191 390.043
78.608 213.826
147.508 218.469
490.826 413.721
0.069 111.735
225.544 232.410
345.713 104.418
109.057 281.440
222.113 199.535
67.093 215.525
268.452 385.838
374.461 417.107
378.803 374.118
35.583 204.096
473.764 205.270
384.264 201.527
383.508 448.763
158.568 119.508
280.911 2.452
59.489 368.645
31.671 339.686
388.623 426.663
52.127 269.085
16.041 433.660
46.087 300.424
17.238 245.861
437.178 88.415
485.499 64.566
79.115 81.396
108.546 215.424
441.414 283.333
9.732 104.572
88.644 327.013
32.367 170.205
466.351 242.061
40.218 231.348
32.680 465.926
255.914 408.782
65.946 27.415
91.918 96.481
15.075 389.465
346.680 50.920
146.679 212.621
262.395 81.315
249.553 299.401
112.236 134.535
467.085 114.460
474.160 148.294
127.566 40.713
2.614 150.460
306.239 102.661
163.189 153.132
382.638 277.067
272.491 169.032
322.816 345.986
365.987 352.348
433.254 139.485
80.787 167.525
28.534 315.022
197.186 62.612
490.336 374.908
15.274 120.176
180.666 413.151
122.462 358.750
78.363 214.098
299.579 238.105
180.317 227.890
252.992 75.582
82.944 139.027
392.392 251.972
473.985 31.143
51.715 375.362
246.783 244.470
473.715 290.982
351.437 411.711
93.461 58.399
62.375 44.061
267.425 35.404
188.125 45.331
172.274 40.609
188.100 226.526
451.742 28.162
74.121 306.152
441.272 492.997
439.060 13.532
47.436 102.031
195.998 108.086
68.893 459.047
339.303 59.884
93.325 170.906
428.475 454.406
292.314 299.361
189.416 191.861
164.337 41.453
14.744 116.823
189.586 382.177
456.071 497.803
202.128 279.542
281.802 273.954
24.809 125.217
246.932 200.935
378.249 308.517
408.509 316.752
3.421 51.186
132.778 55.753
199.176 49.461
488.798 26.940
388.684 417.218
78.155 274.173
219.683 432.695
219.700 452.143
188.428 217.748
407.070 451.529
346.044 52.515
257.174 48.443
336.464 488.732
30.998 468.062
59.291 462.540
156.513 277.453
314.839 259.721
368.417 2.742
204.580 231.824
197.171 425.771
283.101 76.744
70.048 403.114
474.328 349.672
88.873 117.736
472.635 375.046
133.180 7.562
142.532 189.096
363.443 19.553
90.766 114.691
499.835 381.455
413.220 379.792
115.922 42.871
86.650 106.218
9.934 251.068
349.862 72.093
47.982 268.205
300.782 272.578
220.690 254.645
466.476 76.009
427.492 40.300
287.146 335.678
393.370 122.007
440.416 484.629
24.651 65.119
47.329 60.238
317.152 246.199
422.797 34.765
181.731 415.461
223.014 143.226
115.866 428.702
312.197 480.637
111.968 478.598
234.484 310.054
400.421 334.775
351.863 416.289
145.784 263.349
413.649 474.637
117.028 310.066
120.823 421.874
147.507 96.933
211.634 113.086
437.049 200.984
390.095 339.331
459.793 307.855
459.577 137.847
462.120 89.951
149.422 292.464
62.970 112.614
187.453 202.111
349.557 360.445
264.026 316.329
312.311 478.052
343.677 294.630
49.928 93.690
490.538 388.785
400.315 446.429
100.402 80.473
9.001 268.361
394.347 393.913
336.988 165.682
194.821 1.001
10.213 174.007
398.912 443.481
452.581 309.937
116.859 317.191
30.282 209.831
334.365 163.725
152.840 268.271
434.944 291.627
106.392 116.930
433.599 65.181
438.145 274.132
120.467 484.607
491.197 39.824
54.746 426.016
220.644 415.883
358.148 420.637
99.314 265.554
140.392 208.109
233.154 350.138
244.613 444.484
252.092 471.250
358.986 29.681
437.040 57.749
330.522 213.042
467.496 290.895
288.357 3.652
317.920 274.448
244.494 83.275
140.155 173.112
461.578 442.906
95.916 416.126
189.201 352.810
177.884 487.046
94.278 404.987
163.505 323.359
266.891 488.518
190.065 278.741
83.908 354.438
215.549 135.540
89.976 497.954
373.399 318.576
270.418 143.440
226.629 238.911
285.492 479.294
172.601 369.488
245.685 430.813
323.559 144.997
393.888 456.494
319.210 312.287
162.007 79.544
135.886 72.610
317.401 62.554
200.155 230.014
155.031 297.765
414.991 453.572
291.037 53.677
423.696 287.423
319.320 265.285
384.038 20.994
199.752 51.745
54.526 119.368
301.318 286.517
49.031 111.324
369.170 367.396
299.627 178.358
494.768 241.078
394.729 395.111
277.358 495.634
60.755 186.953
101.155 66.533
211.416 300.826
135.921 314.840
437.898 37.846
53.517 265.213
357.721 265.892
239.370 367.650
65.806 226.932
187.387 181.597
64.527 321.600
220.378 103.799
199.650 223.615
462.296 481.099
488.780 156.492
61.297 172.914
325.833 281.668
449.867 136.468
351.039 26.627
340.091 40.877
306.359 206.549
73.086 194.691
207.159 297.531
169.674 363.626
94.076 474.333
127.102 126.050
393.952 123.735
497.405 245.371
195.004 308.633
91.713 198.409
193.596 68.840
65.431 76.036
483.890 237.977
40.701 481.402
434.655 275.246
359.089 406.152
455.890 309.570
139.765 480.580
288.540 63.503
311.074 405.627
10.599 493.667
474.647 267.779
155.054 402.078
0.786 183.064
440.200 328.294
6.868 349.348
305.487 174.161
485.377 230.120
110.214 359.702
413.903 402.983
403.362 127.715
163.490 5.898
463.631 450.560
309.049 367.852
417.827 212.373
457.771 49.812
430.823 243.924
434.264 256.279
156.575 354.074
399.772 136.789
495.904 113.727
398.042 181.932
68.468 46.088
429.016 299.627
14.221 460.926
280.249 171.588
47.642 257.862
399.015 288.418
119.324 163.546
488.661 354.492
278.158 461.742
398.021 73.295
249.878 342.846
458.088 317.650
408.059 114.131
442.823 141.630
278.241 459.490
81.156 169.059
212.077 472.305
49.981 90.511
241.427 178.381
83.080 220.845
166.658 294.581
273.311 441.000
171.632 453.832
71.732 106.431
368.075 278.076
434.064 368.999
198.062 363.667
102.271 184.675
360.738 264.671
24.324 0.270
13.564 163.311
442.387 125.187
