131.390 418.126
429.916 374.863
305.855 493.352
138.593 297.473
350.972 380.426
353.982 178.611
296.409 45.329
329.732 64.033
99.872 176.061
321.251 155.479
355.133 350.678
381.603 86.440
474.847 181.857
398.955 45.301
242.564 204.319
57.843 283.881
346.124 39.181
404.370 149.224
86.219 161.409
415.293 320.261
71.075 437.801
323.501 112.097
74.246 75.379
90.058 397.744
388.099 239.165
129.585 73.766
21.372 143.316
432.640 264.646
293.564 490.390
429.418 354.812
292.242 255.966
87.654 47.755
91.134 20.720
429.439 322.482
7.208 431.215
46.409 411.145
221.483 175.716
246.727 41.421
134.472 42.977
432.730 50.124
494.234 420.732
442.041 484.812
226.968 242.986
79.799 208.255
255.706 31.785
252.729 238.171
16.471 195.417
337.695 448.019
418.597 421.556
210.748 34.857
455.670 259.708
330.361 273.434
315.383 315.699
256.523 379.060
111.762 320.144
263.946 353.996
328.468 225.237
23.301 327.338
129.711 183.614
157.137 295.827
25.870 440.512
57.309 319.149
111.690 109.109
380.665 47.815
67.250 94.725
319.957 3.269
225.089 277.620
373.598 119.075
67.034 386.928
399.773 280.377
44.921 61.082
335.747 298.885
95.827 315.597
477.911 151.637
450.731 69.263
143.039 195.617
212.437 168.417
301.480 121.597
205.819 269.734
486.909 309.789
385.005 199.874
441.940 309.094
276.884 11.685
21.637 164.071
362.701 494.615
308.558 60.974
469.497 400.926
377.423 11.326
83.713 298.953
174.573 488.737
225.961 403.512
257.485 347.467
72.870 480.685
214.449 470.132
51.682 325.433
234.828 332.460
73.787 146.289
167.020 61.580
146.116 479.274
464.056 196.830
398.320 20.506
392.763 370.514
87.161 384.033
161.749 10.095
281.368 333.748
436.359 240.081
314.725 414.979
295.033 130.522
334.673 306.217
229.360 152.785
157.269 380.322
429.274 10.794
300.021 276.544
174.540 250.674
320.299 214.283
323.429 46.262
452.767 106.679
82.924 373.833
409.020 213.104
393.509 456.088
141.605 79.401
349.448 339.031
481.970 448.972
79.471 457.951
189.005 207.196
239.882 439.805
433.645 331.794
378.045 143.889
182.773 105.442
9.545 278.208
470.400 67.318
343.901 168.274
460.553 14.663
237.096 301.599
255.131 401.640
386.301 166.114
257.927 281.024
229.909 52.502
104.683 383.772
446.608 75.986
357.944 450.778
225.441 41.479
434.385 385.896
342.329 165.759
273.063 102.942
63.371 316.208
175.091 109.502
251.808 112.457
420.794 478.109
349.068 494.708
268.170 339.924
190.657 304.419
376.481 319.179
353.656 466.365
148.528 57.076
18.560 484.379
99.427 371.692
456.433 137.041
387.037 170.046
197.713 231.634
62.248 225.710
348.741 246.727
246.071 58.181
483.799 317.872
317.739 63.617
425.392 120.878
368.275 244.560
448.680 115.577
123.107 131.082
196.517 120.398
354.298 224.522
489.594 80.491
181.542 75.608
462.837 158.207
289.069 1.613
367.809 441.865
328.944 67.977
110.549 263.136
135.953 74.340
257.907 133.937
217.557 212.777
138.079 134.514
462.689 400.525
64.108 20.954
224.307 469.310
111.564 62.226
312.077 226.840
10.552 160.817
239.607 438.707
375.022 493.982
490.133 229.258
484.637 299.182
181.583 95.128
218.077 476.206
88.829 38.549
217.960 42.792
223.237 134.976
95.549 296.160
61.224 432.230
327.940 212.220
223.592 30.455
465.320 420.662
30.808 137.615
127.909 124.577
194.115 260.380
306.866 169.265
396.844 461.310
352.271 469.391
98.029 177.490
317.950 265.184
309.562 299.358
154.036 225.883
426.385 386.793
346.525 93.789
287.384 478.994
318.722 3.885
205.410 283.569
293.393 267.503
255.596 184.319
451.800 379.857
43.233 99.836
376.107 428.501
93.638 326.970
103.211 314.959
397.663 230.025
215.536 489.829
233.193 70.752
312.025 439.018
387.557 309.474
116.734 14.654
198.772 262.310
42.541 436.146
364.238 381.767
123.708 208.607
102.924 303.470
0.612 94.245
371.815 75.780
374.319 106.364
134.682 310.210
230.343 157.557
240.954 229.374
269.066 477.582
411.294 488.886
424.473 100.128
306.308 185.243
417.936 205.717
201.438 333.043
180.516 20.093
251.503 361.177
347.023 29.026
431.865 295.927
204.158 418.500
195.933 50.334
411.679 130.016
76.054 118.502
435.342 59.970
46.228 66.353
142.079 79.474
242.593 274.601
280.749 41.126
173.836 453.132
390.546 455.293
296.221 332.001
80.757 125.348
60.374 316.019
415.071 255.301
216.153 265.758
202.906 437.664
459.677 335.091
202.615 37.832
430.603 100.840
132.659 40.598
325.037 375.047
306.104 56.311
34.196 464.960
419.671 207.655
351.107 357.808
224.952 40.864
295.779 346.322
198.858 136.844
84.100 115.985
106.859 411.362
170.229 333.291
228.093 359.886
398.414 213.662
307.051 141.742
409.946 339.874
91.226 80.119
32.355 381.164
96.983 143.011
18.437 86.347
210.675 408.889
137.772 242.135
390.617 336.986
287.666 153.734
40.950 463.292
290.887 431.373
87.576 166.496
374.344 286.882
24.670 37.122
222.299 129.295
116.342 150.558
23.904 434.085
343.922 274.410
316.276 169.661
105.615 172.165
273.596 126.121
99.626 131.426
214.531 378.694
495.305 203.773
469.845 183.488
337.082 313.299
430.181 113.947
307.677 96.377
14.585 388.933
385.407 41.371
144.426 386.718
55.777 372.015
353.137 132.719
40.578 443.119
493.802 218.369
195.422 472.968
429.019 138.158
188.151 141.812
451.211 319.349
193.385 338.524
115.069 232.129
160.793 74.833
111.785 337.302
374.870 197.018
140.439 258.603
42.379 382.176
12.322 177.428
101.006 245.463
75.499 186.450
390.150 227.616
88.284 211.075
216.643 275.299
150.989 146.686
210.530 279.332
378.334 223.113
100.514 455.095
127.491 164.098
192.347 393.556
24.034 258.763
289.024 414.334
291.162 312.277
46.817 328.048
406.412 489.352
155.271 317.825
106.311 485.047
276.087 217.772
181.902 317.135
265.439 467.086
228.349 239.250
392.879 402.333
202.794 113.080
211.859 352.014
337.310 369.236
7.293 126.896
438.432 341.542
203.750 43.665
78.384 354.176
167.263 397.132
112.500 472.961
362.001 224.306
245.688 105.723
174.623 386.142
18.410 428.931
465.266 205.989
121.369 420.227
333.114 440.624
488.372 261.438
256.709 297.379
486.617 319.347
470.470 322.651
302.213 365.117
69.721 136.603
441.768 390.519
170.666 286.683
214.816 321.125
2.088 357.166
446.559 479.235
452.801 75.697
291.177 440.626
448.847 158.282
217.572 312.704
200.575 347.451
307.077 214.841
370.956 417.991
146.938 435.719
104.132 88.348
8.356 484.933
83.028 50.977
140.963 469.637
259.810 468.720
36.545 78.535
239.277 74.295
359.009 478.514
333.044 289.118
238.101 285.361
193.422 87.567
189.219 382.684
239.056 260.005
475.676 392.743
224.594 90.614
460.648 410.125
457.010 362.223
29.813 246.976
311.876 175.935
352.028 13.037
135.620 156.226
387.622 417.992
378.405 42.359
129.092 11.970
68.744 420.164
326.171 275.347
430.114 323.126
476.035 158.559
451.248 367.921
227.200 138.306
271.755 322.739
168.007 21.059
255.866 115.028
374.771 87.809
52.803 22.066
1.539 373.581
297.234 309.035
278.629 495.586
423.733 284.493
16.502 50.317
471.362 355.988
179.826 82.252
194.284 54.658
12.536 152.857
52.085 257.016
432.904 328.734
93.439 3.759
439.651 497.775
235.885 484.308
182.701 458.701
233.140 271.605
186.457 85.444
306.464 117.211
82.212 9.814
269.073 27.506
7.396 382.685
307.856 47.987
189.735 224.177
499.452 137.435
240.790 50.280
472.579 443.635
285.528 188.427
48.112 264.763
183.615 363.609
452.545 337.055
123.132 225.903
6.556 189.709
384.932 274.292
179.845 225.051
492.647 489.256
412.794 362.600
361.766 26.185
52.041 328.458
65.053 326.586
496.744 314.299
149.002 200.533
150.788 240.365
390.232 354.972
224.195 265.756
114.497 60.394
440.163 143.883
218.397 51.622
341.522 305.807
470.058 357.673
105.068 206.832
326.937 304.637
291.015 216.935
155.358 25.597
254.578 217.924
264.448 255.047
330.700 394.601
149.423 66.768
35.023 316.850
137.003 327.979
274.644 192.603
30.570 291.554
499.910 60.653
417.193 45.831
9.002 8.024
362.879 83.137
187.808 267.162
256.887 208.844
97.447 79.101
184.163 466.200
403.500 133.440
345.527 327.409
353.612 245.588
237.353 287.040
279.250 96.054
91.899 212.680
437.439 109.648
198.756 281.214
170.800 124.339
272.393 229.651
272.174 271.778
88.142 75.023
267.233 492.414
95.445 463.568
104.800 67.449
191.838 250.137
229.590 205.054
397.254 46.116
453.178 216.852
81.319 473.487
44.129 30.238
339.333 267.968
9.088 469.168
3.182 352.981
218.080 430.902
49.257 164.426
421.591 457.057
77.727 30.915
363.991 119.038
4.576 140.758
382.043 70.299
217.026 269.986
119.904 247.896
250.831 251.932
136.399 255.574
79.078 423.347
259.206 159.783
478.508 131.461
237.571 17.897
314.305 374.084
422.607 147.316
79.057 425.905
463.398 480.439
386.077 452.125
466.305 477.726
189.451 375.539
349.898 36.625
318.341 280.046
44.053 172.751
240.452 369.569
203.095 50.698
432.575 340.296
476.570 378.948
26.225 430.604
114.520 435.904
7.152 86.590
428.226 457.548
279.632 251.707
96.478 129.737
107.864 30.327
244.209 401.786
18.870 76.797
0.776 92.787
278.231 253.823
249.618 362.318
374.948 85.058
102.379 300.875
262.719 365.292
315.486 240.743
78.238 298.938
248.936 65.787
329.303 90.723
164.570 102.524
206.788 108.111
15.697 209.174
388.866 77.564
282.150 436.420
29.694 476.761
101.910 181.569
224.394 46.222
106.910 78.279
202.359 155.606
191.637 211.663
254.110 57.783
36.679 222.480
393.633 242.650
464.445 380.957
81.966 377.645
41.552 436.055
369.223 262.973
422.722 65.102
459.856 423.583
167.269 316.889
317.007 61.565
332.896 338.616
432.552 395.976
369.830 195.791
144.689 1.113
313.404 417.124
302.590 77.940
239.016 489.062
120.333 170.551
357.005 153.945
68.381 240.680
307.740 316.249
471.710 189.566
351.204 469.174
80.915 30.228
338.926 211.262
355.649 451.650
364.477 294.887
289.373 217.582
386.746 320.858
321.712 448.762
8.963 3.273
479.528 194.856
482.590 155.630
23.162 78.502
434.198 496.109
135.478 182.823
8.055 44.854
288.136 352.160
203.005 108.579
23.328 416.659
236.222 165.675
204.975 48.616
253.379 408.206
497.640 336.759
113.820 464.272
445.012 382.268
