332.156 358.378
154.533 85.136
23.993 466.705
358.111 76.105
370.054 277.536
300.004 309.187
311.770 6.607
22.319 283.253
323.422 389.161
280.385 419.014
0.497 185.610
465.118 29.772
302.700 183.406
288.529 334.985
426.269 297.419
88.536 239.781
323.106 222.349
29.045 26.326
483.780 89.165
304.016 176.838
487.087 178.922
164.942 12.385
98.345 41.574
434.620 462.382
194.267 436.302
259.498 255.413
53.887 279.590
266.287 115.241
128.986 391.792
334.933 7.860
222.851 112.383
159.604 40.915
369.737 491.161
1.435 256.133
151.072 491.460
280.228 53.575
274.684 22.464
206.054 34.359
379.223 299.514
279.701 329.119
77.465 385.599
118.966 369.675
338.499 467.951
219.569 145.672
272.731 372.245
112.127 74.909
486.884 153.075
203.066 60.899
94.125 37.626
487.993 357.705
152.193 200.480
71.140 263.126
243.276 349.540
93.481 266.934
377.285 155.333
10.306 238.081
97.835 50.189
433.337 240.716
409.998 61.976
75.336 288.801
223.302 433.527
424.313 490.552
259.032 431.338
411.350 327.949
498.953 471.099
272.634 118.260
79.895 173.204
100.516 134.063
93.063 58.723
381.875 339.763
498.479 169.999
140.325 476.112
173.877 131.843
368.647 200.571
17.063 219.183
151.775 291.844
257.296 147.113
431.510 275.923
350.491 260.454
181.685 23.865
394.366 97.221
311.063 318.080
116.148 158.230
399.658 282.068
123.153 0.544
177.754 172.015
1.837 309.282
319.050 94.663
197.276 354.459
125.574 273.655
477.937 66.467
323.326 350.634
189.888 347.883
129.930 273.342
322.769 203.688
398.932 167.551
252.498 407.662
463.942 390.631
111.781 190.967
213.822 50.189
106.257 272.436
57.528 426.070
441.632 117.426
431.691 484.148
37.838 282.191
351.731 55.639
75.595 34.320
429.106 101.357
293.421 485.601
382.229 284.706
238.442 411.233
367.267 125.233
341.354 193.051
335.103 459.477
332.209 32.649
429.347 331.679
457.315 77.256
228.345 433.049
144.509 37.592
65.115 301.675
46.577 60.893
246.298 257.382
107.983 121.618
309.674 283.372
228.909 249.688
107.186 131.714
34.936 216.238
10.395 12.496
225.692 317.037
256.774 466.290
300.162 271.018
121.941 6.649
172.945 274.643
272.784 79.120
259.707 479.724
236.223 36.510
64.026 183.799
439.105 456.958
138.369 324.533
74.265 149.400
189.679 210.386
448.285 98.972
337.964 420.438
387.275 354.122
305.568 221.470
279.386 496.225
462.739 155.789
79.204 224.899
427.873 212.670
297.834 82.710
495.156 219.449
232.132 291.239
448.291 3.287
76.665 394.629
53.531 277.428
204.081 4.352
333.736 379.262
30.444 279.599
120.592 10.322
102.806 121.705
322.019 430.558
120.415 39.510
331.693 268.429
50.090 293.905
448.448 446.433
355.380 162.879
492.463 355.783
14.596 351.749
243.150 482.207
6.657 283.094
322.864 243.864
279.134 297.004
51.190 423.823
420.321 212.509
227.646 305.264
371.360 151.399
422.982 29.250
234.054 258.899
149.218 242.811
204.986 473.419
410.343 375.895
427.583 472.765
153.866 275.107
1.162 358.650
238.123 405.378
208.781 277.583
197.082 89.245
380.348 415.641
219.781 64.688
231.911 205.176
437.563 87.078
213.688 174.755
163.688 275.068
144.696 390.187
333.967 95.940
146.180 107.693
239.999 74.695
140.422 368.323
495.865 271.358
352.587 412.393
439.687 161.778
228.208 205.362
221.343 450.607
256.214 71.637
396.308 207.214
157.487 201.805
235.159 13.371
234.025 347.177
262.381 192.674
53.423 9.273
32.551 246.749
255.507 250.054
334.478 288.023
62.442 165.675
474.263 296.980
119.309 235.687
363.378 56.353
430.177 366.483
141.228 54.240
313.461 371.186
316.896 81.383
346.139 300.498
318.834 487.627
47.870 341.474
146.294 243.804
345.464 246.578
18.138 404.950
427.803 46.102
387.571 162.003
2.833 355.306
499.624 353.293
136.315 423.434
332.994 464.762
188.297 216.758
325.467 443.553
3.120 279.737
195.212 157.788
426.747 33.827
390.760 320.670
394.043 99.306
49.137 340.475
306.237 306.231
116.957 6.299
171.853 292.502
258.043 18.556
362.126 275.575
497.250 172.642
225.117 237.518
143.284 45.378
376.186 325.265
379.899 59.240
140.334 297.165
391.921 322.137
435.704 85.330
260.100 72.003
466.014 300.486
130.156 473.697
287.912 90.183
435.720 240.155
177.888 406.127
215.661 475.551
102.467 405.448
224.400 263.210
75.275 112.902
370.452 112.507
171.346 60.209
219.480 221.107
17.990 16.822
402.050 375.079
308.721 203.599
232.988 139.627
169.865 459.172
373.125 199.025
425.302 409.979
94.383 393.808
304.693 472.850
392.708 377.836
73.187 450.296
473.339 465.080
26.208 258.780
445.976 333.697
286.590 189.031
214.264 494.386
190.826 338.569
26.184 371.412
292.182 363.991
193.382 431.022
40.750 479.736
6.342 99.667
188.501 27.825
192.909 206.440
27.752 446.532
42.971 291.831
301.675 58.280
118.284 240.440
330.902 326.633
143.977 489.565
445.472 428.384
236.425 417.491
14.025 55.368
137.481 226.351
406.139 224.885
327.233 492.221
360.537 478.684
489.691 5.025
489.425 6.665
162.278 43.472
441.741 146.927
300.282 206.172
186.940 26.915
48.757 224.342
82.229 69.658
99.736 5.941
275.703 22.090
271.475 430.440
349.759 23.566
57.942 4.062
476.997 297.045
499.582 472.918
184.551 73.758
431.977 77.611
347.125 408.738
201.534 195.545
440.461 309.556
123.170 363.616
478.332 297.875
273.558 212.582
235.630 301.400
394.061 372.999
272.175 188.166
89.956 380.925
491.381 489.680
180.787 102.121
499.096 355.663
419.871 487.528
157.607 499.096
257.814 98.828
187.074 380.016
477.397 108.609
117.620 94.691
11.039 148.438
303.543 378.042
3.706 490.645
233.251 394.179
280.045 153.325
307.614 434.376
70.153 253.475
411.486 207.970
164.806 415.604
462.206 289.207
8.978 219.840
383.399 264.566
62.877 206.363
72.063 436.577
65.232 343.484
83.672 295.025
125.628 300.590
341.094 300.346
494.212 430.885
392.727 355.283
175.972 143.580
301.971 281.076
125.770 356.291
182.429 14.757
458.146 382.176
164.773 326.273
254.605 345.706
311.084 337.575
149.905 339.230
3.791 329.380
72.038 282.270
123.224 314.785
388.603 232.934
431.941 378.468
153.436 482.241
233.987 125.364
263.623 15.551
86.668 440.573
118.231 301.337
0.443 34.486
381.225 65.051
407.115 136.346
459.206 436.746
67.679 301.411
351.816 81.504
402.918 96.120
79.412 377.516
461.271 408.319
16.998 176.856
305.432 292.760
31.203 381.019
241.460 419.561
408.284 295.904
29.317 177.638
45.278 371.942
311.712 173.845
261.386 86.845
495.086 409.527
213.942 475.312
18.340 286.256
360.152 83.310
316.073 199.236
297.078 107.557
469.214 19.608
400.911 79.977
317.174 489.097
302.432 197.893
196.668 305.334
66.369 135.544
362.502 238.517
136.138 427.417
19.979 53.919
132.831 24.193
204.697 97.760
487.429 318.043
14.914 453.225
335.644 380.122
278.378 364.563
260.682 298.679
453.054 83.160
315.879 444.871
282.330 311.963
40.461 437.602
189.232 258.249
1.197 124.809
155.483 101.098
451.372 118.493
337.367 26.920
93.456 263.347
303.550 14.704
411.478 49.814
323.341 27.609
118.721 237.692
363.208 136.871
459.561 201.469
160.291 153.568
290.220 229.335
111.755 493.924
215.598 373.967
189.527 422.790
3.050 351.130
201.066 283.138
344.618 254.888
282.785 349.487
489.301 467.619
459.418 373.263
163.589 213.624
493.504 392.396
268.631 10.095
162.861 126.673
53.054 22.589
418.649 87.443
53.866 358.534
99.362 111.171
120.059 198.804
73.189 79.212
111.666 112.252
272.518 369.400
420.248 405.906
232.792 486.625
72.472 452.873
102.807 298.333
75.799 471.258
354.757 436.121
165.877 136.021
63.768 240.337
482.359 232.123
478.114 230.312
37.719 190.729
404.545 179.874
108.005 72.362
350.797 71.840
185.361 343.087
347.528 30.149
372.143 342.797
137.915 325.896
85.222 64.632
128.472 441.668
106.421 258.212
287.783 63.662
128.628 371.464
85.630 125.652
50.695 246.010
47.628 11.812
178.341 455.365
269.324 276.620
430.583 332.848
466.400 34.704
145.090 222.031
442.721 149.394
261.758 258.870
31.000 219.543
444.719 259.721
61.776 248.767
496.254 378.237
89.069 164.526
12.396 81.953
205.956 487.904
398.293 92.164
160.079 329.116
128.208 310.768
91.180 26.459
54.355 268.984
150.057 445.843
192.359 387.370
466.464 23.173
209.853 304.718
293.829 437.882
405.857 47.133
106.067 258.524
366.912 422.263
410.861 122.995
37.220 103.554
214.658 39.339
259.641 57.654
313.423 49.066
264.848 20.083
436.574 334.454
323.336 111.027
402.068 187.110
213.286 356.692
366.198 90.987
264.524 109.207
55.399 334.252
478.942 419.403
267.253 112.128
217.868 115.345
117.530 27.115
480.938 296.429
495.075 160.855
396.170 303.755
261.288 249.393
137.700 496.402
323.252 97.096
316.508 110.288
188.363 155.387
287.015 48.441
268.825 1.513
410.844 54.488
473.509 205.982
489.404 184.045
408.563 362.730
188.906 494.237
477.531 113.003
111.913 354.291
373.776 190.502
391.504 242.169
259.172 236.201
272.682 468.252
268.298 276.101
378.005 479.657
198.036 252.360
189.771 197.951
299.329 16.884
162.976 207.857
75.692 146.969
81.142 171.848
36.521 343.782
382.450 458.197
292.403 420.000
6.356 407.048
32.070 237.733
369.801 177.618
423.079 476.075
483.039 422.691
74.136 15.364
133.981 236.754
263.424 434.866
74.974 195.408
400.338 96.320
271.509 151.479
332.452 436.334
122.814 443.213
157.471 309.392
445.574 231.466
90.580 360.864
138.197 332.947
369.602 360.919
70.965 343.156
106.521 174.248
337.445 147.414
74.343 462.910
89.281 427.670
94.783 130.476
426.800 180.845
94.968 180.858
322.584 145.981
291.359 441.790
405.719 344.534
416.584 165.961
354.221 317.178
338.749 8.101
291.757 135.588
154.531 106.392
424.972 22.371
353.234 312.671
274.342 303.120
402.856 144.771
360.807 371.538
31.080 252.326
409.104 231.546
244.790 262.983
414.223 390.054
434.508 242.472
480.108 34.540
145.910 422.558
92.734 353.817
237.796 170.000
400.663 471.320
383.586 314.329
358.948 429.902
155.886 392.602
287.888 363.737
446.711 135.121
100.860 387.780
10.263 40.585
396.636 121.259
235.062 164.986
309.812 199.844
436.732 172.567
436.104 194.425
174.825 366.685
403.031 411.982
499.239 0.960
336.310 12.841
