220.875 348.542
336.498 210.622
144.117 142.760
159.328 232.277
458.068 62.410
118.952 281.655
48.979 404.360
465.632 362.759
412.786 277.567
174.298 339.003
382.379 409.787
181.135 183.996
340.764 334.842
12.672 272.273
313.633 268.626
347.018 5.437
142.235 44.983
93.560 103.044
241.286 153.771
221.965 77.092
478.622 392.965
378.532 51.729
386.114 341.955
80.611 125.651
298.042 38.559
219.783 196.076
410.901 79.586
217.493 57.691
313.314 91.467
150.073 203.934
275.404 54.812
436.855 218.168
97.287 115.956
277.712 361.395
169.329 40.502
218.588 71.448
492.103 435.710
153.173 137.536
296.781 171.923
395.363 473.700
432.007 220.043
272.382 2.824
299.080 322.874
416.706 14.849
358.622 36.038
385.114 497.287
265.149 177.864
134.835 405.469
221.556 144.983
427.335 204.773
91.196 376.344
189.756 473.109
286.056 263.274
279.282 362.151
224.188 389.227
139.051 27.080
331.755 384.832
308.189 23.106
41.142 26.398
333.372 242.103
450.972 312.859
199.681 403.419
415.086 443.866
266.188 203.956
493.173 249.646
490.949 371.550
157.488 499.029
439.643 59.116
190.643 205.252
429.631 413.523
1.788 34.513
101.608 175.385
402.617 293.031
454.747 23.316
159.191 399.193
298.797 406.657
69.610 130.046
300.718 3.523
42.828 386.461
474.672 76.665
397.200 270.769
31.837 53.695
420.250 86.078
437.663 192.656
149.546 361.188
420.363 218.066
208.982 306.150
115.792 1.035
457.744 292.195
192.749 32.129
252.976 270.314
352.433 241.718
41.975 473.758
198.152 362.634
236.432 301.437
421.854 23.438
279.944 345.509
154.594 298.231
160.907 10.975
441.513 384.660
200.665 335.402
60.009 122.804
111.019 87.746
20.981 140.128
404.314 382.278
411.650 155.333
173.469 127.996
203.056 325.833
360.257 488.416
78.490 90.754
207.608 68.151
264.822 430.456
404.965 472.074
111.054 295.231
321.343 463.467
109.575 14.717
319.135 411.193
105.091 168.976
418.490 85.837
233.847 475.317
83.156 312.731
392.817 36.806
312.052 40.416
177.787 84.939
149.117 213.973
336.828 391.420
226.909 119.692
494.105 129.389
200.630 303.241
394.030 422.855
44.772 272.239
291.944 483.313
73.797 89.452
325.918 253.233
436.531 489.265
424.032 485.984
475.552 485.344
402.510 256.300
319.446 341.235
391.491 329.573
77.103 475.398
400.573 201.265
342.563 66.445
162.132 139.230
89.322 310.750
234.920 278.403
426.254 349.890
273.803 482.287
16.150 96.608
463.292 324.932
87.855 449.895
472.036 185.721
186.283 32.234
28.908 249.535
304.879 186.088
204.081 72.251
375.028 121.738
317.802 349.210
34.921 209.379
426.131 276.212
290.897 388.985
419.676 190.119
494.134 431.853
154.713 488.623
124.703 402.864
435.630 99.581
113.241 9.191
245.893 274.839
209.138 188.857
92.413 374.828
25.824 253.041
24.705 398.314
304.538 126.935
98.439 7.887
58.215 151.812
13.630 69.744
356.126 96.286
113.083 311.269
232.009 81.409
318.860 49.644
20.343 290.814
65.109 288.607
376.609 488.468
272.449 384.408
267.911 488.352
215.057 343.933
359.572 134.157
313.343 330.332
161.706 57.679
436.694 406.048
265.705 51.672
85.076 167.978
203.543 394.240
192.352 184.198
315.412 306.024
380.131 275.878
460.629 108.637
258.421 205.034
1.399 225.156
440.876 64.739
27.632 6.111
317.902 133.932
40.467 343.769
454.188 382.352
325.738 497.308
27.724 489.507
87.384 199.392
433.830 25.328
155.502 79.344
50.684 35.467
299.087 372.259
283.235 253.540
187.179 375.640
495.805 227.474
482.924 369.906
380.351 39.732
412.937 354.265
383.733 78.418
217.303 338.358
474.300 227.310
4.515 80.899
300.218 199.809
312.997 353.980
61.429 360.600
345.898 295.204
244.658 478.901
435.502 165.013
400.102 338.992
299.046 47.387
96.321 34.184
109.614 231.718
26.156 105.004
286.053 155.155
381.880 13.337
478.953 337.110
382.388 363.272
419.553 428.186
52.021 286.194
31.593 456.332
10.900 189.741
496.556 175.943
300.439 212.259
454.912 72.471
137.076 95.789
195.036 383.691
436.093 406.227
244.101 477.673
274.419 280.932
173.526 5.759
157.940 158.009
228.590 315.661
164.254 318.425
10.810 353.596
94.326 155.645
174.145 396.490
433.644 327.361
155.416 137.495
223.563 451.637
218.833 466.468
443.125 338.576
419.599 299.705
166.064 460.335
74.690 228.593
315.055 52.885
454.846 146.678
158.293 169.729
24.508 142.102
76.949 202.902
457.989 8.365
431.239 76.194
438.248 365.286
424.118 381.059
140.665 122.369
172.323 70.191
231.499 478.754
69.026 396.472
73.131 109.693
133.056 116.504
88.990 287.153
419.399 466.398
224.003 265.205
337.285 361.029
111.482 432.288
163.340 361.304
388.971 63.304
375.485 257.775
377.581 386.410
53.586 384.891
243.641 477.791
479.164 226.429
97.365 106.060
393.683 421.120
347.354 64.636
465.466 498.616
230.936 189.764
309.345 232.572
73.496 86.079
74.451 476.081
317.651 323.071
408.352 206.025
112.431 335.629
164.039 454.910
58.914 265.854
1.638 453.225
464.300 149.726
50.778 279.822
355.257 159.925
433.436 234.906
420.282 386.247
400.602 412.544
407.549 20.612
225.144 403.697
233.076 155.447
206.453 482.935
456.487 279.097
398.329 392.301
123.581 118.988
80.975 257.724
134.116 336.729
264.964 61.523
150.980 307.429
325.535 166.495
40.962 87.036
222.385 433.660
432.762 296.856
189.579 325.807
456.683 98.532
3.392 370.373
3.115 372.568
487.393 28.533
46.547 2.549
200.575 282.068
86.044 222.935
324.848 421.404
210.558 342.484
139.657 461.507
359.972 313.216
446.061 214.138
474.204 452.497
483.334 233.076
313.759 192.659
418.553 30.149
125.924 384.969
260.570 81.720
486.424 242.752
426.314 420.047
329.507 358.871
92.869 455.404
131.670 341.966
376.171 3.368
190.700 384.233
434.961 194.560
119.463 5.277
9.075 114.873
307.015 421.384
328.856 167.223
24.259 362.290
397.987 202.708
452.656 432.267
463.361 318.913
457.500 485.997
356.128 247.148
431.006 83.710
421.780 138.221
280.063 59.585
175.342 347.844
287.572 251.781
342.515 493.687
164.860 177.183
473.974 240.836
171.960 440.764
216.768 220.510
431.427 267.121
0.072 382.306
392.790 208.026
110.582 466.349
492.137 481.722
378.923 461.220
462.321 195.281
416.609 304.639
323.042 419.593
406.537 343.963
182.597 16.359
1.075 410.537
254.674 309.349
96.055 225.812
318.834 404.299
325.065 170.816
421.739 32.754
446.896 456.168
325.015 51.994
445.895 241.465
485.771 127.863
401.049 470.601
27.431 445.664
132.177 398.333
33.546 309.805
476.351 429.588
326.612 270.567
54.930 74.386
161.306 350.685
299.851 171.706
143.257 141.468
183.483 365.819
15.988 111.560
316.704 1.893
135.987 260.353
404.958 405.033
323.957 352.388
466.511 247.209
52.601 458.490
167.529 138.592
198.665 478.208
436.109 234.374
290.491 149.348
27.389 486.596
317.860 457.813
182.142 237.949
296.636 91.044
47.205 386.759
407.834 98.215
46.391 443.489
488.121 289.843
417.945 479.438
288.310 81.630
52.328 486.475
106.207 463.571
168.335 426.594
388.343 322.230
193.866 374.783
415.890 493.221
314.065 403.565
354.808 81.666
73.209 201.608
209.623 276.723
393.214 127.248
371.908 448.138
36.739 177.065
100.891 78.078
367.677 102.181
212.433 396.159
285.361 269.485
444.786 342.809
448.774 232.669
393.091 279.471
399.349 80.054
112.579 320.117
431.973 420.450
272.509 135.433
80.335 423.489
320.747 230.904
465.388 19.942
432.462 227.898
157.723 171.839
64.488 105.931
146.734 331.576
470.288 171.726
58.141 163.663
166.847 368.387
33.168 427.857
16.443 18.411
187.224 378.721
393.480 147.233
290.195 437.433
78.540 414.898
152.642 307.477
127.734 470.575
426.658 382.416
185.234 35.030
375.996 47.336
224.160 216.117
242.105 454.477
207.410 233.669
89.868 167.916
259.210 107.285
49.358 301.264
311.836 32.635
103.099 56.748
237.875 88.389
158.874 316.568
209.159 216.796
215.032 86.696
394.491 160.470
147.191 451.162
200.833 98.110
327.075 480.604
425.831 143.434
120.334 49.459
383.730 397.368
417.980 32.672
46.430 96.830
221.594 40.690
468.424 204.929
361.837 259.185
461.146 405.598
25.257 155.374
460.399 486.338
314.887 150.355
351.244 474.443
243.456 197.517
345.455 451.500
105.161 452.005
86.008 259.117
86.578 461.178
180.239 1.860
341.724 475.602
32.135 328.149
308.293 52.367
127.215 368.191
493.389 79.094
120.034 379.309
148.044 245.760
188.067 103.215
13.800 38.910
180.547 236.141
363.322 458.684
148.551 72.477
274.909 414.642
374.289 192.122
170.163 406.494
253.849 435.913
62.648 166.438
26.010 292.381
240.934 429.265
265.405 411.515
487.858 17.760
334.794 339.700
282.202 313.288
313.253 454.342
254.650 6.962
75.422 434.537
347.004 300.705
487.268 105.692
320.597 296.723
46.104 320.212
46.822 91.884
282.182 337.951
332.668 201.326
183.402 214.610
268.923 479.319
353.722 153.485
130.077 374.561
145.012 190.714
391.943 467.543
180.889 138.063
139.607 259.049
425.255 413.593
497.513 377.015
396.263 118.070
499.215 10.333
448.346 381.052
473.913 52.389
297.617 229.801
366.423 200.047
200.215 127.853
247.699 28.000
263.243 423.270
475.803 483.618
271.022 455.566
90.896 31.817
280.862 162.519
302.577 458.807
470.553 34.614
483.403 463.585
54.659 165.639
357.142 61.355
345.172 450.225
71.769 458.714
361.471 173.741
292.995 335.497
97.785 462.785
159.427 336.348
38.469 151.199
450.483 334.471
31.960 208.640
72.979 293.710
248.800 482.302
186.698 116.210
407.769 7.032
374.678 52.239
261.296 150.634
460.682 94.902
290.113 75.428
390.158 79.562
42.638 285.779
129.106 180.424
232.420 226.819
104.292 24.173
409.331 127.573
458.021 456.066
288.967 438.244
71.187 63.579
151.042 463.397
247.256 74.783
395.809 275.315
128.376 451.592
209.595 122.415
204.410 337.935
255.439 308.920
239.984 70.896
362.870 68.342
437.834 32.903
40.025 168.734
144.788 110.609
494.184 103.511
62.575 248.331
10.355 417.081
297.501 480.710
275.294 2.831
423.134 120.665
414.613 207.521
60.345 104.150
396.849 451.144
256.825 400.156
21.747 433.475
289.182 161.129
347.221 189.118
337.878 304.388
308.784 366.856
428.835 118.790
441.917 130.998
369.867 39.052
385.082 157.303
438.649 173.193
417.431 323.233
