97.652 161.325
480.479 260.610
371.790 94.208
410.406 448.555
267.182 395.804
440.849 198.421
380.794 366.782
226.913 55.761
213.833 489.175
286.663 355.434
100.890 245.806
50.997 490.113
444.350 194.173
386.440 384.277
241.678 469.341
31.891 204.671
176.665 405.763
351.209 137.948
400.612 190.095
216.876 381.725
419.055 360.376
441.406 441.565
198.131 167.406
18.143 108.599
444.813 194.617
173.537 88.485
271.541 100.621
106.505 114.133
168.279 423.265
275.543 335.578
3.577 384.605
288.124 459.808
139.897 325.235
481.419 266.719
439.358 303.179
359.226 451.861
371.767 251.077
498.471 457.366
481.437 364.661
241.319 38.949
160.609 41.305
234.021 153.975
125.587 122.181
411.751 155.632
102.867 192.466
238.734 184.206
17.445 250.021
321.542 101.574
46.477 131.849
359.823 76.135
343.931 365.400
335.233 410.370
302.990 70.140
108.435 98.793
37.804 354.995
190.609 498.368
352.760 453.396
402.542 293.146
105.536 329.604
385.237 465.177
465.103 444.111
69.286 118.354
70.039 130.330
115.280 238.595
36.694 297.481
353.727 373.527
343.756 45.398
425.474 427.674
166.342 55.249
86.800 148.691
394.186 409.704
128.266 262.622
215.440 435.549
149.863 172.504
341.396 437.889
196.541 365.821
243.195 435.302
399.736 278.690
432.883 165.968
129.179 83.664
318.838 168.083
473.044 436.274
117.164 367.615
346.601 474.061
384.687 319.689
84.917 29.544
209.971 209.060
319.879 266.536
351.310 120.826
107.482 165.720
68.452 456.423
95.940 410.868
159.682 131.155
484.467 237.163
365.734 324.374
387.904 295.404
116.544 241.169
460.439 121.089
113.393 240.809
257.419 201.726
146.161 406.051
248.598 208.293
474.588 295.056
100.268 270.933
265.379 102.501
77.204 51.586
54.545 144.405
232.825 116.204
26.721 248.426
380.689 183.993
489.915 123.803
196.629 309.570
410.584 68.836
252.731 23.633
403.874 50.112
294.104 6.470
456.587 295.591
358.822 259.021
231.440 72.899
39.639 297.810
104.127 274.807
427.189 60.257
193.197 195.106
368.627 77.030
96.400 193.263
93.521 272.538
333.505 9.597
291.555 40.086
141.050 147.298
491.688 176.567
285.026 67.341
40.339 280.325
28.164 3.965
155.715 63.840
166.359 130.077
285.436 385.982
455.612 23.637
109.690 158.901
493.869 319.957
182.891 125.590
316.848 240.251
302.613 282.160
484.022 168.483
384.224 71.104
44.269 195.297
425.796 445.886
393.878 219.980
472.341 116.868
121.783 447.411
175.433 347.242
376.029 204.675
119.666 58.843
206.715 234.199
205.560 415.584
328.696 356.920
262.343 419.157
159.922 188.323
382.613 1.780
189.937 218.444
305.484 115.711
302.177 441.393
173.595 210.441
94.110 454.275
477.286 149.642
70.359 281.454
436.722 231.761
160.956 147.505
477.811 48.983
263.144 43.926
396.488 302.986
255.628 412.942
7.871 44.866
335.287 372.267
135.866 332.063
354.261 136.888
102.775 235.874
363.568 471.052
338.340 204.931
252.296 200.871
159.706 383.848
455.436 454.655
45.494 268.211
13.076 321.894
180.513 331.308
231.673 451.652
329.751 31.450
407.062 290.839
250.315 331.635
465.366 453.023
463.619 331.475
165.680 361.782
299.936 142.447
177.241 198.831
469.516 109.228
384.485 28.304
415.670 200.701
121.939 312.687
77.330 106.179
373.426 110.923
417.942 162.252
234.601 352.075
483.421 59.806
254.981 202.690
441.892 48.767
63.129 330.227
370.829 60.415
221.989 455.015
403.260 118.012
399.130 266.478
94.353 329.480
375.997 411.696
496.494 278.102
143.659 148.045
451.839 227.123
242.399 110.016
137.700 386.398
484.852 8.336
454.775 27.573
421.936 473.034
133.783 400.759
276.919 193.602
311.114 468.853
343.287 290.034
20.312 175.416
264.182 188.966
493.706 298.905
402.320 69.941
178.090 143.269
29.184 463.564
321.697 204.873
185.734 213.089
264.662 40.229
424.354 113.568
274.989 173.612
429.221 34.450
141.202 393.611
77.180 372.055
348.725 59.067
489.379 361.605
377.530 404.172
444.745 289.504
86.164 317.733
414.030 98.678
180.134 426.422
484.997 303.855
92.676 179.530
151.589 385.897
401.341 493.588
0.885 194.893
499.677 13.320
111.749 403.122
270.080 185.719
432.372 189.886
404.308 425.827
178.209 414.940
369.900 347.983
392.034 224.154
53.548 170.307
11.906 185.993
350.681 26.530
236.586 208.405
396.051 187.547
493.676 468.438
20.118 433.536
98.415 221.929
419.834 329.847
69.596 283.139
459.996 334.881
267.875 269.442
286.034 44.796
431.378 237.899
207.103 222.618
293.005 124.682
495.705 138.824
46.361 461.365
485.601 134.909
309.600 0.331
331.767 337.969
486.425 31.286
188.966 342.410
67.138 312.076
8.143 356.437
127.270 281.974
206.426 111.035
251.197 102.827
365.176 455.036
213.250 87.206
201.386 7.152
33.653 271.466
51.174 436.446
258.819 312.147
361.126 366.822
349.453 307.068
204.928 493.483
179.162 290.791
41.141 167.256
427.719 17.886
352.263 25.575
423.575 242.255
295.369 25.019
58.569 485.691
290.561 363.253
355.873 155.510
478.316 331.990
240.839 269.709
383.239 374.873
182.167 275.112
3.943 94.587
427.608 137.796
400.678 375.037
405.504 476.059
8.772 431.538
39.152 458.244
420.697 101.154
87.254 253.933
229.178 109.783
275.951 233.431
271.178 95.748
330.043 78.788
275.581 324.967
339.622 313.721
410.203 109.431
58.157 91.784
256.912 290.675
246.203 118.888
85.723 89.446
388.103 371.824
390.259 237.513
293.767 98.943
358.404 16.153
246.042 83.373
272.416 247.307
452.121 488.336
454.710 71.815
378.415 411.315
313.402 178.170
114.647 486.193
151.984 73.288
69.778 33.879
442.855 384.359
358.947 26.967
113.303 35.185
71.971 97.137
207.745 53.205
432.791 149.002
220.974 100.392
44.508 361.746
192.218 445.425
3.212 235.661
180.931 57.157
91.333 146.256
68.668 488.313
159.289 84.179
164.200 448.908
238.205 340.852
220.996 418.028
249.661 250.965
352.953 276.929
425.005 234.672
156.865 110.090
142.371 463.731
429.026 123.025
473.228 139.589
498.958 256.437
252.600 189.290
133.248 404.564
333.343 319.719
145.757 423.783
337.566 317.848
211.328 12.958
182.358 4.469
187.382 12.096
20.775 335.881
43.307 271.679
260.424 466.045
139.062 212.315
388.675 446.851
99.494 485.931
181.139 219.216
262.678 396.817
40.405 194.911
348.872 118.886
47.135 365.088
213.322 316.757
303.661 150.046
174.154 106.255
53.105 46.129
143.196 176.301
481.035 376.039
172.635 393.574
273.826 34.704
355.177 26.953
40.234 5.047
20.579 261.721
441.226 341.466
369.367 145.613
386.012 72.955
280.801 436.773
267.821 352.769
95.274 209.532
160.576 276.080
71.510 398.025
76.656 54.321
274.131 275.773
419.989 326.530
418.443 494.800
73.675 482.497
373.164 216.420
33.200 204.670
18.238 389.032
360.174 389.664
405.613 9.238
350.936 467.687
295.769 3.539
195.792 182.339
148.070 296.634
88.685 144.860
494.851 114.321
467.994 278.100
490.522 102.422
259.621 487.623
316.844 491.487
372.556 45.396
454.577 83.952
233.012 283.994
345.856 130.100
75.801 180.436
287.706 62.681
382.180 446.214
347.983 156.421
321.727 49.426
104.289 322.060
93.307 91.498
62.161 198.702
315.087 460.546
492.365 117.888
161.248 182.905
105.543 236.719
219.486 378.268
166.124 320.893
63.980 366.019
473.675 93.790
461.857 499.382
413.058 90.971
271.457 169.553
147.995 455.270
23.053 320.379
359.180 74.097
156.197 273.715
292.817 118.410
86.146 456.079
11.506 139.672
102.696 246.940
2.574 173.366
409.766 481.025
218.991 72.515
390.174 469.616
136.977 193.704
264.355 60.407
279.598 79.657
46.617 233.503
250.756 456.533
111.324 149.736
416.863 317.204
257.709 239.498
266.932 481.643
152.428 401.958
256.819 315.691
436.332 258.937
243.726 458.018
328.316 163.881
320.933 257.826
296.419 177.749
31.905 290.123
15.829 335.244
91.043 239.983
204.333 476.227
4.353 168.544
412.591 406.876
495.938 192.491
312.992 367.954
191.762 274.420
59.678 108.667
290.600 39.952
431.818 250.709
441.098 79.683
426.521 469.752
74.503 237.277
165.382 183.442
384.075 495.440
67.870 312.138
248.897 91.850
35.916 296.842
195.153 195.874
391.846 70.624
316.982 0.779
422.931 167.615
3.089 55.348
72.796 247.663
196.816 188.293
406.399 326.621
437.108 96.362
284.378 326.044
211.125 204.554
371.416 176.911
137.529 417.970
493.656 478.912
14.356 340.210
476.560 251.104
126.276 14.293
288.059 381.394
150.039 248.679
19.927 381.455
145.994 340.956
16.600 357.328
64.891 303.622
341.507 119.123
437.189 148.452
265.742 91.857
320.201 481.734
206.852 360.401
152.286 134.647
34.475 273.426
341.385 489.577
308.761 427.234
2.126 448.804
387.123 288.716
109.951 137.721
29.885 11.379
466.179 49.672
121.491 137.597
73.792 261.554
341.794 8.359
403.696 355.874
124.596 250.294
472.835 3.953
50.177 236.267
278.966 499.614
423.486 328.596
399.986 137.108
257.381 162.847
203.575 211.966
27.614 384.320
447.947 11.521
431.672 335.966
13.533 315.941
327.308 182.333
294.416 218.856
32.094 68.548
333.390 407.488
428.818 369.517
387.798 61.494
496.684 404.505
25.746 425.292
239.855 431.496
431.133 82.273
452.157 75.729
285.262 223.446
246.493 402.390
471.135 368.564
111.685 253.023
467.245 179.466
22.955 35.019
136.867 190.550
389.069 495.419
234.818 467.738
463.236 176.814
444.016 394.959
461.964 245.124
329.182 122.658
441.797 276.560
421.157 491.406
430.149 361.726
485.977 1.304
267.991 293.058
46.380 359.157
160.015 465.246
116.128 480.102
353.989 212.954
215.465 256.121
435.359 16.464
158.713 359.224
137.652 197.179
67.293 63.779
116.214 386.056
453.816 383.432
248.074 234.227
293.807 348.116
388.924 13.510
423.767 191.044
268.551 303.319
257.608 267.786
72.466 75.525
382.487 181.442
368.387 86.716
281.055 222.918
324.330 323.749
237.708 442.829
382.872 108.614
478.403 60.795
3.343 232.507
203.400 454.811
384.029 151.187
390.357 73.328
438.992 435.831
161.703 287.859
388.383 359.457
72.509 287.427
265.442 394.271
310.206 270.371
298.270 448.310
283.954 356.376
411.105 153.593
332.008 154.415
472.665 396.665
138.678 258.246
76.645 390.098
76.185 413.981
30.646 390.075
360.073 94.365
436.638 333.035
58.151 50.411
335.855 19.954
362.913 78.227
210.908 82.776
