413.752 103.439
149.985 271.159
254.719 445.706
493.092 7.373
237.861 386.591
34.915 205.668
132.261 333.892
199.862 151.136
223.828 498.498
465.307 295.430
122.266 349.609
78.339 80.713
353.390 65.735
452.777 131.313
3.313 49.455
180.241 402.466
124.816 296.443
257.883 433.428
133.489 44.481
86.310 10.454
321.615 279.063
91.012 489.685
451.595 468.224
204.469 392.901
98.978 432.737
483.362 52.064
227.220 211.195
411.934 223.765
23.570 12.351
189.477 69.922
481.308 106.380
332.708 116.279
224.966 194.993
299.839 253.262
44.221 283.521
107.342 83.246
386.911 220.881
96.789 369.508
12.921 87.947
175.443 315.148
437.996 2.388
192.577 421.256
118.777 483.122
39.027 392.766
33.020 122.921
32.571 156.124
213.640 222.161
409.276 108.058
303.081 170.149
419.793 408.502
292.690 436.649
317.474 404.659
150.947 481.103
192.452 74.040
213.062 409.725
237.625 77.985
17.182 497.611
427.208 214.417
242.266 59.516
466.687 18.351
56.136 123.793
441.575 454.389
334.326 190.636
197.448 341.330
134.394 80.429
343.628 455.635
51.530 47.791
324.775 228.113
75.016 452.941
250.748 312.799
269.334 372.705
374.530 483.925
120.431 385.459
346.013 64.424
101.998 370.279
78.192 361.901
8.983 418.037
385.153 185.217
247.831 468.732
404.879 370.730
462.704 399.773
340.102 91.770
456.839 84.460
401.674 380.026
0.950 252.044
1.231 185.777
478.886 321.496
275.246 492.983
366.516 113.485
230.616 161.686
323.737 13.970
395.874 15.509
77.464 460.842
409.325 0.966
300.163 463.665
241.443 427.442
5.588 249.673
142.905 437.741
144.788 185.397
321.729 281.634
400.621 102.358
19.475 172.402
339.222 269.551
471.769 499.930
437.357 253.526
72.331 115.200
406.293 475.408
144.139 218.526
444.756 28.413
69.525 338.406
150.121 172.857
491.487 86.621
80.305 256.067
238.151 493.069
72.735 76.207
205.544 202.250
242.741 36.827
359.538 386.613
305.828 392.142
154.959 400.251
254.508 181.146
8.418 467.943
327.722 85.833
163.716 281.425
329.692 311.622
90.535 116.033
357.184 163.932
295.206 132.367
88.847 168.651
17.204 357.432
1.359 66.212
446.808 139.997
172.791 194.971
212.800 94.807
79.076 346.601
370.745 91.066
121.682 132.123
264.907 463.308
440.792 277.415
279.463 227.917
406.290 39.546
6.696 341.949
463.595 390.674
206.659 85.689
274.871 484.041
118.994 117.760
456.178 59.559
16.523 40.672
123.194 192.474
245.044 134.529
440.916 405.633
157.608 315.744
128.607 328.207
297.818 19.892
497.350 235.320
77.477 340.894
146.324 370.197
15.098 268.301
84.804 317.164
415.600 115.082
236.599 116.773
422.628 255.026
21.806 238.685
146.113 26.678
495.566 275.576
456.574 362.646
269.617 215.947
443.871 456.125
158.248 213.379
282.591 323.110
31.336 241.885
325.008 217.739
220.474 491.257
198.186 334.174
442.557 395.288
50.522 389.318
172.178 14.226
186.682 324.055
126.718 179.942
228.267 94.847
272.954 321.144
200.258 125.036
317.466 318.718
423.897 303.065
261.047 81.401
316.345 138.516
148.888 365.695
172.813 297.191
2.718 131.363
319.796 190.059
199.835 36.860
364.905 484.027
256.511 400.654
386.163 284.552
12.751 159.677
307.237 442.360
375.182 306.127
9.122 164.373
457.201 375.123
409.427 369.858
128.616 467.824
338.128 275.386
122.989 463.640
497.131 294.298
143.022 192.685
423.927 149.526
228.878 218.857
33.253 349.191
339.324 68.860
487.339 399.416
261.484 461.644
102.454 88.673
129.674 180.098
82.480 314.528
472.567 59.573
442.974 325.561
258.265 31.118
49.285 435.343
167.055 233.756
481.379 498.455
87.840 289.409
224.291 407.666
333.921 457.913
380.959 225.544
42.345 315.274
68.191 435.975
72.246 70.445
402.710 111.940
178.779 204.546
338.462 234.982
278.947 420.568
176.565 42.889
114.299 385.894
104.765 396.980
256.080 46.641
321.571 173.553
249.593 62.594
379.293 147.352
175.850 464.769
354.669 199.384
381.737 323.288
447.571 443.987
77.581 326.906
198.994 437.232
170.739 297.604
60.360 377.281
79.201 489.212
257.619 497.446
454.902 488.718
233.746 183.162
132.358 331.120
334.779 149.816
27.919 196.500
98.945 217.076
380.468 391.593
36.258 473.649
458.029 406.287
195.873 128.581
396.504 7.318
7.627 249.682
157.682 32.463
371.763 398.587
80.606 63.542
263.823 260.755
263.480 254.359
73.778 157.580
451.481 432.472
355.161 446.451
182.303 177.888
2.317 216.246
57.779 107.305
68.618 246.992
346.904 415.436
320.012 354.621
303.956 275.354
431.011 172.590
477.469 6.883
65.120 120.585
308.568 46.870
424.515 53.191
277.299 65.860
192.735 451.274
457.982 182.420
11.614 88.391
66.665 56.763
173.102 189.395
146.176 159.391
438.058 165.664
281.018 227.570
145.323 56.895
223.124 221.572
428.790 180.582
31.694 461.160
190.318 245.389
70.454 139.515
331.804 450.645
173.420 406.756
374.945 106.653
401.257 120.574
449.092 74.312
186.093 57.858
313.209 47.481
92.542 334.856
67.826 241.604
476.952 202.898
392.923 152.168
17.974 371.577
448.725 254.711
127.912 214.800
460.588 357.053
141.912 380.885
435.850 30.267
207.774 212.184
22.941 35.144
322.206 145.305
48.962 182.526
45.706 383.420
126.426 108.208
389.211 496.494
54.360 242.806
486.003 331.912
42.041 349.693
334.706 386.696
476.349 419.496
482.237 402.712
417.951 443.414
73.401 22.885
354.329 387.327
104.401 149.068
433.117 34.213
204.925 161.054
348.885 316.665
469.795 161.949
47.402 16.882
416.520 280.728
198.906 367.317
214.882 433.777
188.046 182.312
113.914 120.073
86.018 346.623
159.428 313.606
20.836 497.570
316.460 419.022
373.968 246.781
286.026 84.505
65.978 277.693
426.113 25.549
256.019 353.770
238.817 322.406
9.292 447.075
195.105 169.174
301.890 319.573
36.930 50.575
289.512 492.054
6.009 83.044
485.589 449.004
475.428 304.820
116.751 151.845
44.629 8.489
398.468 349.258
243.146 413.545
417.586 69.590
479.159 189.031
343.654 183.573
222.465 174.897
292.086 89.500
188.669 154.725
237.970 495.179
321.384 342.632
19.339 130.193
441.104 433.978
467.797 493.434
255.534 51.238
291.710 323.551
84.920 15.706
26.848 476.326
382.084 185.507
423.111 234.816
49.365 382.299
114.634 354.841
318.584 153.408
497.216 224.997
153.700 7.536
222.595 425.413
277.018 227.500
155.337 351.362
209.799 129.552
14.923 230.171
143.059 171.064
389.428 300.006
46.308 92.196
283.058 220.664
475.246 289.507
72.442 414.607
412.377 410.653
391.388 402.506
66.721 205.528
330.160 151.871
24.671 118.278
321.757 242.274
240.435 55.556
40.642 299.749
130.152 170.074
224.427 183.848
153.394 134.531
208.464 439.010
375.926 399.148
445.279 383.795
383.339 247.173
391.199 251.811
466.060 292.408
405.288 264.654
146.502 74.085
208.171 8.453
391.730 103.968
100.142 443.851
17.647 346.134
425.269 319.134
235.500 103.059
82.053 392.114
195.800 160.894
36.981 190.617
211.312 250.664
463.905 403.143
182.897 305.082
66.701 337.286
426.429 95.154
489.365 401.114
196.077 497.048
249.273 293.565
4.384 181.024
488.365 192.908
324.065 192.513
251.168 463.233
304.226 1.107
444.642 386.723
91.717 116.447
130.419 215.036
489.195 398.228
303.204 421.038
25.933 146.658
473.410 234.439
7.344 131.220
277.921 300.089
301.361 259.745
309.189 127.782
16.141 235.774
155.819 142.140
169.946 157.817
469.583 466.874
465.218 410.992
232.664 354.500
241.090 406.612
376.468 205.912
311.726 312.992
33.794 357.724
296.245 251.199
142.052 118.162
169.023 410.040
350.218 392.174
433.372 267.067
128.713 234.135
448.372 36.326
260.280 168.258
207.525 363.236
177.678 364.716
145.490 123.530
401.884 220.706
485.204 249.717
410.769 174.629
459.656 30.836
188.746 35.574
211.342 320.183
77.093 453.284
311.367 300.763
30.434 163.155
411.522 430.283
307.682 440.024
13.506 261.083
452.006 154.080
305.372 457.820
307.946 99.939
268.374 186.760
22.172 191.557
302.661 494.690
105.091 91.167
305.439 213.734
285.766 430.589
471.851 476.057
338.170 142.140
495.545 345.227
482.486 372.816
270.545 206.768
48.487 318.637
25.580 420.364
72.550 304.780
52.789 409.723
363.373 267.602
177.097 306.746
25.867 361.997
69.004 127.159
68.600 310.886
393.488 75.036
99.228 196.083
61.100 47.622
404.528 494.613
346.838 286.945
370.815 400.828
33.804 391.840
338.236 141.803
143.268 331.375
474.554 177.090
131.583 299.765
379.799 93.796
464.913 454.255
203.964 413.101
248.349 69.934
258.467 197.262
199.182 105.193
17.004 235.154
364.112 197.448
323.084 447.822
42.984 471.013
151.212 56.331
464.873 298.482
391.056 0.976
445.972 442.036
489.775 375.977
223.483 165.741
286.612 392.741
399.299 57.454
409.656 97.809
314.728 132.306
446.242 36.847
427.056 310.128
101.864 192.069
317.319 317.966
109.102 145.517
402.269 41.880
369.674 42.196
242.958 152.810
305.436 496.658
357.229 97.123
4.631 446.041
344.896 369.294
469.300 20.732
276.930 343.198
168.565 174.049
44.107 293.389
127.455 473.854
97.228 148.346
12.247 290.234
278.725 124.285
230.466 194.425
336.873 443.290
410.207 318.578
452.073 435.415
111.433 94.796
337.210 365.367
215.090 145.631
145.369 145.901
156.285 281.416
499.975 427.837
483.678 402.044
364.663 94.433
278.617 115.835
442.750 407.030
85.242 426.458
336.714 93.515
333.818 63.047
163.617 114.696
21.217 43.428
390.904 419.001
290.422 81.696
236.786 197.943
17.913 114.210
347.133 473.802
492.770 162.857
473.605 216.500
467.255 123.370
237.243 246.135
375.296 135.847
260.482 325.699
89.073 403.979
286.676 138.865
275.375 112.139
346.081 474.194
161.991 171.853
89.400 319.289
13.354 22.436
476.218 348.266
60.353 224.824
279.009 306.320
415.744 83.282
46.629 161.495
444.584 289.661
224.251 343.195
340.862 458.294
421.209 479.858
241.300 205.578
204.173 280.193
76.488 450.924
10.730 183.667
137.370 28.979
474.038 374.216
56.000 416.482
8.366 298.008
16.489 167.440
299.965 407.473
375.734 196.498
123.385 468.910
165.765 42.653
21.544 40.327
24.111 131.723
253.630 101.531
421.643 120.106
402.593 362.004
474.845 103.879
408.684 231.999
7.531 240.334
365.407 464.903
33.957 197.530
207.860 23.637
252.749 94.905
4.140 177.020
