290.468 166.833
90.926 334.235
210.819 134.702
356.208 282.429
30.566 278.705
246.352 188.927
60.174 129.375
8.997 99.592
329.361 363.702
268.454 442.280
74.432 425.055
94.228 198.102
120.425 311.936
134.190 449.593
133.926 107.253
291.567 241.726
226.976 30.036
265.594 43.751
353.147 451.025
377.946 430.341
332.264 334.129
442.676 139.467
260.805 12.863
128.508 367.545
33.789 395.070
281.691 38.815
494.558 314.835
101.141 281.128
236.004 135.098
458.039 37.976
463.110 343.819
254.303 493.166
354.111 299.040
476.122 41.534
317.754 318.818
113.049 225.893
467.125 91.957
5.271 363.509
220.075 165.206
353.952 201.083
495.046 315.302
262.112 37.236
171.741 87.901
79.390 11.776
385.618 369.491
26.746 89.571
228.254 456.696
366.897 289.221
44.221 113.121
7.944 42.700
496.427 108.888
20.963 277.690
126.477 391.683
326.736 137.862
103.823 154.370
0.821 234.843
428.605 87.218
118.138 470.523
374.636 412.831
53.919 406.023
136.128 259.305
460.286 222.855
351.638 392.393
288.611 30.735
74.538 364.307
65.629 489.386
186.590 43.850
30.617 199.997
121.711 255.307
170.651 497.472
376.755 93.884
268.018 20.567
0.166 458.780
158.705 91.850
253.244 85.536
472.108 444.192
338.347 90.067
495.624 341.371
354.228 426.992
424.765 396.778
200.749 4.809
125.955 178.652
155.812 77.678
230.965 357.868
431.214 225.626
234.900 275.229
287.021 251.156
253.507 369.467
390.681 66.476
148.148 220.619
387.870 72.817
194.131 275.702
401.377 73.946
330.011 156.809
226.862 201.842
197.348 428.720
94.675 405.044
108.324 196.653
106.726 348.323
317.241 263.529
421.863 220.315
108.084 267.528
459.148 210.748
488.557 119.912
175.644 158.858
424.068 444.657
141.879 222.101
190.018 334.660
248.375 180.621
368.501 280.736
30.241 192.589
296.896 46.223
121.683 220.018
106.909 88.385
183.235 268.766
70.881 392.534
121.490 374.891
498.276 250.181
345.243 150.310
50.322 375.462
256.229 317.707
217.656 406.740
84.315 361.811
14.416 388.401
103.650 304.589
146.800 33.505
309.912 82.099
156.041 302.365
369.461 71.686
124.923 78.595
405.139 188.133
258.055 130.606
279.166 32.350
379.232 449.607
279.223 275.853
271.483 37.333
438.572 8.047
157.212 417.796
270.429 327.572
455.638 121.079
73.604 22.739
295.983 174.245
24.930 363.556
161.449 309.316
59.461 183.655
351.865 447.411
276.755 125.577
87.163 74.283
17.181 265.886
92.965 339.679
76.925 201.997
204.905 468.173
366.598 161.822
411.439 291.505
274.924 272.669
112.803 113.052
303.276 166.061
474.410 247.519
151.177 451.830
482.617 480.506
198.992 28.718
348.086 167.906
357.726 161.407
213.682 252.607
23.344 147.325
489.203 419.999
270.043 374.745
417.150 37.798
106.362 279.337
492.432 132.074
444.750 467.788
299.391 282.110
146.448 81.981
464.287 449.750
79.524 7.604
248.541 302.589
94.513 320.131
488.344 356.178
211.551 88.529
91.568 116.380
290.835 322.548
277.450 448.294
289.330 462.690
4.018 91.133
467.483 184.579
147.131 115.329
243.716 328.817
466.116 477.421
324.016 80.126
44.806 56.446
292.035 432.648
31.705 424.010
427.674 442.458
29.897 47.903
170.136 178.559
170.321 131.174
221.947 27.931
225.987 231.718
423.239 396.667
105.804 70.844
428.333 273.708
246.076 183.582
243.638 9.317
97.517 216.334
388.537 296.631
278.075 330.267
103.450 404.621
200.898 426.558
139.751 259.172
450.260 170.832
214.545 129.693
395.512 19.792
496.119 231.583
147.259 1.841
60.682 324.155
429.864 275.664
401.781 187.794
178.928 318.817
473.734 116.575
94.003 326.862
491.495 244.026
175.708 249.862
331.651 263.365
171.455 322.855
462.478 233.638
24.148 448.508
441.791 37.366
85.404 224.109
128.031 386.896
495.685 75.579
57.322 123.607
44.668 243.981
283.083 284.465
123.544 405.777
341.017 358.461
387.112 105.574
354.971 23.376
55.287 252.593
75.414 480.248
10.074 410.245
278.913 493.591
132.118 207.146
470.555 189.370
330.124 327.445
8.450 396.256
228.563 78.925
447.767 146.855
205.974 123.607
263.250 43.517
488.543 77.896
427.499 118.884
221.711 133.704
440.418 460.177
289.205 417.141
470.945 371.225
135.154 133.974
7.429 383.428
79.417 147.407
272.889 477.237
407.017 448.076
133.749 430.867
421.094 162.020
263.362 349.701
258.026 154.560
288.454 113.651
361.592 374.220
3.530 438.601
487.482 49.153
47.008 57.119
454.572 251.381
76.962 415.608
422.523 406.668
259.968 174.735
41.189 482.998
378.726 11.188
388.826 281.005
145.090 172.139
198.315 92.060
255.099 141.297
122.548 28.625
201.539 218.700
133.047 143.922
468.294 189.330
440.660 259.045
156.096 143.327
200.728 169.127
120.966 7.115
41.859 239.151
230.561 388.200
11.432 437.869
194.697 25.823
311.291 143.427
15.022 225.894
148.583 219.754
135.746 214.102
320.550 469.041
427.985 68.090
456.172 391.653
360.851 198.794
291.388 363.627
439.813 464.608
282.439 415.426
144.935 401.828
387.692 206.302
8.320 87.211
454.107 168.994
411.796 497.073
291.600 238.135
304.251 49.630
135.714 159.022
242.144 93.586
286.290 491.536
288.941 160.027
456.740 163.033
451.267 140.372
143.484 187.212
401.700 296.389
298.185 360.971
481.520 378.900
375.304 26.663
40.058 408.554
174.881 421.750
426.265 217.970
335.270 77.601
214.537 123.589
434.525 280.894
461.700 279.372
494.230 300.695
329.985 16.230
412.878 29.399
335.489 219.933
153.349 351.122
256.375 38.384
338.901 4.875
48.085 28.546
410.571 453.912
436.164 465.360
326.594 309.429
73.848 415.857
305.492 162.790
309.667 381.335
107.285 231.794
42.342 236.969
132.139 201.916
28.424 262.067
1.777 484.375
216.630 490.100
239.990 3.078
427.387 361.064
320.431 380.486
403.462 125.793
300.119 22.752
356.828 447.795
462.424 43.249
28.488 389.939
473.018 218.835
362.124 360.669
231.546 91.830
447.989 187.572
20.567 110.540
71.194 268.670
494.776 318.416
433.972 158.465
380.427 76.491
245.738 80.166
443.039 402.039
355.483 460.537
325.098 222.270
220.298 219.240
203.351 242.724
166.435 93.837
435.849 364.763
281.737 412.735
376.124 455.930
282.746 174.386
478.681 44.345
194.793 478.944
141.649 112.517
276.263 400.484
34.229 179.729
107.314 205.073
295.400 65.823
172.084 348.897
238.510 355.626
447.608 118.954
446.248 486.472
114.940 182.039
123.490 297.658
308.431 196.943
370.010 429.535
143.661 397.198
345.887 96.618
498.873 195.742
259.621 386.886
113.286 418.928
201.261 438.719
39.682 191.999
163.966 428.435
248.836 44.307
363.243 58.696
247.159 280.040
439.079 440.473
464.082 307.928
421.344 256.713
164.064 415.812
384.743 431.645
92.124 194.902
459.452 246.680
26.495 412.657
230.972 470.482
398.637 18.149
78.872 485.446
169.811 26.538
282.224 305.694
221.044 361.999
470.979 271.539
235.881 387.688
414.776 10.424
400.303 478.801
151.769 320.489
58.939 427.026
92.094 198.063
285.192 270.726
458.925 484.604
46.413 418.613
351.551 393.678
491.998 429.123
143.861 172.818
265.089 86.679
78.527 30.753
92.402 101.102
173.346 14.685
476.097 73.748
286.382 428.015
187.104 392.338
305.181 323.729
125.797 278.265
149.434 248.679
355.328 363.913
304.080 139.497
471.566 349.694
232.729 243.087
442.656 387.691
84.256 317.944
132.604 332.660
146.552 122.397
209.957 214.016
307.156 148.743
350.351 175.100
492.081 16.211
271.397 358.854
44.326 82.126
196.668 416.498
291.900 308.018
366.355 10.041
157.032 68.171
64.120 345.016
362.265 355.441
367.051 201.007
300.879 332.032
327.700 82.964
109.936 332.686
195.004 129.934
433.821 141.497
386.777 19.625
35.727 150.356
169.096 223.185
251.796 44.106
166.187 271.064
350.815 39.394
49.325 131.243
473.933 429.290
374.179 80.600
410.859 142.659
301.321 314.486
469.159 465.960
452.029 424.291
420.072 85.120
175.313 385.333
153.917 161.369
69.362 350.079
222.513 441.006
16.584 278.398
419.812 377.519
4.863 438.718
325.829 94.474
106.451 78.081
279.520 306.666
495.603 146.845
495.018 440.688
61.893 207.121
416.913 38.042
435.018 55.009
201.533 13.647
469.515 369.523
8.701 477.413
246.638 25.195
38.229 138.132
43.157 499.605
363.647 473.814
39.218 95.811
225.292 213.013
35.770 91.463
249.037 311.021
131.843 212.816
84.280 25.652
339.528 159.907
374.199 118.626
402.249 223.737
414.288 449.252
262.243 447.402
388.769 295.762
448.708 426.998
106.088 327.450
319.265 285.055
291.188 162.955
203.822 4.053
170.917 311.619
274.720 239.465
101.838 120.896
451.415 419.176
116.768 388.544
344.325 155.610
420.658 358.872
488.272 435.059
16.093 125.526
376.385 103.948
130.895 223.434
128.369 405.761
334.246 280.114
372.321 74.756
217.577 342.100
315.902 149.815
398.987 443.548
306.938 350.790
149.474 113.186
283.000 361.082
482.965 464.549
56.233 39.857
475.848 498.517
226.772 200.006
414.971 220.685
232.871 71.145
138.741 143.593
412.401 391.862
486.613 1.409
197.607 125.434
136.731 300.835
268.569 447.946
493.588 347.625
190.811 489.944
201.655 197.491
247.203 484.295
152.238 121.701
97.246 307.935
251.616 375.371
482.784 49.896
429.519 71.255
397.266 394.807
255.435 281.435
96.968 95.065
190.782 83.311
333.836 421.496
223.415 186.775
449.681 476.803
7.437 152.341
22.132 182.245
9.677 251.807
133.945 152.494
225.693 169.832
11.230 49.891
248.355 305.941
368.907 179.253
449.270 357.251
51.384 51.043
439.484 369.061
21.680 147.777
131.457 228.518
447.854 400.823
279.295 345.083
230.806 338.570
416.943 198.734
60.690 5.284
412.367 86.949
467.083 155.966
185.852 352.468
221.659 365.042
111.679 16.470
491.497 159.882
258.169 243.033
122.228 335.245
443.583 163.005
455.692 225.988
274.709 251.096
496.660 306.154
198.648 161.858
212.538 422.227
90.121 222.396
421.655 190.937
498.590 489.013
190.794 108.486
478.238 85.863
66.646 23.406
364.364 404.009
108.041 95.385
74.804 350.706
465.051 411.497
498.081 142.713
217.790 188.959
139.394 11.896
28.602 33.143
364.519 230.751
4.612 254.969
85.243 262.597
269.290 19.337
231.800 129.077
44.511 142.939
134.705 367.435
264.297 127.239
444.958 66.353
472.508 71.462
132.894 199.094
127.768 233.256
121.130 72.276
334.412 178.503
