283.721 8.023
344.665 410.893
448.325 491.568
90.651 121.935
171.432 8.925
237.287 44.583
39.299 329.496
187.108 296.257
360.350 357.744
150.127 280.983
59.945 0.916
116.733 428.506
254.600 336.540
280.370 218.513
70.362 444.428
264.992 350.425
76.189 152.212
340.627 69.590
277.107 24.675
44.639 355.636
310.608 451.958
157.218 389.853
101.674 383.846
242.654 51.499
313.243 61.684
85.787 294.729
362.698 201.708
31.348 119.128
331.451 87.904
228.261 157.439
3.357 247.063
23.955 324.219
409.920 239.502
230.508 163.339
143.582 94.083
256.428 293.552
105.605 317.003
201.357 469.478
28.648 411.542
104.011 202.153
315.304 88.245
483.588 274.352
295.079 479.363
488.613 378.959
225.038 65.277
93.594 446.429
192.541 380.863
321.198 14.873
336.231 498.178
55.087 388.360
239.229 102.332
351.543 22.370
363.072 229.970
273.286 50.591
450.531 12.118
44.740 236.558
442.364 210.471
234.629 170.808
67.685 372.040
57.534 375.982
5.769 472.230
157.738 205.309
329.310 397.527
316.162 458.606
436.574 194.661
34.314 102.114
101.987 390.000
394.645 221.705
115.344 187.369
366.839 466.056
234.484 225.896
116.125 48.631
341.898 254.646
67.249 484.182
323.048 331.446
15.732 371.315
316.387 140.476
151.686 299.607
73.786 187.447
484.591 322.154
472.267 117.104
461.584 306.933
445.415 391.242
35.733 135.000
401.065 40.472
474.753 354.280
125.667 230.307
150.128 440.401
362.266 452.850
52.757 113.573
36.454 178.387
107.240 279.174
399.156 161.111
387.441 7.573
117.482 438.117
382.000 54.299
110.609 5.899
219.651 177.402
165.529 399.652
60.307 181.482
222.095 392.374
282.695 220.948
279.794 139.037
469.588 331.508
301.843 387.035
410.805 151.940
42.513 283.136
138.581 211.584
429.673 366.826
156.367 413.545
72.411 148.812
269.985 1.084
166.237 43.565
298.159 207.851
176.679 296.654
483.654 135.401
99.439 9.210
112.285 259.570
487.151 87.738
190.532 413.217
421.069 103.728
205.480 482.786
339.164 442.007
424.924 63.519
333.962 138.661
19.843 247.194
385.185 271.463
481.166 463.697
301.259 456.724
313.879 84.697
240.418 205.773
255.454 73.802
434.508 193.829
180.318 411.739
131.340 248.413
209.755 187.907
417.682 388.308
405.983 481.573
155.631 388.179
326.346 381.711
160.165 355.089
287.327 281.481
129.662 160.327
368.189 13.842
20.570 25.813
339.238 245.001
187.123 58.321
251.449 197.169
247.566 266.508
263.160 117.553
383.551 234.094
151.789 90.582
244.412 230.278
97.333 446.309
57.614 239.188
213.628 204.290
425.870 309.142
159.322 225.916
244.263 359.144
250.283 249.607
282.387 467.456
319.942 74.384
108.454 324.249
465.053 400.051
457.354 354.766
287.209 184.978
96.089 400.645
221.017 74.705
326.764 224.468
186.670 420.942
192.384 128.589
293.353 251.045
258.741 458.239
319.108 212.081
355.224 213.003
22.446 480.789
209.075 110.595
344.364 271.369
441.218 137.897
382.139 272.248
423.714 85.693
434.756 232.851
294.768 109.234
117.488 439.640
141.686 140.607
301.912 191.224
353.299 422.327
397.676 365.397
16.956 461.244
54.395 317.784
168.938 490.973
48.502 403.935
118.911 54.991
445.604 163.921
457.908 23.161
427.248 264.300
499.743 381.113
385.997 30.513
16.280 360.447
456.341 43.472
105.748 65.869
52.929 440.200
11.938 329.872
297.243 42.063
101.586 96.334
341.292 148.755
37.505 15.066
373.840 217.655
330.618 455.466
403.557 295.016
3.473 483.440
114.576 121.729
298.841 222.630
312.431 149.538
234.939 199.283
19.803 309.065
53.933 30.773
114.721 258.068
206.467 388.826
436.585 33.873
3.497 1.369
395.688 28.527
258.584 75.633
358.678 406.544
320.878 395.358
242.590 218.093
464.396 59.048
198.740 236.790
38.192 422.419
456.256 167.086
209.779 359.463
93.546 74.467
144.700 272.056
494.099 55.319
418.292 228.314
29.537 53.956
376.939 389.401
314.832 413.435
314.477 62.984
247.148 428.734
46.029 58.238
135.129 144.352
335.013 111.020
244.238 442.723
162.957 470.917
246.330 472.591
441.626 483.493
147.877 74.694
474.885 445.673
485.797 343.559
215.222 415.119
474.320 56.723
382.414 222.417
361.111 246.275
274.703 466.045
264.097 338.378
46.859 438.545
81.882 224.086
234.741 477.938
352.683 499.456
344.715 482.917
461.044 474.421
386.706 483.638
425.268 279.116
369.561 184.446
197.497 233.349
279.626 438.566
166.222 279.053
138.635 205.830
258.646 50.227
107.272 379.597
147.198 162.007
242.116 97.343
357.791 65.835
154.366 181.223
119.603 273.627
160.455 409.534
377.376 143.149
241.946 118.052
97.755 399.252
418.605 75.199
9.813 365.100
480.536 472.040
298.600 71.306
37.794 407.240
243.283 410.137
355.304 148.693
207.356 237.122
495.505 424.142
312.690 203.628
220.883 329.189
415.306 115.110
140.558 40.739
440.780 172.193
316.774 61.742
329.073 102.817
162.984 230.120
198.119 60.057
248.746 337.418
12.561 406.642
141.336 173.942
485.876 207.412
326.642 238.770
406.292 250.382
190.804 51.092
488.908 369.486
285.290 491.220
120.875 177.095
141.487 400.763
96.236 170.700
217.476 297.418
130.119 291.133
299.599 276.864
230.860 105.520
467.345 95.497
396.184 166.015
247.359 388.129
28.433 161.020
162.438 332.283
373.481 341.315
171.090 211.533
297.701 270.134
453.582 87.049
255.717 17.105
224.319 340.378
95.163 423.654
204.205 38.333
325.912 217.388
336.159 161.762
27.574 350.371
192.776 484.103
284.219 126.315
490.540 244.934
289.187 77.992
150.926 437.878
94.277 440.099
213.604 303.048
233.756 242.360
423.265 36.865
255.831 338.966
364.547 216.709
242.447 95.158
247.546 21.619
105.455 441.577
491.391 479.259
33.096 414.046
375.348 64.167
427.069 242.759
397.055 164.576
156.150 391.745
142.731 194.467
0.271 497.888
93.329 44.377
396.356 294.367
458.750 247.469
461.250 309.446
85.120 205.330
325.866 439.953
439.075 5.174
134.513 291.801
59.049 361.098
237.819 151.652
343.597 276.774
341.373 167.842
117.047 4.474
213.330 389.103
107.193 281.703
17.329 124.308
235.893 1.302
451.641 33.443
348.051 334.656
428.893 109.216
198.494 134.951
184.062 211.123
335.527 159.646
375.417 180.931
253.685 314.576
331.983 421.267
125.612 294.323
420.207 89.099
40.202 372.957
60.714 183.044
271.072 219.822
270.511 131.248
137.732 331.998
258.788 145.797
300.008 187.811
194.203 273.563
350.908 380.381
179.007 366.413
350.245 410.502
125.667 401.106
384.882 121.535
139.280 86.392
148.748 319.467
107.396 17.012
6.872 85.598
16.364 323.122
51.991 429.686
34.610 384.114
15.541 181.691
274.901 378.947
455.094 231.460
373.124 497.937
286.301 166.834
27.983 478.494
1.326 338.919
413.321 318.989
184.381 180.588
221.115 29.872
345.578 491.842
477.513 16.573
364.778 141.237
341.832 380.459
424.604 288.345
383.866 24.803
400.177 118.156
100.763 41.600
459.298 177.467
81.186 437.125
135.195 242.626
41.169 496.809
15.960 182.329
309.500 149.574
70.972 179.946
257.215 9.564
214.707 307.258
360.113 24.614
62.153 207.135
86.286 120.064
104.443 317.949
361.242 479.463
378.144 259.777
16.955 293.402
93.831 258.151
12.083 433.810
390.859 80.270
52.854 243.620
435.068 432.190
306.738 32.676
75.836 341.849
157.216 66.978
230.170 193.435
261.737 155.986
57.910 386.538
232.608 161.130
57.406 288.141
434.697 309.795
121.459 414.189
324.019 143.448
461.331 216.622
339.473 22.374
245.801 285.048
442.343 13.436
423.465 127.750
307.185 17.244
140.184 19.875
486.307 200.716
91.113 119.343
84.485 498.007
59.429 280.791
463.675 386.749
359.909 312.708
401.773 63.877
56.422 53.814
134.976 150.448
440.047 162.179
166.703 370.209
354.936 239.420
205.558 50.500
373.366 227.510
144.225 378.339
337.659 92.406
144.285 471.893
147.262 123.421
211.864 75.691
342.067 248.424
159.453 66.096
495.633 379.872
93.531 371.595
431.081 86.584
484.236 71.568
163.040 53.885
17.458 211.172
21.360 170.666
390.889 16.665
453.935 200.515
177.458 134.040
399.558 67.168
142.680 0.953
377.042 366.224
283.238 251.711
136.735 205.752
446.564 414.463
491.835 265.909
193.461 420.310
177.825 45.175
21.498 53.933
286.802 36.666
193.486 277.806
94.590 387.839
473.887 172.350
24.131 53.618
328.666 351.174
187.266 191.731
173.713 339.354
456.584 304.679
393.653 10.667
77.415 55.460
117.821 463.887
34.027 253.512
116.860 456.813
162.025 436.247
363.762 285.737
89.098 392.122
490.800 131.033
158.125 312.172
36.647 67.681
481.499 474.284
451.950 86.304
154.075 495.336
445.813 147.674
345.906 432.780
152.168 183.442
279.208 130.094
419.707 76.998
448.643 492.629
443.671 402.795
244.377 227.071
66.736 1.150
46.518 430.182
294.648 47.069
411.136 131.490
202.571 202.028
161.536 183.793
272.687 348.727
77.824 315.122
13.447 449.630
361.808 166.523
181.831 343.927
428.516 148.102
135.353 65.899
17.316 11.662
483.229 399.385
295.317 46.646
231.831 358.233
459.702 477.901
232.303 134.173
233.740 358.336
279.726 292.610
413.638 207.242
219.970 319.957
228.086 210.847
273.359 132.464
471.550 382.142
95.984 281.325
188.307 355.118
488.950 137.325
351.444 79.866
472.752 94.785
324.920 337.198
450.510 96.969
79.632 419.721
234.361 154.946
190.957 77.642
215.931 415.972
21.818 422.345
152.514 447.934
96.125 270.638
207.135 285.390
104.720 331.207
489.159 20.124
368.877 54.178
213.643 310.976
221.387 450.112
227.632 55.960
128.565 496.065
455.149 108.188
7.841 325.737
374.396 258.750
197.596 495.164
275.978 473.719
385.038 421.708
176.205 314.325
68.453 292.443
245.732 361.741
339.170 282.025
184.106 367.512
407.783 223.463
275.433 157.068
468.398 336.681
182.323 118.987
240.787 75.819
248.853 70.902
286.461 142.160
67.097 453.904
423.049 54.411
360.256 78.985
445.771 488.569
301.463 468.781
71.056 370.221
248.296 243.071
98.315 214.278
106.026 218.718
242.318 185.008
463.811 263.198
105.827 290.233
121.167 26.664
110.517 44.516
362.691 360.341
256.913 10.148
392.995 130.425
417.988 31.384
386.687 309.787
408.515 365.999
410.734 136.469
119.242 231.185
95.631 452.456
490.309 75.669
49.862 431.315
240.910 40.208
0.386 202.968
471.237 124.961
220.770 58.497
39.827 163.771
