240.236 116.399
127.308 186.075
148.959 107.687
355.261 415.910
268.580 334.882
349.449 411.124
407.845 76.098
64.413 293.281
247.160 375.283
9.474 303.711
237.216 406.516
300.827 134.386
171.579 418.008
97.868 69.214
139.225 463.115
77.270 264.919
306.218 429.133
122.995 183.282
151.980 103.221
3.739 230.426
109.361 473.873
275.365 91.075
276.107 141.637
149.588 225.007
154.868 264.716
487.941 485.943
117.516 135.774
108.542 425.171
475.111 426.033
374.546 223.433
24.835 471.635
190.162 332.660
16.735 157.326
426.200 219.333
341.384 221.166
178.073 430.512
400.684 248.260
230.203 399.733
13.721 232.009
349.015 464.614
462.461 175.905
275.418 120.513
166.062 136.962
436.571 225.538
235.383 12.137
93.702 219.270
207.054 285.942
213.991 68.947
295.490 388.224
432.029 476.428
108.998 107.611
311.662 335.104
254.394 179.658
306.585 140.808
205.663 443.448
70.473 197.431
298.777 327.774
245.833 142.507
227.786 240.083
295.146 300.634
259.201 449.865
102.304 144.030
137.711 233.498
465.061 199.175
3.859 243.019
72.699 82.492
14.087 364.665
245.972 400.668
27.638 409.666
271.709 13.598
56.301 161.240
470.468 171.527
299.461 40.909
250.136 262.001
235.705 493.323
279.968 388.238
393.292 171.200
244.856 211.148
7.017 36.322
280.033 181.913
347.544 3.607
357.278 77.838
53.261 50.046
344.904 177.795
260.525 77.002
227.800 311.239
94.932 473.635
395.881 413.746
477.278 489.225
31.780 65.819
160.023 282.479
156.598 259.680
184.853 120.651
471.727 91.926
394.728 138.960
93.018 170.948
373.837 226.685
291.121 107.468
5.155 297.374
66.715 244.092
437.682 266.484
350.642 95.489
197.235 434.549
496.163 4.354
447.945 48.993
0.044 207.830
58.236 220.333
326.902 495.984
190.724 59.536
238.470 435.605
380.091 289.844
162.612 312.168
298.464 337.344
484.723 321.868
468.955 351.422
337.462 172.342
127.007 412.623
197.289 338.901
440.064 317.423
463.129 496.420
397.639 353.897
103.858 264.182
90.726 21.543
65.095 382.813
179.389 82.619
197.800 150.469
166.219 88.468
186.668 416.846
272.216 337.341
162.671 204.568
111.692 353.165
343.889 326.177
219.179 267.987
476.782 42.654
205.780 385.872
117.997 162.025
252.143 79.221
436.139 358.551
300.526 107.330
489.326 256.205
381.716 178.305
78.884 170.232
493.782 311.452
124.899 437.126
346.969 288.874
293.718 223.126
385.305 269.594
236.061 236.782
289.020 12.937
270.477 21.999
127.031 407.632
400.769 222.275
142.776 499.468
37.343 245.603
438.275 318.441
496.732 471.813
116.827 345.579
398.935 134.023
403.767 483.761
0.675 20.755
276.136 365.718
414.377 81.268
446.506 156.585
347.111 293.389
226.358 400.735
388.411 381.213
448.372 82.867
387.895 92.712
255.123 7.127
232.234 31.579
85.992 353.864
7.705 279.499
158.985 486.456
330.422 16.261
498.193 53.373
492.714 40.999
272.980 474.887
409.193 116.367
231.980 239.801
126.518 384.183
355.092 55.421
25.219 438.708
206.643 398.988
459.979 335.538
366.934 66.317
135.579 56.685
149.918 485.351
147.526 353.749
188.394 129.030
472.275 5.618
488.541 173.612
384.207 222.922
107.964 55.212
126.943 160.636
415.763 217.598
226.159 391.890
334.231 6.411
397.591 375.718
219.779 228.777
456.601 331.144
465.099 192.173
266.381 112.473
30.554 389.537
125.827 488.040
147.843 287.754
195.202 8.458
260.797 303.478
230.353 212.117
196.296 274.573
309.197 439.800
302.519 479.802
225.871 17.283
240.231 320.910
459.790 377.160
140.925 297.533
153.802 9.236
374.613 244.291
143.936 464.014
389.587 168.945
442.262 223.600
415.136 399.060
248.511 304.981
182.064 38.833
9.704 85.348
429.320 31.706
373.321 106.074
349.959 450.801
288.374 225.618
315.947 92.823
300.181 116.893
42.786 338.758
403.974 327.515
247.675 392.725
96.073 328.999
442.509 376.575
196.646 122.832
428.833 231.623
238.848 221.885
268.861 255.015
347.133 67.773
249.609 329.606
315.396 2.472
482.560 10.502
11.282 279.622
396.312 363.824
499.900 392.257
373.525 112.293
449.026 496.423
476.077 285.591
171.697 346.393
25.593 14.674
436.835 60.542
204.554 382.178
168.301 427.432
479.721 21.092
20.960 468.737
164.796 251.384
322.945 182.748
67.565 82.533
326.487 487.599
100.936 336.054
84.112 226.950
370.077 158.594
290.794 178.858
417.760 122.895
176.319 144.948
126.976 493.060
282.140 215.607
114.057 198.410
318.081 132.138
479.068 229.363
474.467 301.166
495.907 129.956
82.009 178.164
31.964 100.944
433.366 229.815
33.032 294.524
169.305 359.146
10.371 212.471
325.625 232.159
63.055 110.892
97.017 192.065
367.078 350.288
482.036 329.710
402.499 0.428
179.816 243.302
245.909 181.422
68.803 405.399
253.281 211.775
366.368 312.020
476.927 237.516
312.713 332.554
94.972 331.851
151.655 258.716
120.700 490.199
373.582 392.752
478.990 499.414
63.288 274.149
374.436 40.623
46.877 57.552
448.185 308.617
112.365 260.925
113.488 414.347
223.499 295.947
23.599 303.246
383.017 388.243
465.697 26.276
475.682 426.021
452.012 366.903
214.038 183.077
362.286 230.080
310.731 175.212
365.808 257.408
46.753 263.311
273.674 221.402
223.263 348.654
136.527 269.639
415.663 221.989
147.934 278.950
385.025 401.811
489.815 24.041
220.472 437.315
331.770 382.370
205.798 309.922
386.875 236.084
185.074 58.692
261.533 52.312
263.324 317.862
329.412 283.949
86.900 348.239
17.698 438.785
134.587 227.793
226.565 99.541
134.795 42.077
173.688 389.291
42.333 103.523
240.556 362.451
129.610 299.592
63.563 147.979
236.423 280.086
480.660 315.818
70.196 131.419
235.668 416.996
33.277 63.829
306.975 238.760
423.860 384.682
210.309 468.529
227.196 177.687
413.277 381.122
332.262 422.338
43.578 334.740
209.164 34.144
437.689 180.978
274.885 42.173
54.318 363.916
45.673 100.581
288.503 450.748
201.280 6.876
48.532 268.237
342.315 227.356
167.788 215.108
391.863 68.402
181.963 75.332
449.796 82.511
267.970 231.753
367.247 455.206
194.108 486.023
459.287 250.795
264.626 306.004
315.160 163.273
329.448 52.777
453.623 36.972
14.233 210.853
62.205 182.828
210.934 110.999
317.470 476.237
405.575 258.491
375.787 13.744
284.398 478.356
108.994 33.398
254.372 31.268
464.451 240.751
429.603 92.516
452.708 317.905
321.319 184.473
37.808 171.686
464.928 54.837
399.636 99.693
94.096 476.974
26.834 29.684
472.032 484.020
126.154 18.549
129.459 385.320
241.680 278.188
28.575 41.516
11.445 267.391
411.763 239.650
215.615 247.427
57.260 4.472
449.075 36.534
178.951 446.098
241.124 295.968
61.672 355.435
410.170 353.942
51.458 468.210
496.754 335.349
291.212 4.884
471.904 356.020
324.774 360.696
488.539 61.732
301.169 101.608
370.365 50.057
445.595 80.207
44.138 230.644
87.106 237.644
246.505 356.310
276.600 373.105
90.353 411.235
104.470 304.503
107.176 113.455
68.356 370.559
488.509 438.858
231.861 122.207
5.139 93.290
453.891 372.618
202.734 487.711
299.191 190.514
427.826 87.811
363.889 254.492
425.182 68.149
262.450 307.355
356.223 316.078
117.938 14.445
381.390 478.624
246.491 105.152
461.146 28.983
490.600 490.888
263.914 167.624
43.233 325.385
214.301 371.326
198.976 17.574
184.720 271.124
496.026 26.764
140.137 355.395
103.595 406.840
122.224 456.428
426.632 326.391
275.309 204.255
254.811 131.883
161.428 462.524
190.109 115.430
222.791 218.218
4.692 485.108
371.714 1.113
80.726 464.422
475.411 475.434
453.239 309.875
69.888 457.684
351.308 114.726
266.456 341.597
211.801 199.060
81.728 241.417
304.934 85.927
413.803 417.968
91.747 443.011
421.964 258.898
258.916 402.225
330.955 85.503
231.314 296.812
10.683 362.134
239.720 28.587
109.782 26.128
376.767 478.769
56.923 168.474
48.222 208.891
28.742 296.631
469.744 387.454
481.052 258.160
220.350 24.895
269.718 493.071
420.241 332.027
142.473 47.367
375.868 418.383
22.920 73.851
353.453 143.063
327.855 315.003
273.103 150.420
322.887 285.122
7.833 379.855
59.486 430.066
20.121 442.511
193.332 75.068
478.482 5.625
337.114 262.164
139.369 107.367
374.557 206.471
166.354 450.669
496.355 48.572
492.239 474.077
127.432 123.442
116.740 468.496
288.753 241.347
427.622 158.699
168.539 256.672
279.125 358.699
138.067 157.136
285.474 188.862
141.191 364.670
375.818 399.102
188.955 306.150
101.742 213.347
218.266 344.640
108.171 73.083
185.641 183.254
40.685 484.727
97.452 36.612
227.600 47.128
156.538 212.143
165.047 282.371
258.200 234.710
430.437 30.051
385.407 37.167
46.874 35.803
252.824 364.749
363.092 306.114
316.234 130.197
9.431 39.372
59.201 309.088
254.935 243.456
30.618 332.978
376.146 163.341
55.899 44.204
296.825 452.466
245.966 317.262
19.842 224.499
91.733 100.537
354.143 453.848
197.906 396.015
398.877 330.463
103.426 383.531
425.551 167.532
120.613 229.799
191.233 54.892
75.068 161.969
162.022 106.243
192.473 69.936
403.126 381.241
386.638 418.630
115.002 272.896
180.070 377.416
202.124 274.263
481.177 275.333
421.136 366.628
262.336 252.421
490.167 49.593
258.279 480.556
404.987 31.576
161.540 408.172
4.325 498.715
338.712 240.026
283.171 226.216
153.366 198.788
326.908 130.142
367.577 270.169
44.803 354.576
400.231 47.470
323.410 441.794
126.314 441.730
300.925 416.721
77.571 2.823
232.818 114.507
467.801 232.649
454.731 382.325
346.899 406.792
108.305 203.721
349.625 151.829
82.914 113.149
283.419 318.024
197.540 355.857
279.730 282.336
381.409 66.219
451.613 104.388
353.931 25.825
195.516 31.811
187.909 279.219
396.198 199.630
44.302 125.168
350.685 99.335
319.337 330.802
142.473 135.121
31.063 158.013
487.500 124.724
299.688 41.031
10.913 395.773
396.834 45.788
194.445 343.071
337.647 87.890
404.825 281.297
329.504 491.762
324.506 486.487
223.296 442.673
402.974 142.749
377.081 498.637
167.983 43.844
395.878 260.151
307.547 299.351
66.918 45.113
66.114 142.311
18.311 20.213
175.853 350.179
359.170 105.223
137.614 123.239
73.901 118.232
251.194 316.382
327.477 227.286
78.472 349.588
78.511 157.499
265.415 157.810
295.677 114.650
80.102 183.519
298.255 173.711
263.361 317.178
315.501 51.147
402.779 245.150
284.068 249.779
