153.116 397.647
387.545 159.287
114.675 233.894
414.788 496.894
327.993 129.731
278.384 354.580
59.011 317.567
371.284 195.321
349.386 139.859
149.595 446.772
295.919 135.606
193.853 294.852
40.143 498.114
59.183 220.852
126.083 60.119
308.921 485.996
388.871 372.142
20.523 465.278
221.277 300.698
464.238 176.302
232.463 277.195
45.761 93.109
110.761 454.726
132.140 155.330
35.645 421.749
205.697 362.174
368.016 182.935
271.497 174.259
417.438 156.322
235.118 146.788
16.034 447.515
420.968 117.530
371.788 152.450
361.156 114.379
63.477 410.470
170.554 489.078
95.256 107.394
74.027 297.885
27.775 395.110
54.160 35.417
417.613 283.763
323.658 277.460
316.006 300.469
239.445 414.021
383.836 320.055
98.072 159.141
177.502 273.103
411.545 318.585
312.151 241.281
168.242 48.492
405.904 275.334
451.704 310.077
454.870 495.265
455.618 492.049
274.648 299.158
307.103 169.322
304.360 34.770
436.294 98.887
37.794 49.519
487.511 157.786
90.386 171.693
464.885 264.479
332.055 195.296
148.280 290.579
398.421 348.515
415.295 96.278
97.603 1.780
153.581 212.396
70.624 369.372
19.258 44.120
110.641 275.404
211.522 432.379
6.058 47.870
444.655 385.734
423.793 16.677
484.589 68.221
398.589 181.042
73.485 266.144
258.516 480.070
475.860 308.330
182.609 446.139
234.377 16.138
104.658 397.339
107.853 272.906
105.257 428.532
141.530 325.679
237.615 336.121
418.280 126.092
464.816 387.487
310.497 311.062
406.802 418.340
39.694 396.225
11.118 13.440
233.134 52.290
228.955 286.158
281.192 371.025
468.468 254.765
105.122 216.104
476.108 55.090
223.745 154.637
68.144 119.527
116.451 232.809
445.985 296.081
297.178 323.695
254.055 274.531
450.578 238.088
161.919 210.048
133.624 391.281
473.101 236.258
423.169 1.371
20.982 472.695
149.790 239.833
310.825 135.405
132.699 184.582
411.379 56.504
47.601 41.584
12.922 247.326
1.507 57.490
94.847 313.077
302.084 204.919
2.891 89.926
314.087 465.845
469.592 434.197
275.478 293.021
60.849 119.986
306.018 8.539
84.368 326.329
122.651 301.076
308.336 102.158
36.153 454.707
38.227 82.755
173.488 23.772
461.079 133.238
98.217 87.591
435.638 65.820
184.126 185.444
342.673 452.864
209.596 378.305
107.267 16.034
158.879 209.649
455.409 211.815
23.477 170.574
262.307 181.174
50.072 314.781
345.840 186.298
433.879 319.568
343.499 248.282
361.953 202.457
486.333 226.419
324.701 114.389
117.000 161.749
384.682 353.959
375.913 0.972
327.895 250.118
224.566 82.835
83.542 434.601
68.648 365.329
381.522 424.274
368.514 330.520
0.134 113.690
489.983 93.506
485.741 94.744
127.674 206.430
391.131 261.432
457.378 338.928
257.984 71.532
400.947 402.367
358.858 9.685
157.345 71.754
191.764 59.125
366.653 350.524
190.011 235.795
348.864 345.433
101.660 125.898
262.552 282.816
292.298 236.308
280.119 30.656
116.088 384.107
462.379 50.750
6.242 283.415
409.196 469.725
99.387 364.440
362.574 2.035
210.500 390.115
56.219 372.406
337.120 95.823
326.252 428.433
298.375 255.957
94.856 118.537
113.161 11.166
177.654 251.598
262.199 207.749
55.370 26.474
458.288 276.588
349.992 220.704
234.724 167.883
394.345 459.367
229.022 301.056
133.295 423.909
305.994 281.317
19.609 224.327
81.216 411.922
72.624 22.156
213.687 161.482
332.307 246.605
406.654 89.661
116.724 339.571
58.280 332.928
283.610 308.162
343.115 179.230
374.256 106.292
15.169 8.082
22.390 145.982
287.003 59.990
323.891 287.974
430.609 218.049
240.105 334.210
331.963 488.725
480.724 33.270
139.937 178.601
138.214 135.454
353.982 435.675
169.665 54.249
197.258 141.151
373.591 25.566
88.465 269.013
449.604 482.094
115.719 429.409
319.217 224.063
42.373 10.840
230.644 81.783
133.901 250.530
210.485 357.438
131.928 244.985
389.444 493.680
175.048 155.749
364.227 16.419
438.395 399.830
267.988 310.959
131.997 316.967
65.344 456.466
451.408 250.580
484.119 108.382
117.869 290.047
466.716 343.698
316.261 254.884
254.508 128.229
311.596 327.233
328.247 313.243
91.556 362.026
194.709 53.198
50.719 366.944
453.912 258.680
358.705 476.769
0.759 311.490
175.196 39.302
135.855 419.878
80.334 337.069
389.313 252.407
278.822 340.189
134.185 439.604
299.470 389.224
135.764 449.965
436.654 144.258
450.877 417.422
464.745 249.838
272.093 270.887
415.563 213.586
31.644 268.962
385.191 120.741
231.326 205.449
381.141 491.940
247.971 200.951
71.020 58.948
474.845 304.937
119.009 9.117
32.645 119.287
446.336 56.753
377.421 248.891
335.609 427.494
263.180 118.761
323.102 203.279
290.116 121.091
348.172 67.098
363.556 66.867
448.158 399.626
454.572 142.109
45.154 466.579
119.357 68.454
240.177 224.228
1.269 240.362
227.459 228.387
5.702 318.962
440.022 232.891
9.537 273.413
117.612 390.133
402.040 209.728
215.643 178.041
156.857 246.802
384.096 395.158
122.436 192.760
79.092 165.015
58.629 22.869
284.968 78.474
140.364 210.222
66.895 243.722
46.357 357.407
212.715 141.961
471.250 178.559
452.210 197.651
182.309 97.710
447.554 259.733
418.616 113.932
184.791 185.829
95.180 116.978
352.876 470.544
316.816 299.314
303.263 465.402
328.598 85.707
143.673 52.253
195.866 323.962
212.927 307.693
407.314 84.443
110.996 411.018
131.882 6.305
157.551 56.095
170.582 225.285
151.590 102.479
272.135 474.649
454.237 438.265
471.017 71.705
476.733 39.175
410.299 461.242
108.743 229.239
37.197 188.128
173.136 73.793
450.285 154.857
137.639 424.471
49.695 384.742
379.919 425.645
300.131 122.464
10.745 178.647
336.823 422.785
72.117 142.760
142.955 57.663
232.965 18.585
6.043 51.463
320.070 395.430
249.889 210.940
451.284 420.896
388.332 436.761
278.678 431.100
262.158 217.176
113.455 349.187
326.905 390.015
228.512 387.070
135.352 398.749
437.269 65.301
149.866 58.051
273.887 191.850
91.896 289.506
377.630 225.911
329.525 301.435
469.112 317.079
427.682 63.692
136.319 410.873
49.922 68.937
444.971 212.826
384.753 59.034
152.976 240.167
63.822 102.746
74.537 309.615
238.257 330.108
309.313 420.054
415.123 30.280
478.245 491.189
201.124 108.248
22.964 175.060
6.160 113.643
282.631 228.377
19.257 440.392
188.144 53.852
234.693 141.004
373.984 131.660
230.597 324.109
196.407 43.513
469.484 87.105
394.189 186.660
52.797 422.696
46.962 350.054
340.322 376.399
461.543 102.892
294.989 489.133
223.781 389.079
383.578 402.124
154.049 96.601
260.625 329.730
392.960 454.863
221.189 376.865
22.420 356.407
117.977 167.301
55.182 132.930
351.624 222.908
1.415 78.741
53.443 284.901
34.932 132.974
78.428 248.906
246.546 397.163
110.570 430.493
66.563 314.732
88.928 97.062
11.640 105.267
39.752 158.237
479.101 247.835
435.980 425.753
246.178 324.664
161.821 435.145
80.606 93.909
145.157 318.300
284.577 77.148
477.898 307.795
396.962 373.239
4.126 255.429
175.786 26.435
242.483 268.225
459.797 273.675
315.746 304.637
67.545 427.352
380.350 341.086
36.192 199.702
204.780 306.637
91.577 378.703
22.335 381.922
205.304 120.229
112.137 22.223
242.009 133.497
338.927 345.734
270.275 213.648
330.816 382.108
497.484 13.931
164.629 114.304
58.024 322.373
100.712 86.132
206.897 358.718
486.314 0.571
142.594 192.159
20.997 297.054
38.317 4.830
391.160 395.949
271.939 212.542
251.298 428.333
479.717 248.203
408.445 349.588
28.167 169.876
359.527 160.440
165.247 188.798
421.534 159.434
325.824 211.611
9.682 420.805
40.321 21.468
466.833 20.571
414.132 451.811
175.505 247.470
420.905 345.427
10.229 448.345
2.295 53.360
258.033 322.992
23.076 458.526
371.196 258.925
493.829 232.271
319.084 214.110
214.545 175.262
258.251 97.485
278.922 372.433
385.837 445.001
90.231 252.090
96.769 174.795
343.063 115.851
281.438 274.122
429.132 457.263
470.839 196.488
374.015 128.005
293.006 11.672
179.025 307.273
299.139 57.837
78.601 329.528
437.179 470.455
200.821 388.694
159.133 117.351
235.865 368.904
398.007 471.131
469.650 277.641
328.164 468.114
131.315 412.949
408.213 106.059
129.719 465.132
304.997 294.770
352.167 45.430
2.569 181.376
284.581 219.242
414.021 213.072
62.215 291.985
193.753 151.417
432.242 112.179
190.706 110.669
358.188 86.568
31.773 245.902
337.441 62.181
186.208 211.847
344.217 9.099
125.146 435.141
434.585 211.095
127.358 63.107
372.935 499.956
162.406 53.379
330.635 401.308
197.097 78.789
48.291 211.073
298.736 350.610
171.986 187.945
253.568 168.063
97.224 4.610
62.551 445.324
331.959 281.237
189.687 193.170
210.504 211.603
213.778 269.267
14.372 31.288
126.695 101.326
201.939 75.694
93.956 322.499
57.835 206.653
44.446 107.793
381.824 322.516
159.476 351.990
336.045 232.330
265.965 291.309
183.284 192.609
490.908 461.821
499.589 205.701
67.888 56.984
43.987 341.312
33.786 39.859
162.891 33.681
378.866 256.832
319.501 279.399
406.006 77.495
395.176 120.901
463.892 210.029
416.053 212.854
22.924 313.814
144.341 135.632
318.634 461.168
1.375 410.192
384.142 7.300
496.049 350.997
19.829 242.459
243.225 363.873
329.957 294.938
279.273 21.022
425.357 140.188
157.919 59.768
118.991 391.565
314.748 386.685
397.307 300.301
266.991 218.112
88.122 322.680
128.220 439.186
146.689 54.747
315.555 48.109
374.280 112.309
81.615 7.851
121.514 220.807
95.146 355.667
483.098 199.876
233.508 187.536
96.444 264.535
65.678 340.861
425.272 20.080
241.701 37.428
367.113 170.982
422.018 204.330
25.874 431.759
249.441 415.368
85.765 247.442
110.218 120.975
166.820 114.027
397.472 466.879
50.540 93.314
178.715 326.796
318.456 466.415
224.843 284.121
429.399 69.314
276.603 412.694
49.528 273.874
34.094 396.205
2.389 320.434
312.052 216.823
285.023 361.854
169.665 84.701
423.850 115.517
445.606 417.160
1.769 200.119
129.764 466.729
232.971 116.464
252.187 150.591
147.408 12.721
449.602 393.040
132.192 369.525
477.329 415.675
169.184 343.120
349.378 434.716
458.731 133.015
236.988 493.393
98.627 351.280
62.204 334.241
72.032 130.903
409.393 33.118
79.380 92.452
30.769 46.249
398.193 20.462
347.485 197.939
452.117 350.528
50.137 388.691
301.983 203.706
