189.081 433.678
45.272 72.633
210.940 288.455
79.591 94.493
444.625 253.169
389.573 415.666
387.348 349.399
457.076 15.560
293.328 216.344
376.646 208.888
276.524 344.210
245.331 497.058
210.217 96.542
213.049 395.164
109.419 237.785
63.637 189.953
96.913 360.662
258.420 317.876
171.940 35.126
387.887 480.804
127.856 51.167
315.783 326.187
159.888 332.807
187.046 175.081
28.121 498.089
217.236 455.947
369.280 464.694
251.435 233.653
410.360 402.883
493.023 369.720
306.967 424.220
449.803 435.234
164.568 344.215
337.869 136.781
57.126 19.991
183.267 417.256
180.625 404.729
97.640 493.001
308.683 362.127
160.534 211.813
216.834 256.167
470.121 38.451
401.365 91.596
353.006 273.072
346.960 361.751
118.093 341.315
354.712 472.642
253.730 223.367
302.462 344.675
341.617 7.592
404.827 142.606
227.445 344.578
251.783 279.363
416.029 270.342
137.902 471.949
7.252 230.130
353.430 479.476
97.191 275.135
46.621 196.196
237.987 148.230
227.269 146.789
12.143 180.172
495.118 316.397
421.280 477.224
143.153 360.819
274.292 205.803
154.469 442.180
126.011 142.227
130.390 146.258
190.029 287.440
10.011 273.638
318.691 361.884
326.821 10.403
164.856 110.698
318.074 59.065
314.964 292.991
59.747 215.459
246.257 439.007
164.316 481.467
260.297 0.341
253.149 100.121
344.781 186.249
73.132 370.583
130.468 115.616
191.686 468.636
392.224 246.119
480.962 431.847
346.386 239.681
111.544 167.546
488.674 166.605
299.961 39.917
468.104 206.584
411.098 347.267
28.887 457.524
320.159 18.432
242.015 445.426
234.271 298.417
322.558 440.211
315.843 11.374
147.864 304.397
272.823 384.458
499.757 94.914
498.509 36.052
142.289 194.088
422.971 20.627
272.714 347.897
450.350 481.249
494.311 347.526
422.444 419.593
348.633 112.923
315.759 309.345
256.089 300.922
384.693 189.641
45.632 41.295
434.789 200.127
151.198 180.070
236.097 214.741
482.751 373.401
408.183 118.801
174.175 131.148
348.589 170.942
107.430 133.250
489.785 141.251
235.465 63.876
16.587 261.143
54.805 410.783
269.971 289.280
144.444 151.066
207.574 95.829
472.507 424.705
74.111 122.780
17.628 168.593
441.507 413.291
46.023 397.143
454.565 393.981
50.112 147.340
99.051 271.056
453.068 211.304
291.055 48.755
336.592 198.249
27.712 379.285
282.949 403.747
464.120 265.412
169.420 356.786
9.138 363.001
92.839 468.772
455.552 64.783
496.537 494.181
51.484 8.786
231.927 335.960
379.625 345.896
450.399 156.656
116.815 484.661
182.803 401.489
53.420 231.627
453.981 142.576
192.150 475.288
37.938 127.635
252.671 453.671
499.607 51.597
199.282 68.218
278.241 17.124
228.866 42.669
280.200 261.269
160.987 241.282
469.065 155.702
170.631 371.095
434.081 77.987
265.959 448.878
271.855 415.453
371.855 265.088
446.439 55.761
401.029 61.585
163.655 494.346
289.960 106.569
282.989 109.845
83.264 287.584
22.080 316.028
341.363 43.689
183.815 373.233
142.597 377.340
335.307 50.061
5.999 308.278
209.739 475.494
21.802 14.484
421.473 77.169
34.898 442.333
364.605 344.421
482.903 210.176
203.616 278.767
441.892 213.289
433.227 184.756
134.087 145.782
187.484 161.642
83.890 183.141
118.871 4.522
295.165 435.092
35.164 248.514
483.325 193.819
310.318 27.659
376.423 311.436
265.186 487.327
225.344 364.538
394.048 456.631
268.127 479.646
29.877 394.334
120.762 132.438
246.005 376.543
439.483 323.047
55.506 214.226
373.351 13.207
486.010 419.443
304.289 334.062
9.336 66.621
427.420 418.961
364.579 456.623
14.474 434.689
484.772 414.128
84.152 59.052
396.999 85.736
68.553 63.615
210.805 294.766
487.939 348.041
426.963 478.049
342.985 55.322
377.269 207.154
469.986 68.960
492.891 325.932
54.579 118.248
190.852 437.122
139.675 318.011
303.901 382.011
224.711 246.197
375.786 479.294
23.173 271.302
10.519 378.561
396.115 306.641
411.266 303.434
359.349 371.989
86.744 209.147
53.276 158.936
19.445 258.384
263.528 499.109
287.842 44.206
106.640 498.609
238.432 16.219
196.307 140.468
176.103 378.639
159.065 313.035
196.396 347.216
394.099 159.548
106.731 474.722
146.157 360.135
336.918 34.461
66.405 498.640
359.855 116.541
351.564 302.438
272.742 346.077
67.741 107.897
69.401 321.683
319.853 393.231
414.371 10.779
258.511 446.414
42.669 418.195
333.828 441.834
202.794 236.556
130.799 319.135
200.671 404.895
37.063 68.306
472.525 184.045
326.626 400.540
230.830 184.434
433.645 396.632
220.901 212.112
467.878 118.105
65.871 159.167
345.101 76.745
261.619 370.616
53.571 239.385
275.476 308.665
138.902 313.814
184.851 252.319
83.681 38.923
175.276 440.903
64.526 151.050
280.604 183.439
303.756 465.095
151.223 486.316
431.216 208.694
439.964 412.647
418.965 65.052
242.020 368.349
215.508 49.757
145.683 205.781
287.667 53.632
382.658 398.863
25.924 97.987
113.634 58.450
20.678 19.489
192.596 171.500
339.282 210.881
67.743 394.673
188.225 409.710
417.661 200.194
270.933 232.587
77.073 105.945
319.037 381.936
365.014 29.707
275.493 286.537
254.163 417.989
459.773 132.547
125.310 465.970
218.923 397.829
171.350 425.224
312.510 48.977
34.284 54.345
162.866 286.772
307.468 57.879
490.577 303.598
223.738 127.705
474.854 54.651
150.942 281.700
94.217 110.858
35.278 103.345
212.368 359.823
335.373 163.100
379.232 207.781
345.521 106.704
468.179 386.252
74.110 285.593
89.903 275.965
392.403 300.964
263.078 169.770
357.211 357.609
246.721 9.087
461.460 423.232
162.736 285.265
121.225 152.410
270.466 66.712
304.458 171.158
430.550 262.132
230.178 195.088
318.231 68.342
246.796 363.413
72.564 336.680
162.138 133.128
429.005 371.802
434.012 175.057
26.997 495.917
490.131 419.121
33.643 158.240
100.365 398.042
110.389 375.272
24.675 215.997
225.913 299.699
226.507 466.734
390.269 123.020
472.272 38.331
43.199 440.603
36.632 321.212
154.000 377.737
260.415 448.984
398.899 241.659
159.561 130.545
145.248 448.523
420.405 202.200
372.553 383.257
159.248 448.669
85.988 404.073
46.984 111.277
484.901 245.067
257.637 215.639
400.576 213.603
232.416 365.682
281.783 312.494
3.406 235.089
348.149 414.995
80.890 283.299
27.761 259.769
202.012 122.077
65.359 225.924
258.422 177.264
242.059 379.048
183.994 176.618
104.877 144.809
62.493 461.171
257.213 488.664
488.551 396.697
322.057 200.072
253.144 46.083
371.201 318.319
2.299 52.543
230.194 50.429
15.996 270.182
17.362 334.657
337.013 438.618
179.671 327.164
52.126 344.605
491.620 137.021
394.274 160.873
447.307 213.083
141.799 257.745
129.843 244.684
276.038 415.240
227.377 307.002
301.070 64.662
462.425 144.490
52.806 354.117
396.642 40.181
63.150 205.614
269.085 120.090
74.837 160.268
234.358 92.221
1.579 443.143
392.664 172.163
108.435 130.162
278.591 377.418
148.450 128.888
85.380 44.083
204.266 433.736
350.253 114.010
239.919 291.805
164.119 392.709
112.046 122.442
208.068 374.556
213.953 401.169
205.860 11.114
405.009 469.687
180.820 58.034
98.308 336.782
335.249 414.394
414.845 289.597
195.586 55.416
219.608 62.016
466.499 171.374
244.168 22.321
469.833 263.322
441.066 296.971
375.117 43.546
204.220 386.340
385.128 25.855
483.279 372.534
479.420 342.394
304.942 21.435
432.677 409.014
476.429 284.492
17.873 65.813
413.477 117.970
12.172 289.777
137.024 211.670
328.199 313.010
307.877 12.209
292.865 426.668
142.715 78.287
298.362 277.195
40.223 313.188
481.015 92.101
19.331 166.276
281.517 82.628
212.293 187.453
154.592 172.251
121.667 350.508
42.036 304.436
261.239 50.854
197.851 219.784
162.336 219.667
34.845 22.759
113.771 431.305
330.439 378.607
386.429 497.479
208.386 420.810
467.503 489.599
357.763 490.533
384.519 435.231
41.271 45.236
60.723 106.600
201.723 29.547
474.794 139.568
344.233 406.195
43.514 424.171
141.171 233.133
386.294 81.133
489.992 22.140
417.481 256.146
236.933 499.388
53.735 303.490
21.686 365.996
37.048 145.069
289.105 46.289
248.788 346.572
224.982 13.171
254.998 338.164
252.046 322.705
174.134 200.028
497.500 228.502
409.526 374.647
261.909 45.273
118.760 272.347
267.018 58.331
423.456 242.808
64.671 276.429
404.795 238.267
338.087 165.977
172.279 385.839
287.901 336.866
31.431 245.226
214.014 189.740
98.210 495.963
229.947 298.761
117.806 339.929
397.479 369.069
359.822 284.636
235.749 3.287
230.449 276.074
339.791 156.173
479.675 111.564
393.169 76.153
30.526 363.057
350.311 327.051
368.603 396.532
352.313 251.800
103.397 282.291
54.784 290.308
286.827 463.605
417.099 303.462
394.599 493.167
331.257 219.442
77.647 468.433
324.372 83.426
164.789 5.449
399.313 93.670
266.985 346.721
245.143 86.131
65.555 351.984
438.646 115.820
229.027 471.975
77.486 215.489
448.602 14.145
376.980 223.510
55.414 385.369
311.502 363.437
385.642 102.660
421.040 13.710
36.764 24.264
138.037 43.010
403.542 434.825
109.474 337.755
490.713 119.392
228.126 453.150
110.925 452.352
255.766 493.362
150.817 378.117
436.426 281.804
246.968 127.212
151.485 125.286
111.809 402.959
155.677 321.097
28.391 355.095
333.009 493.180
86.264 186.857
482.626 321.586
488.068 433.903
318.505 459.688
226.897 328.050
379.572 234.164
100.888 406.807
485.014 166.826
410.984 227.932
148.221 235.269
16.425 187.799
281.029 361.204
448.106 54.009
92.923 41.145
271.186 347.261
236.059 79.684
168.231 146.920
176.311 241.102
68.341 64.111
359.470 403.409
356.022 352.908
255.663 227.272
340.896 172.318
70.665 92.598
391.661 10.126
360.982 46.283
144.011 36.240
468.301 388.060
482.265 493.858
329.816 51.492
395.001 292.203
42.062 463.703
353.427 60.358
178.308 131.379
476.803 242.436
43.756 224.765
187.190 291.674
160.147 420.798
135.880 275.111
78.050 333.143
45.867 221.292
459.304 27.080
146.976 47.626
433.067 14.725
451.454 470.893
164.768 207.577
262.006 243.843
477.464 307.748
386.970 356.666
474.427 18.085
447.274 86.917
375.457 400.422
31.275 107.711
23.080 219.212
464.091 121.053
466.551 491.776
269.472 295.484
76.655 151.451
4.167 463.330
183.825 363.532
235.722 144.832
61.729 484.579
88.565 105.061
394.794 340.241
288.523 214.750
321.382 296.211
