316.555 406.888
65.762 355.559
413.884 258.917
155.301 268.453
237.788 326.557
458.986 46.726
471.949 322.122
432.227 205.123
246.494 372.071
93.259 328.188
103.816 197.675
13.274 144.060
32.820 196.027
93.950 119.195
168.062 361.383
434.251 391.381
238.814 481.421
247.951 90.368
338.921 472.670
381.067 484.312
255.865 144.735
55.788 100.034
79.131 390.640
135.722 328.342
359.633 394.309
437.043 123.467
338.699 87.920
70.039 234.575
77.953 87.021
183.597 92.950
252.510 339.038
198.851 21.435
367.876 188.866
497.170 301.141
271.683 257.122
116.081 328.210
90.504 283.188
42.971 20.268
111.868 406.664
66.185 333.547
99.552 184.566
109.201 185.684
351.260 204.708
324.629 187.199
181.143 110.813
2.197 101.599
60.693 257.427
336.792 119.216
424.887 15.225
366.827 174.572
7.748 356.169
429.072 424.222
210.867 65.731
393.765 103.614
402.710 290.523
476.215 40.217
80.817 421.082
333.617 358.949
38.622 187.443
341.304 268.679
345.766 423.001
178.384 406.852
152.044 321.385
109.658 428.449
488.305 60.483
162.452 216.767
12.362 134.569
123.931 292.514
245.861 158.504
385.391 376.549
325.141 146.410
122.464 214.157
498.262 286.233
322.246 15.161
96.255 280.868
148.044 394.717
89.935 384.460
151.074 300.478
145.226 319.692
461.028 465.261
278.037 41.396
272.686 170.882
95.720 294.775
484.850 50.633
288.534 383.626
267.734 352.193
108.470 392.414
359.371 377.219
165.804 104.410
255.522 49.296
318.242 115.527
142.349 250.249
208.059 157.301
429.683 482.964
124.939 350.288
365.513 91.841
456.449 436.130
423.422 418.243
153.205 262.663
107.067 203.256
337.648 188.497
134.509 411.082
371.904 418.411
219.212 89.262
177.656 296.914
346.444 454.112
363.558 379.000
41.493 270.774
256.128 189.281
161.235 47.621
278.709 295.675
88.937 348.030
96.757 368.993
353.489 224.686
398.703 21.266
18.048 421.097
211.380 435.076
308.824 6.990
287.488 466.361
490.363 266.218
195.267 54.275
175.214 445.434
112.266 314.942
402.394 418.480
338.770 225.401
14.603 474.766
51.699 242.519
38.825 37.047
491.951 55.449
478.631 362.059
378.683 395.941
469.810 304.948
341.964 44.397
493.688 323.207
385.171 170.919
487.253 186.063
49.558 427.165
99.846 283.029
114.545 359.865
322.956 292.641
262.846 275.965
161.062 117.163
433.939 401.791
313.466 363.701
161.547 113.178
385.253 291.850
432.376 154.644
19.373 148.071
49.552 162.509
463.388 343.551
415.447 461.573
135.204 304.858
447.463 81.520
112.540 470.358
455.018 468.717
149.424 54.046
372.173 200.538
105.088 446.695
484.249 181.514
262.980 101.736
41.479 107.917
124.271 211.691
56.729 45.247
173.885 321.448
404.694 118.761
64.565 273.054
130.549 420.117
355.049 284.283
382.183 233.529
483.718 218.082
135.007 407.593
396.897 419.279
126.961 449.951
182.147 212.133
294.719 182.075
479.746 389.336
19.608 232.539
88.345 249.673
148.287 489.690
166.608 149.215
489.549 264.569
64.456 191.458
468.109 269.464
47.130 138.356
272.225 41.178
168.018 367.724
468.853 436.388
53.984 196.189
415.227 245.660
85.344 188.925
412.950 59.157
453.773 84.616
285.874 321.472
140.373 249.786
113.037 258.162
207.031 468.622
279.356 61.136
87.762 286.832
452.794 163.712
370.226 23.448
191.282 494.854
469.648 33.372
403.943 343.729
75.500 417.039
436.260 476.647
281.510 389.922
28.409 316.234
258.177 156.388
463.470 4.513
240.029 292.050
125.532 230.097
337.457 89.460
28.568 275.838
64.675 302.360
106.445 496.413
382.034 127.730
17.636 32.011
228.667 115.542
82.747 208.993
285.755 461.299
452.880 341.668
457.476 129.663
448.390 485.683
285.765 12.255
156.492 382.166
375.009 412.295
404.805 365.755
171.391 57.249
383.052 389.081
405.852 453.513
106.078 437.595
478.297 433.690
16.492 419.036
428.718 96.943
128.912 148.573
428.600 499.421
353.717 471.424
215.787 408.752
182.166 400.118
448.741 345.904
359.286 267.061
414.170 464.544
117.032 257.337
467.531 20.858
316.097 322.798
257.182 371.437
348.375 109.374
203.310 233.927
300.983 369.109
284.385 254.794
96.656 321.492
40.857 320.321
112.693 189.378
218.786 7.602
444.269 457.124
229.304 421.701
230.688 188.510
244.096 448.561
179.633 430.571
41.808 393.837
152.424 58.965
417.996 19.342
91.970 213.209
105.551 328.442
45.903 350.890
164.902 326.179
480.680 236.491
195.922 215.779
328.699 85.257
404.776 334.284
340.810 105.668
257.469 291.203
82.219 71.740
362.334 131.253
361.454 431.319
357.922 227.317
461.513 30.357
171.400 186.674
294.517 159.214
198.837 419.951
272.851 281.954
285.164 121.343
108.286 41.325
148.012 82.808
363.884 371.951
291.454 195.881
14.041 312.851
166.041 351.978
14.272 138.669
469.363 445.775
107.102 461.994
466.256 355.910
485.713 144.577
91.598 4.186
442.884 428.031
254.571 154.247
228.567 426.901
289.011 224.817
161.301 101.832
247.334 467.833
322.742 298.789
84.454 106.935
154.357 366.442
106.573 238.614
37.589 22.311
150.313 273.386
249.709 314.282
265.538 24.019
275.897 220.636
404.899 257.332
269.711 284.282
272.817 46.057
455.890 217.794
104.696 490.079
163.050 154.626
31.616 340.079
451.358 210.096
84.206 372.230
59.056 215.594
331.012 189.348
332.636 440.872
352.575 393.203
440.356 337.023
367.271 312.827
30.814 126.336
372.178 0.663
21.605 112.586
128.672 85.339
79.691 329.740
27.334 153.926
469.595 220.177
133.665 357.943
453.876 348.504
315.110 325.913
461.580 31.831
99.570 461.588
200.834 399.398
435.818 122.847
200.696 451.628
210.450 58.579
273.026 145.438
236.803 402.177
256.036 382.846
126.660 198.475
321.716 374.202
252.477 149.217
324.269 3.573
414.843 405.952
136.934 274.966
489.199 71.330
368.787 421.815
297.862 313.466
111.547 79.511
452.171 490.132
348.048 214.709
111.496 104.347
147.241 130.422
74.994 372.040
279.519 332.597
133.232 50.778
302.129 487.772
491.683 58.524
198.506 220.387
185.027 216.367
256.416 137.381
199.555 108.015
209.746 422.079
337.561 137.246
220.029 488.524
241.937 384.034
251.882 302.886
290.522 31.651
306.642 5.386
123.398 15.058
185.928 223.847
21.350 183.688
414.886 478.907
169.204 205.650
432.372 365.207
120.325 324.470
135.702 146.874
151.250 440.976
85.925 145.966
11.090 159.145
85.140 379.066
371.350 162.738
310.479 36.338
184.858 392.099
161.020 369.766
196.799 57.692
323.634 34.192
498.174 82.745
75.242 245.623
99.352 224.050
174.642 376.943
170.307 407.891
213.286 487.985
305.312 106.287
77.771 87.495
401.060 333.990
221.789 144.483
265.725 371.118
385.800 163.818
236.281 204.048
47.402 178.985
150.130 26.364
438.762 431.615
299.141 188.953
331.409 78.978
304.081 442.495
92.834 439.124
47.704 301.846
423.987 93.239
43.524 89.544
346.286 372.598
355.197 182.597
0.513 284.902
101.513 322.561
403.568 364.820
85.696 309.745
216.727 200.048
245.826 213.094
82.949 171.429
276.695 427.984
202.738 437.465
278.281 141.332
470.345 316.396
369.741 393.766
167.214 43.110
384.460 378.315
36.764 68.936
328.758 379.717
145.322 155.261
181.650 232.730
24.561 319.835
434.952 11.303
95.515 473.650
134.835 193.410
377.175 466.836
394.550 480.663
388.656 122.046
341.006 206.607
364.461 436.438
380.758 15.872
384.786 475.983
356.213 302.191
271.161 21.118
231.908 208.878
103.032 283.007
445.836 178.224
261.585 248.560
406.056 307.915
87.330 67.051
72.786 100.853
176.357 103.963
343.891 260.526
164.791 410.710
485.293 248.802
255.656 111.280
187.657 52.224
248.327 351.003
396.651 327.881
337.782 121.022
282.946 84.825
47.920 396.870
145.733 432.682
378.082 384.619
482.168 7.274
73.929 418.575
228.550 131.403
31.068 450.134
417.093 499.470
432.286 151.281
278.950 202.900
346.387 55.094
231.877 434.712
411.404 264.895
142.304 6.591
346.752 243.238
129.998 118.678
217.770 273.108
170.374 120.424
433.886 30.365
27.313 356.515
112.347 226.812
295.020 62.980
29.261 419.782
221.725 354.958
444.919 424.702
457.758 488.488
79.134 67.765
447.742 27.221
397.372 43.580
84.308 199.400
245.395 440.467
191.363 366.158
133.089 453.567
106.946 412.009
369.885 490.327
47.793 403.838
10.865 243.083
403.577 256.758
218.157 246.754
318.294 292.592
37.129 79.421
69.039 127.795
104.120 79.607
46.178 114.672
349.321 208.423
95.476 170.724
345.454 1.866
148.097 175.729
382.371 13.536
418.599 13.861
13.859 468.004
198.336 293.166
322.854 447.103
36.601 209.011
482.519 404.041
152.986 286.701
456.663 377.714
119.850 39.713
142.050 133.110
165.272 144.883
173.811 33.197
249.687 232.207
385.697 474.520
148.552 451.971
416.503 102.056
304.111 71.918
378.878 338.398
438.276 96.577
25.860 105.169
161.226 491.363
206.391 186.928
400.481 124.367
66.121 327.311
164.439 386.945
464.650 488.775
193.603 93.985
186.420 482.467
151.044 438.429
323.536 176.909
390.000 8.008
292.701 26.288
443.362 312.660
148.028 387.317
56.162 113.617
231.421 184.773
24.726 499.836
11.113 141.996
312.324 400.956
22.490 40.275
456.757 176.598
308.871 477.845
273.737 154.315
163.068 26.457
245.260 310.951
132.421 59.579
226.534 100.543
357.491 180.085
336.129 214.495
69.471 32.035
48.574 340.171
48.373 362.002
484.254 218.951
487.824 187.940
163.018 87.889
98.660 10.100
390.192 231.356
373.609 69.100
64.606 464.573
111.787 316.119
296.735 405.260
281.853 65.780
370.814 126.330
397.769 225.057
85.381 60.829
95.469 401.236
384.546 367.550
149.333 78.984
315.332 367.745
428.158 339.410
260.169 211.770
75.374 178.025
368.329 457.795
248.859 443.331
255.383 15.887
88.490 209.214
485.540 499.087
6.695 419.613
380.910 161.687
300.291 0.285
348.439 1.028
412.639 62.826
270.684 496.130
303.693 282.393
189.258 425.164
237.452 437.709
211.868 79.978
150.847 152.914
289.906 191.060
385.800 221.917
299.473 58.965
399.512 379.995
360.010 16.883
208.669 301.681
466.326 173.738
135.767 179.836
17.303 200.862
42.857 52.279
345.158 20.916
250.663 210.320
471.163 46.090
287.082 61.094
434.395 257.452
40.628 358.480
366.930 294.626
315.524 435.454
238.012 320.402
293.383 219.219
454.992 181.491
288.900 55.411
309.904 254.397
91.082 456.853
