201.972 254.475
318.043 348.828
333.481 478.883
432.235 144.552
80.994 448.366
232.784 355.145
128.358 232.551
189.143 299.727
32.855 363.727
230.464 21.534
363.026 123.151
48.963 116.920
33.858 57.426
252.177 108.942
139.667 319.701
458.094 472.000
236.000 91.842
204.119 330.849
135.375 149.592
123.085 114.420
189.636 67.532
159.038 121.473
446.236 133.259
62.412 476.779
208.720 121.906
89.977 75.821
224.352 435.069
301.751 18.115
166.766 415.369
359.030 352.515
107.469 440.688
221.703 460.586
12.998 268.035
303.375 370.885
132.725 60.905
483.485 462.412
179.794 368.147
104.049 120.601
42.314 190.988
49.234 203.147
203.866 149.178
473.658 92.134
141.904 250.878
294.115 357.196
396.464 121.611
303.656 38.471
217.137 480.235
228.208 194.360
239.357 276.850
193.685 184.230
207.334 260.688
141.092 26.555
72.773 67.113
203.770 213.224
174.876 392.331
3.923 190.383
467.625 469.908
97.032 120.335
93.295 385.888
353.844 75.649
475.683 397.309
435.468 441.912
264.318 110.416
418.741 431.342
350.142 121.121
159.004 86.737
448.989 175.753
250.655 451.845
488.227 393.872
235.067 324.488
156.241 55.977
307.951 131.447
409.073 200.922
407.405 392.832
340.327 456.588
350.980 206.856
110.894 279.984
359.334 371.912
125.693 329.587
294.622 289.935
216.342 476.542
391.502 278.578
98.906 23.120
156.354 466.989
470.327 488.289
49.221 327.669
78.557 27.919
344.996 29.045
79.633 338.724
296.513 221.905
393.440 491.946
396.876 121.506
360.465 451.604
330.737 336.797
36.241 357.378
378.297 117.870
239.430 313.549
143.027 175.909
172.757 56.396
291.494 331.559
50.937 111.235
417.042 447.637
316.895 168.763
268.684 146.135
300.892 310.285
477.970 343.331
23.637 142.036
85.442 1.885
118.821 407.677
159.089 296.569
33.445 322.391
279.894 487.893
460.010 307.244
91.535 88.856
380.843 442.289
474.889 157.760
20.497 480.181
316.464 356.506
116.493 363.052
143.108 366.745
38.995 429.784
222.419 210.660
182.349 276.859
291.404 344.022
217.753 225.063
197.437 194.944
270.205 96.487
216.393 148.556
271.972 80.488
151.813 374.299
265.062 277.662
61.392 243.358
401.465 202.728
414.165 422.377
11.550 408.201
382.869 482.549
126.603 223.038
425.413 289.469
198.670 168.099
164.201 413.354
442.024 398.797
466.881 301.234
81.357 390.852
340.199 221.423
174.088 229.859
255.508 162.102
107.891 115.507
319.625 255.882
278.271 127.493
86.272 251.130
155.315 421.305
12.173 418.881
146.947 87.302
313.202 81.786
193.539 270.717
394.062 66.125
305.786 216.481
396.844 158.527
493.279 486.694
142.333 130.344
165.931 355.648
254.799 102.038
422.972 475.244
148.330 367.379
79.652 463.608
252.854 249.659
154.829 483.221
13.059 79.623
477.334 481.662
77.581 364.056
179.504 115.544
444.561 344.089
6.885 161.557
142.691 10.473
50.913 350.583
138.689 142.689
350.627 59.303
433.068 372.787
377.287 354.920
428.477 479.058
130.400 279.452
209.679 188.742
36.520 488.666
390.139 386.284
90.695 109.761
174.096 452.329
160.564 124.622
372.155 403.582
200.036 33.947
198.484 29.817
165.319 475.702
31.029 117.226
201.990 407.375
28.100 213.202
151.338 57.175
128.316 88.491
91.563 10.779
233.827 254.429
197.004 440.448
275.667 201.248
69.823 278.909
307.952 379.190
192.658 236.419
451.677 457.558
98.112 283.949
22.597 262.091
266.510 120.464
90.626 439.736
196.110 11.081
481.513 195.636
64.010 253.741
213.436 141.327
425.333 56.937
234.595 263.202
393.270 233.611
225.970 267.123
231.467 372.467
278.345 32.445
76.801 252.814
95.677 339.331
457.030 372.837
80.154 31.193
466.432 390.230
449.676 64.665
33.702 300.809
378.396 234.759
14.120 470.463
32.780 498.949
13.785 424.837
43.918 499.340
287.486 372.602
289.465 60.816
427.053 41.110
259.199 267.521
337.932 191.563
350.228 326.219
457.613 187.754
432.867 279.525
448.545 278.346
67.410 362.429
88.930 277.832
96.093 322.915
270.203 398.919
96.289 266.291
150.855 65.180
92.279 4.327
291.922 409.624
366.609 112.041
62.740 403.458
479.016 219.334
306.533 332.745
321.901 90.333
218.129 342.510
306.565 1.538
118.658 233.584
116.950 280.262
133.405 376.114
31.608 361.780
283.747 293.426
33.960 425.835
482.994 269.653
332.444 305.674
8.624 154.976
128.061 204.210
200.733 60.117
347.294 215.137
114.279 479.113
453.089 119.922
120.216 137.310
290.304 230.294
197.145 96.433
372.229 69.092
341.466 265.276
332.833 463.724
413.648 383.953
355.793 393.478
320.551 302.724
436.840 66.403
279.699 245.297
10.867 94.628
166.696 450.241
134.344 201.090
312.874 449.884
325.207 285.674
170.539 103.296
208.905 88.305
418.981 403.682
101.830 298.612
23.844 290.346
59.971 457.521
423.071 421.950
429.867 443.136
328.620 385.310
479.821 262.871
235.188 109.561
494.734 399.537
91.737 87.313
351.102 419.553
136.927 222.763
210.575 92.487
1.603 288.831
207.432 422.451
73.265 241.017
24.912 13.055
259.727 87.088
4.083 376.522
89.882 120.292
148.484 282.016
98.902 12.056
358.481 462.917
211.472 335.156
238.063 468.849
293.128 440.408
104.843 454.016
104.983 315.825
351.011 121.327
444.892 494.212
195.720 377.862
301.441 456.951
295.494 127.373
6.760 122.649
179.917 126.344
457.765 335.536
293.521 372.119
325.419 498.471
345.927 255.141
399.099 315.626
42.917 491.070
30.332 48.655
327.129 323.755
415.890 495.522
284.701 2.981
427.409 272.842
389.588 276.190
234.091 143.646
105.335 313.319
272.816 174.656
122.360 143.578
393.424 213.565
4.714 201.339
470.228 311.033
20.790 235.577
20.239 281.984
345.380 71.536
289.731 150.182
92.984 78.335
463.338 200.914
95.305 76.112
284.899 99.538
275.545 362.736
339.435 258.924
331.602 125.553
478.113 26.231
452.909 339.154
480.529 137.378
113.034 247.595
148.447 72.458
76.657 9.411
48.650 5.948
289.363 225.550
293.502 17.485
356.052 461.005
324.965 429.122
299.013 88.906
351.294 313.714
19.791 481.647
266.060 70.535
421.859 297.485
323.359 355.220
281.337 462.102
65.154 338.722
179.869 463.830
50.805 326.126
335.895 68.108
253.377 51.115
415.010 491.130
444.874 146.170
39.353 440.053
363.035 104.556
461.431 260.620
478.476 418.132
459.726 98.271
245.518 124.735
117.892 340.042
353.267 488.166
20.113 126.141
383.252 280.646
393.405 36.058
84.383 113.542
176.376 156.922
252.799 436.418
422.726 358.799
286.627 375.702
487.395 232.344
317.784 308.784
459.822 168.149
75.904 152.501
274.430 15.579
247.921 178.967
435.804 203.386
329.959 73.436
176.749 97.658
142.899 275.336
211.180 137.222
462.209 300.734
48.883 284.194
425.855 425.757
484.478 54.743
50.864 208.994
335.690 13.691
64.863 472.648
11.866 255.790
108.279 245.898
315.639 4.864
37.014 306.160
150.800 345.781
382.690 233.475
418.512 16.344
461.909 450.101
410.939 109.079
57.797 121.745
384.291 238.538
315.687 314.448
269.570 442.903
263.092 27.946
144.258 354.664
355.387 80.421
362.493 315.078
116.639 314.722
129.457 431.316
405.240 16.145
216.536 39.002
44.334 79.988
489.876 133.893
73.547 321.126
103.635 289.962
431.931 263.472
329.750 275.904
435.380 486.441
234.292 111.008
242.058 342.195
324.578 376.340
60.688 355.687
440.969 283.396
274.940 88.288
107.635 200.982
477.722 31.489
211.174 430.536
463.270 477.168
290.673 479.252
179.258 248.643
259.939 266.392
296.894 291.697
149.118 151.226
447.311 113.907
239.785 165.895
271.691 89.568
269.558 37.097
355.694 452.360
135.259 281.315
26.763 112.068
422.025 6.223
470.559 194.334
329.449 370.255
221.087 222.507
44.303 413.264
434.606 433.269
27.787 394.811
55.518 435.627
363.410 309.591
423.542 248.748
121.573 256.473
383.647 164.029
412.920 125.946
5.242 460.152
275.657 402.785
18.801 202.867
181.965 75.405
473.020 53.192
478.883 378.718
81.110 243.136
10.297 185.934
302.881 459.317
484.974 190.972
332.686 185.277
199.955 95.995
164.253 25.669
103.651 174.313
136.486 125.284
496.942 389.629
365.491 237.308
496.025 412.154
133.612 345.790
443.656 62.231
249.717 477.169
21.236 133.087
245.548 232.732
428.023 279.572
433.929 477.512
297.453 94.328
65.960 85.845
353.733 32.884
121.494 92.304
37.940 438.573
223.072 131.383
436.370 85.664
488.885 483.482
298.139 203.472
361.710 149.865
118.390 265.413
93.106 392.762
498.337 151.465
55.498 398.515
97.646 149.588
94.733 148.315
473.664 187.633
406.459 268.605
465.984 219.973
56.211 459.532
220.715 71.169
98.249 300.516
81.310 189.886
350.034 166.284
476.709 133.384
40.122 276.180
50.102 364.030
71.086 217.369
373.786 420.651
85.970 476.951
477.070 489.464
58.817 110.306
346.388 436.222
150.170 124.585
413.269 138.466
123.778 329.063
54.761 16.045
46.450 140.857
265.912 426.390
329.009 34.323
83.773 27.446
486.701 151.245
37.574 157.116
317.164 299.973
31.824 329.233
385.414 37.063
353.746 143.211
271.373 429.013
23.694 368.487
33.595 81.963
175.682 96.659
458.816 129.674
409.691 472.195
122.694 43.587
177.496 372.224
449.917 176.886
71.304 193.466
346.403 162.927
97.822 156.260
431.172 485.649
171.562 400.950
327.266 422.087
249.433 153.822
327.427 30.362
414.854 170.658
240.003 262.242
468.855 114.480
203.199 434.933
275.386 431.715
429.740 237.171
483.761 441.165
497.667 258.381
35.068 332.161
46.655 65.091
246.152 134.831
95.257 188.239
339.248 440.093
483.293 198.122
387.576 370.523
88.076 29.163
201.984 403.049
481.424 21.113
456.975 134.811
174.467 182.398
97.038 253.064
32.479 298.705
22.691 473.201
16.555 200.061
166.430 376.999
229.215 217.830
311.088 477.097
416.688 252.808
281.729 49.771
288.121 177.704
454.099 163.408
497.574 97.880
339.738 496.264
279.084 9.484
316.490 499.387
325.725 100.373
159.562 466.564
284.780 209.841
18.582 4.282
89.833 275.069
269.204 399.164
257.867 486.425
7.546 435.272
357.158 451.551
60.077 32.340
134.877 364.682
205.358 427.112
341.416 53.808
235.174 413.696
348.647 211.806
27.676 76.832
86.007 51.048
98.450 385.674
1.720 204.369
3.787 464.236
389.938 356.665
408.894 418.094
420.440 7.216
30.074 458.545
165.466 199.303
457.932 191.457
245.789 272.675
