163.942 210.794
50.732 195.791
275.375 325.400
24.578 293.911
318.476 167.931
19.444 229.442
57.607 90.228
121.681 367.627
6.286 136.474
189.798 455.904
410.470 486.154
260.360 433.978
454.898 109.605
378.270 201.477
1.449 375.616
356.649 224.304
87.938 209.998
341.168 193.364
470.500 327.095
494.173 408.805
467.705 330.365
406.114 428.224
216.856 98.898
2.585 72.862
110.393 480.822
439.071 298.411
364.497 193.371
128.610 429.609
124.212 208.137
187.841 192.902
495.976 498.414
499.791 31.551
152.368 332.542
317.168 350.389
385.873 165.436
429.694 134.676
196.470 2.143
0.737 393.725
329.461 420.100
285.805 223.630
255.173 337.599
64.229 114.785
155.994 490.581
490.512 490.237
181.989 34.051
426.631 473.883
387.087 242.150
55.836 291.539
24.435 110.184
28.643 60.176
242.306 485.146
250.188 105.344
336.902 78.686
308.382 227.338
169.365 17.988
365.795 24.434
27.299 22.749
449.578 334.765
338.946 349.017
238.151 353.215
221.996 206.669
252.617 272.089
333.311 278.273
473.861 186.735
370.896 444.385
70.669 96.607
163.141 265.060
54.433 257.407
171.031 254.639
497.456 261.824
310.483 392.842
209.039 477.302
97.906 348.834
192.538 267.426
115.861 442.177
432.854 164.683
329.299 189.783
301.604 252.556
81.099 352.659
35.954 30.817
498.198 281.633
262.569 234.713
145.393 364.792
286.447 193.333
88.364 403.952
17.624 242.006
317.100 26.749
290.057 305.459
296.240 164.690
195.334 329.565
221.957 19.602
469.687 117.148
325.781 178.971
219.975 110.675
295.241 428.510
101.782 69.377
22.935 471.718
265.003 121.637
262.037 354.391
278.901 314.373
186.718 356.323
429.486 266.328
242.772 249.642
235.058 140.487
390.201 327.360
104.416 342.142
90.576 55.445
6.618 22.517
416.257 473.713
162.942 68.190
462.455 137.087
234.564 270.492
177.442 336.572
288.809 361.468
71.868 24.144
204.729 445.557
346.379 121.646
236.223 262.912
393.372 127.704
46.087 392.673
340.142 353.180
306.927 394.763
14.169 417.929
228.846 281.582
316.920 284.474
296.548 99.303
171.572 349.411
37.922 448.775
122.912 247.504
384.903 411.624
142.722 369.854
271.447 157.098
49.799 409.998
280.481 417.846
426.025 321.823
146.671 258.998
42.255 144.281
306.449 324.653
33.069 496.063
124.397 492.205
485.252 477.037
361.952 443.907
299.501 381.335
430.522 408.516
242.913 390.016
230.588 129.840
299.375 485.506
87.109 27.560
300.663 103.699
153.216 90.490
203.909 494.468
471.502 252.844
65.260 492.364
168.150 184.023
19.340 294.283
49.841 0.266
434.851 183.979
335.720 76.095
296.704 401.525
103.742 114.549
477.622 346.405
52.814 416.711
169.946 22.400
420.992 102.760
327.879 292.025
444.323 190.138
381.336 185.403
11.799 111.697
354.832 446.560
477.054 410.748
313.175 63.431
445.080 455.694
162.575 145.205
393.818 68.025
221.984 116.392
226.357 48.016
467.326 157.794
479.648 356.972
497.393 142.008
55.633 101.342
196.860 497.684
415.491 378.796
48.566 194.562
221.441 410.561
185.919 330.120
403.663 96.009
396.893 389.163
359.425 105.432
482.014 22.022
354.178 417.459
323.370 231.667
365.623 460.053
96.058 133.122
57.687 137.140
183.705 434.267
37.883 45.774
443.590 249.173
376.650 117.218
137.075 200.327
72.819 491.044
54.749 56.980
20.798 25.558
175.484 223.387
484.109 366.482
80.552 252.339
288.668 122.055
140.251 492.593
223.347 94.138
245.732 123.348
64.939 397.606
87.700 48.280
40.865 344.538
263.846 47.196
112.955 155.301
356.478 371.461
354.264 104.591
142.270 100.757
152.642 399.796
272.033 65.331
59.196 176.623
110.429 173.338
213.577 74.981
275.166 187.667
473.279 202.111
114.297 122.852
423.956 298.415
37.300 169.853
254.872 139.460
270.854 9.541
333.899 145.860
245.839 319.710
281.939 92.749
42.137 208.497
122.769 495.903
399.743 73.015
324.993 239.401
255.440 28.922
497.534 491.374
180.887 187.291
121.556 43.453
116.947 36.342
329.102 89.309
225.089 208.636
359.438 122.709
459.445 17.977
464.309 464.236
268.135 182.886
445.732 62.531
491.277 37.278
490.693 132.048
141.456 185.915
471.333 8.226
187.032 164.603
218.979 466.282
235.669 282.520
305.654 150.963
426.303 68.538
192.588 382.898
242.935 430.433
25.790 73.874
366.711 258.909
260.278 14.570
428.917 143.705
436.178 336.873
337.350 40.786
235.380 279.437
312.115 216.748
323.156 412.594
360.965 51.467
84.727 205.107
212.420 72.372
308.785 275.137
197.098 224.282
175.697 99.068
337.889 192.477
495.553 351.630
406.709 322.259
353.982 378.314
383.531 414.382
257.958 342.880
425.672 384.559
393.935 185.216
19.164 0.297
436.386 277.778
248.570 167.273
465.706 126.286
103.186 329.573
195.226 95.778
472.866 269.805
426.814 1.209
141.340 466.671
76.797 89.425
329.684 215.095
456.618 54.299
309.182 31.917
276.372 495.922
313.055 56.144
199.161 271.601
142.132 444.464
436.820 200.550
215.035 200.578
374.362 72.397
279.346 9.481
476.477 379.235
434.822 477.691
260.834 295.083
347.142 312.918
334.551 359.826
30.206 71.608
123.787 477.750
455.729 215.462
31.205 80.653
199.529 154.583
65.900 129.462
142.325 136.355
145.843 12.304
34.614 33.635
202.030 399.085
332.232 251.408
455.455 463.296
74.333 50.775
75.338 24.259
227.686 150.400
401.982 277.042
194.685 423.763
180.613 435.061
354.849 259.897
19.149 72.220
180.136 211.687
259.386 336.343
452.849 442.040
143.361 271.066
187.654 303.230
308.402 458.969
171.524 1.008
70.945 455.035
326.178 201.036
170.102 214.929
281.452 388.982
378.852 239.429
283.171 48.040
434.045 433.018
139.765 294.024
147.166 56.641
2.062 21.953
45.315 328.371
490.271 162.283
116.667 390.736
36.645 286.199
17.040 1.426
394.557 105.720
394.418 147.290
23.384 315.908
122.289 422.669
268.320 386.671
91.222 142.694
249.762 213.445
335.714 126.707
120.653 210.708
194.717 85.160
228.671 78.114
431.977 285.787
103.760 18.384
199.436 488.179
61.787 295.927
416.125 355.634
369.897 176.152
447.157 37.955
230.713 322.425
103.572 10.354
496.991 11.549
241.576 225.694
184.733 409.749
86.822 12.630
442.658 33.776
443.222 325.463
38.329 95.732
351.941 86.401
153.939 318.085
496.542 153.214
46.054 146.049
41.734 203.908
450.246 452.358
68.644 481.185
71.614 120.452
442.281 307.032
9.151 458.157
135.335 436.654
488.009 59.418
365.239 386.546
265.419 362.372
13.522 58.389
140.773 312.188
366.359 478.957
369.911 489.964
433.908 363.089
418.850 179.098
106.845 81.270
422.727 191.521
83.541 152.190
284.684 254.978
479.464 417.851
457.795 304.948
312.791 161.052
77.464 31.763
371.375 173.767
152.909 247.892
61.864 412.515
350.850 198.553
322.267 1.971
472.513 342.011
123.388 447.034
489.938 426.547
218.751 261.925
62.592 157.282
445.254 73.914
475.674 460.786
138.928 91.100
282.830 461.087
129.361 362.600
95.868 215.064
100.769 322.855
219.440 168.696
16.465 24.067
208.557 43.325
151.126 282.840
108.038 280.911
425.580 199.434
201.923 30.179
26.467 216.472
22.971 490.660
240.895 455.896
189.241 296.943
140.508 485.100
451.905 172.549
424.309 424.850
84.815 219.260
185.224 351.926
46.742 65.312
29.691 194.612
224.046 112.796
83.083 40.782
394.193 209.678
172.530 86.395
19.909 299.858
330.511 478.160
318.364 213.159
166.495 216.218
165.306 214.931
130.420 426.797
499.841 388.667
421.300 442.336
417.990 124.643
283.546 481.146
470.319 105.146
402.776 407.808
208.197 450.029
148.781 165.882
231.145 320.600
342.695 463.932
436.400 190.830
37.587 83.204
37.713 267.970
384.006 74.349
25.931 198.856
41.199 106.798
332.742 251.881
233.355 212.478
252.534 448.487
43.107 246.432
160.026 89.343
476.967 330.556
429.744 200.097
40.771 369.441
316.130 98.958
302.174 74.189
155.334 270.962
35.048 43.020
82.583 372.195
419.142 440.825
319.453 423.706
228.172 75.763
112.896 312.266
256.299 143.273
420.515 218.687
461.103 58.569
127.469 39.853
369.658 62.714
212.532 91.439
329.352 458.580
352.515 257.288
122.500 88.728
90.676 174.684
239.745 141.316
254.645 358.018
383.493 335.950
244.255 459.469
113.157 347.629
86.558 410.623
445.280 230.049
323.302 93.569
191.836 267.160
271.673 436.513
354.915 225.098
256.266 82.810
484.951 32.676
18.430 180.225
330.395 78.526
430.975 424.509
42.743 30.766
268.106 8.647
209.974 235.315
33.179 21.565
393.095 367.288
243.523 431.489
437.933 3.005
475.767 0.391
102.432 13.033
156.881 3.147
474.805 205.619
381.388 260.399
169.033 173.189
159.923 261.581
153.334 156.491
338.722 113.688
238.669 307.085
228.321 182.454
371.533 290.410
347.504 20.388
24.584 375.848
488.503 86.248
123.276 349.166
196.895 452.375
112.660 409.567
425.713 483.700
418.268 59.292
33.583 88.414
281.856 92.608
390.676 11.308
71.366 331.645
75.765 284.773
283.157 141.307
255.328 234.070
235.234 267.949
314.003 309.780
207.483 172.695
165.630 133.979
431.718 112.458
119.303 16.386
286.071 46.835
379.730 323.138
146.936 120.490
361.271 24.542
162.342 24.338
459.137 484.623
342.007 98.607
273.964 352.843
144.396 76.894
55.479 34.678
172.658 110.009
71.677 390.167
230.769 75.480
385.360 40.966
13.407 144.108
123.715 165.181
331.856 271.759
17.627 252.668
91.568 149.128
187.879 176.174
252.716 385.169
403.920 398.008
94.544 214.733
23.555 477.941
400.934 460.922
153.847 68.865
84.925 241.211
98.604 244.976
170.766 29.303
278.018 258.171
438.598 293.675
194.781 116.176
45.132 316.010
337.741 207.191
329.155 54.176
494.150 414.961
105.815 209.352
176.167 128.805
71.138 457.904
210.826 222.272
439.595 402.303
354.584 181.030
73.211 469.576
360.650 198.425
303.635 113.926
432.600 427.204
408.462 50.724
276.430 205.466
497.323 358.459
50.068 70.777
431.960 137.479
75.316 384.205
271.253 432.958
185.106 249.679
197.478 8.716
256.083 372.051
87.800 110.731
265.491 411.794
124.753 390.312
362.748 164.465
31.662 72.635
166.049 6.501
37.633 385.215
131.222 464.436
19.943 303.579
438.627 50.453
108.946 445.905
180.131 305.537
329.298 120.951
91.699 102.707
288.488 460.752
23.859 244.478
368.283 470.940
289.983 143.697
188.411 8.983
235.622 68.091
