374.272 286.935
412.532 86.011
382.466 260.767
280.263 327.657
112.174 3.146
155.555 86.840
365.825 59.509
54.098 124.024
409.392 381.918
109.083 103.171
376.209 372.500
433.129 401.994
71.328 319.881
445.833 232.025
173.839 85.718
259.087 236.883
271.132 95.657
267.547 113.651
307.489 234.367
461.794 344.357
415.851 105.251
101.282 131.556
484.401 69.757
458.975 238.002
211.774 415.877
279.223 213.173
259.555 307.717
369.666 22.547
226.524 176.943
160.461 311.520
72.521 299.643
448.688 62.840
394.216 236.405
483.233 387.743
395.206 417.154
142.879 165.152
38.516 497.643
203.556 418.241
398.669 354.429
227.228 11.682
32.615 338.521
130.039 381.480
284.316 411.050
377.475 321.348
297.333 166.937
341.298 269.072
459.417 138.615
43.037 306.793
202.279 247.769
272.166 99.605
185.483 412.161
88.261 261.726
359.141 471.294
412.407 433.802
298.958 204.953
149.873 451.364
336.156 400.637
254.050 42.996
52.602 164.974
311.998 347.615
433.722 469.663
150.928 408.493
339.716 259.423
159.398 413.904
272.448 244.897
80.580 337.361
189.979 400.791
211.909 356.461
272.748 138.603
453.031 423.717
103.203 124.501
326.918 57.230
475.641 290.465
477.523 269.724
334.656 113.814
204.872 17.029
243.572 78.372
477.814 222.423
158.947 138.392
486.756 251.683
179.129 268.629
456.669 204.553
366.185 94.822
214.616 239.129
383.971 487.534
458.340 19.386
195.787 205.853
275.867 74.829
74.216 37.936
334.169 90.305
470.839 100.493
335.028 34.470
214.932 172.346
169.770 383.879
122.099 139.967
258.545 131.370
17.579 355.801
239.256 154.520
28.075 191.230
477.880 394.536
119.681 374.415
393.707 181.456
433.319 460.144
498.241 36.136
178.799 258.933
153.398 265.169
78.117 56.121
110.540 411.067
495.226 245.914
122.661 194.826
394.510 368.770
192.697 327.972
449.061 383.787
341.423 394.006
165.984 206.654
485.026 299.120
394.809 104.387
5.918 335.149
498.730 57.620
309.928 251.374
316.215 332.762
208.390 466.686
485.204 383.333
223.371 463.104
178.758 164.018
76.443 213.227
142.644 272.475
280.219 390.035
313.534 379.427
304.424 77.215
163.349 235.419
473.375 393.562
67.079 268.817
302.722 488.821
216.866 196.642
275.937 333.344
233.359 343.213
189.880 439.555
112.170 438.211
263.668 407.163
215.322 41.467
59.893 67.676
417.649 189.500
106.643 192.933
102.107 49.027
257.553 297.832
401.887 415.938
66.456 499.925
209.314 439.039
382.198 175.815
319.179 438.031
166.745 223.726
360.398 13.790
73.603 115.804
107.754 353.999
323.623 407.424
72.747 237.984
82.519 61.985
414.940 13.565
194.009 0.194
25.148 99.801
453.208 110.877
379.789 120.890
345.727 338.383
179.232 237.291
232.368 343.314
189.488 315.654
188.382 353.320
427.774 297.471
412.595 206.872
405.864 267.384
184.273 95.718
393.073 90.846
214.075 369.958
437.782 455.443
60.198 479.991
452.891 308.487
177.469 416.378
374.949 279.034
52.983 234.694
6.783 82.276
214.031 219.672
476.658 458.760
401.255 370.933
180.308 59.467
121.102 449.419
62.639 330.052
268.591 180.822
210.641 379.561
165.675 96.053
212.618 87.215
359.406 463.359
116.057 6.761
268.369 321.619
304.398 269.948
203.939 203.076
116.955 86.984
397.179 409.287
236.250 16.312
206.059 107.893
159.516 79.507
94.736 445.527
480.850 497.969
320.476 451.038
298.302 182.773
150.471 286.455
337.163 457.416
195.079 379.905
99.889 275.461
100.667 119.462
236.735 337.870
149.901 134.011
178.736 2.172
183.039 291.787
459.165 137.572
421.928 0.258
238.988 188.600
129.915 461.239
144.908 475.799
318.064 86.561
309.477 25.724
44.274 418.879
433.287 176.022
113.267 265.143
104.230 278.944
176.542 342.653
140.961 108.684
98.882 377.740
141.316 99.202
395.107 367.533
349.188 166.590
450.527 94.838
256.337 473.118
189.433 15.433
462.915 386.757
15.822 235.273
106.770 25.108
11.173 179.556
456.202 28.882
322.456 294.862
477.386 123.529
330.379 250.267
252.723 225.055
315.687 142.826
178.688 194.821
15.684 240.430
498.915 182.816
493.201 39.443
46.127 301.428
92.475 12.524
201.916 367.440
317.867 3.110
112.428 51.289
188.192 479.735
23.236 84.412
51.867 434.357
445.015 118.052
71.274 325.822
25.487 118.188
376.083 418.279
355.653 354.537
215.265 169.225
406.362 415.111
190.317 334.468
164.476 89.265
229.741 91.762
171.058 106.185
190.185 327.305
279.287 305.960
191.408 136.954
163.629 273.582
29.315 367.312
167.117 225.819
74.500 174.284
418.088 176.243
208.714 210.016
37.713 307.378
243.381 183.118
279.894 122.442
220.289 352.412
289.145 156.410
22.292 139.446
234.545 318.083
122.805 146.613
436.141 463.614
455.444 456.565
278.946 468.402
294.916 27.373
469.582 95.634
392.457 173.293
455.591 272.672
124.830 322.759
154.865 148.297
115.449 354.043
445.622 441.871
22.460 83.550
369.512 36.479
4.101 326.435
405.844 299.794
413.133 269.899
220.195 366.679
228.305 426.941
186.610 450.858
458.284 201.824
240.033 203.489
383.069 325.673
79.265 86.792
307.642 238.404
407.810 402.642
69.230 253.316
472.523 325.800
69.809 497.687
230.388 126.908
375.123 16.987
300.576 487.196
74.096 39.243
217.385 258.764
338.109 349.476
84.967 322.114
318.145 284.844
173.104 29.223
63.805 170.136
161.087 340.230
217.725 202.904
416.777 329.969
269.213 48.460
283.942 361.115
189.872 138.160
392.209 313.425
223.118 273.531
257.151 272.283
482.274 357.768
190.077 312.030
499.578 449.720
485.582 334.564
15.273 479.047
184.361 182.940
329.702 446.808
236.287 499.408
227.030 23.416
185.804 67.125
329.322 241.466
234.754 460.320
148.540 199.752
41.574 439.093
247.267 260.019
104.656 140.892
114.919 361.153
298.999 374.776
244.119 48.868
440.454 420.028
443.725 276.161
417.423 83.454
380.661 182.057
349.975 388.604
80.947 223.693
254.222 91.716
153.753 89.490
10.466 169.287
350.174 60.994
470.587 234.624
110.030 78.604
437.052 157.219
13.679 479.188
126.723 394.600
193.060 469.602
445.573 222.911
102.421 467.269
106.905 55.203
462.911 14.106
83.281 189.098
229.916 97.368
121.887 239.153
439.160 387.603
29.976 65.506
186.178 287.060
139.285 455.985
444.648 383.590
450.642 398.454
427.482 284.936
118.468 160.351
156.949 492.213
51.021 3.516
252.142 71.833
220.629 85.968
419.060 422.648
495.496 282.845
147.925 338.484
296.669 451.026
152.661 306.200
326.267 407.151
3.916 145.900
32.930 333.825
392.823 42.464
174.984 81.016
147.904 391.911
428.847 271.934
265.776 38.698
439.507 385.437
394.607 380.165
489.583 73.086
94.061 309.727
86.600 310.418
89.060 351.559
194.344 209.156
244.522 188.057
270.724 347.044
45.096 126.714
234.342 155.666
215.407 71.599
221.211 103.017
347.686 443.072
55.294 126.060
84.497 415.290
357.832 307.678
399.950 83.913
104.394 403.361
351.472 70.695
494.913 255.445
32.322 406.741
260.860 58.474
346.515 176.038
159.971 446.090
113.680 237.778
476.428 300.826
445.995 354.360
116.039 313.787
12.147 297.799
227.713 437.640
180.533 451.182
139.641 329.717
126.794 119.512
431.995 435.927
172.879 388.627
419.354 42.484
204.897 340.711
435.088 312.834
318.078 106.214
206.013 354.970
252.625 260.850
31.388 8.043
195.699 363.640
233.730 62.202
372.359 214.025
251.266 343.224
77.965 150.815
189.309 360.087
73.039 318.941
39.751 469.260
475.370 265.423
438.285 243.510
288.611 321.705
318.610 23.780
465.107 200.043
492.739 298.537
296.486 457.178
59.916 181.117
296.331 493.523
488.714 381.774
69.894 492.250
92.373 479.891
23.447 330.160
193.440 150.071
66.354 365.825
182.071 456.167
106.131 494.904
132.890 408.149
163.042 18.661
179.259 270.413
207.950 198.245
406.835 248.719
99.095 386.776
487.478 397.069
319.801 160.089
469.917 398.735
360.220 439.264
58.656 294.102
9.326 48.587
456.014 105.625
15.740 317.941
424.029 331.570
346.294 16.622
4.108 60.445
354.246 189.052
64.553 293.341
375.990 39.098
46.825 317.231
121.412 135.835
150.100 432.987
146.940 195.566
259.405 485.385
39.390 51.451
355.008 319.333
12.578 144.360
475.856 441.243
16.435 418.580
83.997 403.705
415.175 237.928
89.007 113.315
275.848 176.219
64.454 402.554
443.633 340.424
178.918 75.148
486.828 147.000
162.576 420.958
401.844 225.952
95.890 94.224
106.666 317.142
225.174 237.632
339.912 309.425
463.156 304.889
305.965 72.070
179.041 243.001
399.678 177.823
400.319 100.333
360.055 206.795
61.431 168.494
308.239 475.843
307.432 12.630
284.875 86.938
82.944 158.775
126.833 325.992
403.154 286.927
361.885 44.750
329.984 274.987
394.618 22.607
211.364 144.688
379.552 208.742
155.461 473.135
321.465 54.747
356.772 16.261
136.137 133.896
118.925 275.606
117.154 403.283
464.710 494.881
91.490 92.543
222.660 494.866
41.167 171.838
108.377 164.267
334.297 157.920
357.793 188.456
174.695 190.176
216.708 431.065
73.667 181.142
321.633 21.489
96.044 200.707
234.671 100.724
168.122 295.617
295.597 358.808
343.623 0.148
145.755 455.439
223.916 177.011
243.633 395.988
448.269 314.403
235.726 320.333
412.496 125.210
363.777 267.784
49.198 126.176
189.389 72.933
2.534 36.975
191.368 120.753
369.020 306.898
6.516 325.608
0.245 272.680
324.899 322.626
364.456 168.399
307.483 290.911
96.612 486.201
192.820 446.343
263.652 194.489
486.517 304.448
53.049 466.317
352.816 192.159
40.327 40.415
185.071 227.764
432.744 467.267
45.253 388.916
103.579 44.551
69.629 376.958
431.678 422.535
340.098 259.653
300.716 395.361
339.388 31.750
250.644 65.757
165.714 226.748
308.347 397.948
496.567 68.048
131.577 278.814
324.264 335.500
142.022 81.213
112.655 131.358
350.992 54.296
340.178 204.633
399.251 271.069
188.837 149.020
112.156 312.782
69.100 365.852
220.487 2.707
105.936 171.915
229.552 242.554
7.331 303.204
429.871 354.268
481.102 82.571
291.748 426.064
132.785 453.667
462.185 151.358
110.031 24.982
218.325 411.100
90.320 76.311
186.787 271.172
6.184 127.294
307.008 283.248
14.561 168.840
242.829 496.661
148.509 307.177
401.046 367.774
165.239 67.103
233.263 291.053
429.994 188.149
320.401 416.359
480.185 47.767
451.232 355.803
455.960 73.266
162.752 342.178
237.275 50.927
