208.502 46.187
51.392 251.117
263.809 189.527
366.075 334.944
358.898 483.468
495.843 105.814
6.776 481.908
303.874 35.136
65.639 389.628
128.200 36.951
28.692 317.436
25.338 32.365
405.784 135.438
94.948 179.302
68.481 335.806
404.081 58.870
325.776 481.166
160.314 363.177
231.222 148.622
308.165 290.522
439.483 113.796
432.822 437.170
447.080 48.035
236.879 286.652
209.194 492.041
278.577 159.328
427.497 364.410
350.024 159.140
268.283 83.911
450.044 288.694
303.865 454.770
460.434 232.037
52.951 294.357
101.339 271.545
51.841 262.441
111.103 45.045
410.640 497.848
467.601 68.734
291.955 272.082
402.776 418.632
464.773 176.641
479.907 14.325
211.935 253.975
361.119 110.404
90.305 77.789
246.825 202.093
147.088 316.375
423.456 331.520
62.384 355.173
472.605 497.902
328.603 296.647
338.631 354.960
400.317 367.168
57.347 404.693
435.152 411.850
469.185 296.106
254.670 66.927
62.787 58.264
356.710 368.999
177.091 30.806
216.033 54.645
257.948 370.358
456.485 192.657
83.792 446.927
61.396 214.814
86.841 21.652
71.072 324.072
222.810 263.715
209.754 310.528
239.468 261.593
130.144 356.261
453.781 300.539
248.768 383.903
286.066 141.479
94.188 300.803
36.030 8.012
193.357 165.339
138.560 326.237
330.819 200.274
224.621 457.645
461.637 19.010
373.474 374.490
344.076 274.322
255.952 481.260
341.998 469.700
161.803 207.668
132.351 70.383
95.396 31.215
28.058 18.353
381.032 74.909
443.095 262.054
444.726 14.501
10.988 471.601
480.718 149.957
109.928 155.717
91.145 437.591
458.616 317.177
393.429 368.422
481.228 404.515
458.053 423.744
91.474 390.732
188.824 21.801
326.465 282.979
76.242 69.405
221.390 374.829
108.148 32.295
280.549 50.772
326.988 256.036
372.250 134.529
236.873 372.075
298.377 336.546
280.891 330.764
435.501 461.188
187.980 211.151
418.605 346.574
214.641 292.388
328.481 410.945
491.066 171.024
460.533 283.242
445.288 69.863
353.516 407.119
25.701 97.885
299.475 414.319
371.759 172.440
419.497 252.778
247.490 391.988
216.033 378.215
131.080 312.407
114.555 36.074
436.467 201.512
374.602 61.564
204.768 480.539
12.407 177.591
338.513 100.841
225.466 255.890
326.912 127.242
218.403 64.341
257.015 10.311
251.120 429.884
415.257 254.603
383.870 406.595
84.599 29.614
331.324 205.591
458.976 174.988
240.665 15.953
48.111 314.273
335.300 152.094
457.765 150.964
355.797 182.553
427.517 32.223
453.259 395.214
367.906 184.102
2.898 197.613
366.694 298.034
325.249 235.593
135.853 160.079
357.549 409.714
343.307 66.796
173.804 479.751
137.525 124.680
351.019 341.198
269.771 165.097
304.444 66.803
368.217 431.503
56.450 48.438
428.152 226.481
461.418 200.980
119.902 370.589
337.738 98.882
280.469 89.678
26.919 488.375
126.591 195.357
126.350 74.975
177.286 34.688
356.414 121.111
92.780 60.772
16.228 310.892
200.616 198.323
114.098 82.062
132.135 425.424
423.727 369.354
369.391 291.658
263.467 13.025
338.662 62.925
285.665 220.750
247.201 59.946
236.036 405.367
147.172 81.417
212.049 435.150
124.922 51.185
85.117 85.209
345.191 374.684
363.810 443.173
443.219 321.824
448.840 132.207
52.566 42.453
4.771 302.812
293.021 49.968
444.341 111.655
99.007 290.798
142.333 489.615
204.425 3.616
266.323 244.658
300.369 166.952
355.462 249.490
189.136 376.792
405.734 1.557
492.061 116.403
473.625 243.682
135.391 186.695
91.162 440.384
79.152 101.775
287.935 85.548
105.456 62.892
280.378 322.253
280.341 465.556
330.345 470.566
237.288 120.716
43.709 224.329
171.600 11.541
486.003 498.928
57.744 205.015
261.500 151.240
176.842 410.905
300.299 294.108
106.896 190.181
43.187 384.586
250.538 483.633
308.272 55.267
329.252 411.319
54.826 144.282
230.443 188.013
277.999 472.124
9.144 219.885
196.725 119.258
172.175 447.405
180.217 295.034
141.498 315.860
43.218 387.247
486.168 87.631
464.700 250.126
249.739 201.548
140.011 44.547
14.637 349.608
213.412 166.918
303.419 321.152
347.107 97.559
307.987 458.749
383.214 346.206
174.140 149.661
264.507 463.999
223.188 445.403
379.691 407.245
359.520 70.966
455.674 285.861
489.907 387.371
276.460 248.940
70.249 162.168
20.317 497.390
289.066 451.413
117.679 487.435
285.221 291.087
329.749 418.678
442.314 4.775
55.631 9.674
302.980 263.747
415.928 411.603
89.677 472.380
14.035 234.378
318.684 213.418
294.151 77.534
215.963 273.987
273.539 452.524
272.990 371.668
52.820 58.777
35.099 403.998
250.597 358.251
487.355 328.210
246.165 424.361
78.587 78.521
187.373 45.749
389.653 488.957
29.290 426.451
458.631 473.380
455.436 487.169
72.252 189.586
240.036 196.141
158.241 248.465
248.748 228.995
377.836 367.984
439.941 347.615
118.508 127.502
140.317 318.836
375.172 358.861
188.294 218.007
77.864 138.506
25.141 38.035
35.150 365.400
67.746 373.987
285.352 385.173
367.950 410.625
348.378 284.217
34.051 445.660
442.575 61.792
95.446 258.324
196.272 460.362
133.913 429.321
60.177 58.432
143.102 35.852
223.289 340.123
333.099 411.205
200.239 417.123
34.826 66.804
423.529 453.778
472.518 185.616
152.774 88.888
478.833 447.917
29.949 52.467
140.517 452.831
291.416 155.171
467.939 372.334
76.686 484.399
166.573 128.338
193.252 414.985
494.913 194.579
89.185 2.429
434.155 285.228
64.069 459.101
293.841 495.158
126.828 443.185
404.923 2.297
170.789 492.506
427.911 234.718
422.844 39.833
480.371 256.179
178.516 379.433
442.064 232.882
384.879 17.022
13.093 15.389
464.457 303.390
295.091 379.985
101.895 485.193
155.405 423.769
21.190 212.934
219.505 271.435
342.284 409.293
64.473 444.023
185.378 111.797
249.326 163.193
481.297 276.192
471.737 113.988
191.311 415.354
349.883 429.902
136.559 417.774
52.973 310.427
43.123 201.417
43.826 150.445
474.684 400.355
187.569 130.117
239.971 28.945
193.352 352.168
352.461 126.816
184.967 286.117
396.595 496.794
226.604 172.667
239.186 394.917
87.485 197.786
263.617 116.831
94.414 319.446
16.743 452.355
438.364 218.843
10.647 408.506
0.561 172.036
109.658 19.964
174.994 196.847
2.016 125.159
471.810 210.734
72.834 273.675
140.589 21.640
416.921 48.852
208.169 449.639
201.486 91.246
65.666 18.702
376.590 282.290
332.723 194.089
55.704 371.321
387.470 427.448
165.173 382.407
279.368 323.468
381.872 374.577
247.218 414.317
54.184 326.684
96.317 499.643
69.575 350.796
325.701 240.968
472.092 100.908
467.721 0.326
377.447 318.280
447.105 167.727
414.914 177.440
265.568 204.391
155.294 21.094
320.103 177.029
301.924 51.411
120.046 348.313
99.837 175.107
82.296 223.105
4.005 99.007
315.967 46.809
195.904 365.702
9.767 370.246
128.164 326.791
462.066 328.981
443.786 144.870
168.058 195.530
305.345 193.588
23.505 172.085
49.622 149.611
381.950 426.733
106.155 164.228
412.832 171.394
79.783 21.935
260.921 148.341
226.436 18.638
247.793 131.096
55.639 311.281
236.493 439.909
12.869 82.395
482.947 397.760
46.755 193.701
160.555 325.091
317.661 443.033
412.589 351.523
445.172 272.945
118.019 106.172
49.417 150.271
479.091 278.453
113.266 454.279
32.374 481.554
316.473 249.221
111.835 362.973
108.760 346.175
96.082 255.141
151.622 72.793
25.640 282.093
297.696 485.306
356.024 470.424
213.615 239.494
194.425 23.134
13.163 224.094
164.843 441.449
135.986 35.448
135.690 117.511
454.266 64.209
426.556 437.967
374.730 354.796
279.219 442.939
359.705 74.219
120.889 233.573
404.796 322.857
459.440 112.495
372.799 273.551
370.138 484.399
183.841 64.071
390.291 102.846
377.639 339.823
94.744 461.057
1.663 84.575
216.183 24.903
395.060 195.168
417.438 402.173
185.088 92.361
264.901 141.450
174.117 273.742
124.757 0.098
182.450 309.111
239.057 186.801
460.957 370.718
24.457 98.954
215.721 33.243
166.626 334.469
281.511 178.188
237.645 173.024
112.319 371.317
236.710 330.554
420.452 322.774
168.812 102.015
316.932 114.988
150.077 96.877
0.964 317.052
201.525 282.082
395.690 136.855
217.786 27.576
130.622 441.318
140.894 376.877
401.082 59.291
129.134 36.410
358.095 256.287
353.391 407.723
0.078 376.865
455.079 52.732
420.613 342.651
473.041 58.840
345.624 124.722
244.917 226.706
132.847 344.677
22.419 454.871
379.866 140.199
340.692 320.663
307.889 361.947
46.371 453.112
397.991 237.040
41.325 53.656
488.511 31.844
371.396 117.979
16.059 233.108
210.290 357.686
394.759 117.230
450.863 324.703
386.488 75.889
359.203 255.058
260.796 407.224
422.963 138.399
480.561 72.393
120.608 90.314
409.290 217.543
267.044 474.185
367.527 123.767
120.940 55.377
450.613 101.776
15.817 342.528
70.935 98.206
241.784 280.125
131.596 122.853
211.992 254.252
374.635 65.827
93.635 381.658
294.730 155.454
238.400 144.673
49.066 191.322
187.860 492.945
24.409 294.988
339.288 175.564
348.308 463.838
274.287 16.213
452.588 205.945
334.319 153.108
230.488 236.945
452.505 52.014
442.149 140.709
312.031 343.152
415.867 342.685
224.770 483.996
234.849 360.296
101.918 180.909
263.153 200.128
398.749 265.279
297.052 461.442
459.931 1.425
114.777 385.119
15.069 421.779
68.336 17.487
79.773 251.446
413.666 123.699
485.635 383.451
73.806 486.681
215.494 387.915
95.943 442.449
74.899 273.880
295.689 453.332
495.623 343.163
402.425 486.693
495.232 49.157
345.458 116.823
111.461 376.324
231.272 237.977
129.060 133.578
300.342 256.899
118.298 384.771
281.547 356.872
14.205 51.915
64.325 412.836
0.648 486.842
106.535 347.152
212.642 363.323
58.104 320.721
221.982 266.308
394.616 219.836
21.921 98.323
380.312 433.608
313.645 185.529
147.143 356.341
306.669 153.725
295.072 246.241
171.211 20.121
163.263 343.694
445.212 431.542
269.305 234.852
65.890 254.686
285.636 143.744
179.375 333.141
299.955 251.744
422.802 359.856
309.359 7.121
473.028 214.576
355.304 28.103
31.816 250.702
344.407 171.400
128.641 40.926
484.809 376.513
371.347 449.883
411.503 267.086
321.816 403.557
101.454 498.820
284.190 109.681
453.124 395.330
228.631 236.009
418.716 253.867
359.826 486.305
457.467 30.806
144.405 417.293
196.964 258.275
457.613 141.428
399.687 9.525
485.802 118.705
