171.703 336.425
107.093 308.819
388.415 22.727
355.503 221.611
461.695 45.617
357.401 331.587
164.207 320.732
446.825 392.591
482.520 321.869
81.329 30.579
206.088 301.455
234.093 265.301
305.607 81.656
387.770 368.707
284.256 153.325
354.652 21.189
34.868 329.339
126.174 398.151
108.215 37.770
126.958 364.793
71.487 131.464
420.984 274.242
154.544 429.017
96.574 368.065
431.545 443.833
83.687 33.818
61.506 77.959
193.494 209.503
76.019 322.404
108.496 311.225
79.300 181.227
77.205 391.222
335.882 431.442
161.735 154.628
53.974 366.225
52.785 208.125
455.088 444.793
451.054 226.800
478.138 469.191
273.192 30.624
415.312 175.840
330.308 60.025
467.757 329.560
370.924 295.187
344.739 497.778
47.652 151.929
298.413 19.673
464.673 235.505
113.356 230.089
337.933 382.337
480.570 440.378
392.752 239.447
341.056 11.643
178.477 240.033
481.976 420.088
494.025 432.083
55.526 253.452
275.686 463.925
235.511 10.352
107.202 33.035
461.335 356.170
353.421 16.298
322.396 171.828
440.769 372.941
372.294 165.167
382.528 8.610
7.767 167.874
80.062 141.731
115.074 207.863
499.356 368.516
236.424 73.507
143.446 167.152
460.725 398.910
461.301 55.088
42.070 181.068
226.516 243.826
220.405 77.744
467.115 174.135
225.324 153.854
43.503 276.408
440.330 265.251
276.933 70.787
32.315 336.118
70.237 59.505
121.874 140.419
171.996 16.169
227.934 431.334
75.853 300.944
39.620 398.537
426.701 126.963
404.098 311.434
10.557 209.083
366.285 116.948
481.164 163.286
177.307 484.368
396.852 360.912
91.253 111.036
337.861 278.239
225.204 430.505
226.352 378.703
195.863 314.721
432.268 97.557
395.159 439.100
103.548 99.105
257.705 385.086
356.318 121.553
422.217 309.340
253.813 322.722
276.067 478.177
270.032 357.068
136.017 157.196
48.540 170.844
385.817 307.556
279.985 210.434
154.447 284.592
279.496 486.542
188.600 410.790
402.968 440.979
472.514 154.770
370.881 287.515
98.311 214.277
257.556 127.446
478.272 452.650
332.817 25.407
373.181 204.327
100.626 34.405
245.368 326.436
408.202 188.399
122.801 149.429
280.658 301.639
331.018 170.327
121.656 327.051
481.753 21.986
254.882 247.397
430.865 172.264
440.101 371.420
143.129 132.373
466.720 441.248
298.326 91.097
331.413 0.003
398.819 204.247
157.980 432.878
381.370 232.241
44.705 407.585
346.403 41.763
128.799 412.260
61.719 287.608
328.646 497.925
362.342 224.274
351.366 211.332
61.043 467.228
491.215 495.925
255.063 222.006
324.104 399.297
384.543 384.815
489.206 38.548
112.828 285.072
8.887 196.529
293.294 52.577
89.777 465.743
152.502 218.836
184.676 270.582
413.417 200.604
161.542 136.203
142.587 257.977
251.441 219.253
402.718 367.578
491.385 24.506
386.544 166.695
9.770 424.936
236.469 166.623
104.042 499.452
121.393 140.347
385.933 386.957
23.058 472.984
446.365 345.856
131.874 435.789
408.650 350.220
17.076 96.456
388.552 381.236
430.450 244.513
133.788 72.098
452.082 495.476
354.438 173.181
428.124 481.628
85.616 465.397
264.359 337.557
65.605 488.484
10.735 336.729
102.684 138.733
87.113 124.963
364.185 331.558
216.128 49.612
424.933 280.323
278.308 19.482
95.017 18.603
384.745 492.658
177.029 256.617
168.363 316.831
222.735 440.020
476.853 133.636
276.543 308.919
481.572 62.722
413.757 468.733
353.218 83.137
22.099 257.073
311.597 177.925
149.816 173.662
200.540 390.096
60.280 84.391
242.101 64.045
185.008 363.144
436.300 55.064
49.110 216.040
50.656 490.938
433.126 349.712
289.055 359.705
23.011 239.830
466.924 350.946
283.683 287.925
302.678 183.132
111.802 136.693
255.439 472.422
260.705 363.638
172.739 114.377
405.713 26.529
227.807 485.231
20.308 204.307
326.364 3.391
49.600 331.068
206.416 437.697
432.296 19.889
272.504 302.152
295.812 95.275
203.352 204.939
231.655 370.880
151.776 57.515
235.345 375.671
449.749 367.074
351.042 371.453
459.051 312.259
432.079 485.757
175.891 166.605
439.295 388.831
131.185 191.322
193.793 112.923
214.384 188.623
469.049 188.873
432.417 165.491
72.850 326.858
285.582 124.883
137.716 445.468
41.895 495.466
137.182 470.327
417.063 310.246
9.381 18.881
477.137 113.943
55.773 160.640
297.363 339.829
146.283 478.807
83.914 215.219
351.907 457.948
114.252 319.123
336.805 167.981
237.000 179.741
335.724 353.053
399.858 363.026
243.554 190.874
97.376 88.852
251.558 11.817
418.437 329.516
389.625 294.047
166.467 123.781
251.554 462.995
45.806 95.014
373.769 307.188
250.218 171.713
451.522 300.729
8.146 343.757
75.037 156.878
430.732 226.595
170.305 176.785
202.923 227.032
2.127 467.319
485.003 325.687
236.133 436.843
193.184 291.846
331.877 360.855
428.153 174.289
143.486 174.362
182.053 308.396
275.116 307.109
472.238 187.232
77.954 25.579
23.340 494.256
494.328 428.300
114.319 480.559
57.048 372.519
209.475 163.262
49.797 423.909
272.735 175.971
222.698 219.300
183.961 338.594
35.652 341.453
297.729 295.313
431.787 289.692
265.714 272.024
165.114 486.006
44.831 384.109
425.529 344.088
74.375 4.892
37.685 193.660
35.282 250.736
429.035 193.682
463.820 159.668
399.475 147.070
282.045 301.207
375.596 215.903
16.736 362.309
188.245 162.119
391.123 240.081
203.835 434.374
142.886 160.279
39.395 369.874
386.806 402.258
333.550 191.296
257.844 377.285
52.961 236.645
386.773 215.238
231.902 37.829
201.741 228.381
420.816 74.618
485.958 415.221
213.646 51.497
335.714 430.013
196.096 246.190
13.450 261.033
424.601 92.282
462.730 159.840
122.170 15.347
178.607 437.112
339.831 467.989
210.681 231.938
214.854 205.188
58.662 66.966
288.508 66.436
131.257 489.283
397.898 98.447
169.766 203.754
153.719 206.073
250.959 273.185
200.106 395.632
85.169 253.542
259.271 74.905
173.165 489.238
361.789 114.200
453.272 8.714
85.846 204.795
488.401 379.896
491.918 435.305
100.265 178.857
143.772 242.044
459.179 109.011
99.461 111.707
415.539 183.870
134.471 351.439
66.653 160.293
211.594 325.569
235.028 97.691
469.284 210.858
437.614 191.412
58.267 397.981
137.243 245.804
228.719 121.895
224.671 438.248
479.491 13.250
288.111 483.999
319.187 292.317
427.653 99.659
37.342 328.105
348.668 376.439
439.554 396.084
90.615 224.343
460.110 284.837
432.133 377.647
5.770 429.071
437.219 406.921
393.007 120.978
64.148 254.266
50.619 239.744
475.890 268.187
189.848 417.407
49.808 436.079
294.993 319.880
238.884 139.336
403.938 175.973
16.741 104.503
337.108 481.215
403.700 256.066
138.621 161.484
461.317 469.152
499.204 484.890
253.104 384.300
471.726 58.214
192.459 275.427
452.726 354.100
384.664 127.996
387.491 283.802
337.077 127.807
27.411 133.532
156.423 419.794
181.799 182.221
451.845 119.438
412.119 231.074
163.279 41.749
303.887 51.920
159.988 138.688
70.797 468.656
436.020 320.409
404.751 2.360
110.656 235.403
181.897 356.696
150.236 447.545
301.722 486.047
106.127 84.932
133.143 324.219
294.293 463.110
163.071 245.567
52.135 343.700
4.053 441.059
88.645 466.719
41.501 154.174
161.466 138.536
72.797 476.174
346.009 155.389
153.831 88.724
292.642 229.323
2.036 230.347
253.780 62.285
247.813 26.335
279.317 344.733
169.045 348.731
26.031 346.787
8.389 439.322
125.187 201.343
206.073 180.233
51.588 144.131
204.719 234.101
358.235 185.969
394.438 16.840
498.240 341.895
279.927 73.168
264.290 15.638
276.603 311.185
317.775 499.532
177.450 299.683
217.563 250.242
332.787 310.621
278.274 168.496
419.318 84.077
367.597 292.470
97.233 246.134
489.504 33.601
410.359 79.273
435.498 385.291
283.622 31.992
481.071 408.738
399.472 368.606
494.729 386.697
444.865 466.045
124.396 221.748
143.179 365.062
363.631 21.510
30.122 497.256
96.880 56.886
66.877 294.906
175.462 405.113
269.630 275.656
395.936 435.284
82.690 319.852
87.506 109.218
220.293 348.064
166.716 41.237
229.838 237.983
41.814 239.935
436.694 134.951
245.454 461.054
80.564 291.715
100.096 26.565
73.084 239.603
423.459 59.850
94.913 36.052
321.095 276.569
431.051 206.914
281.682 141.005
56.692 125.581
190.465 43.110
47.750 22.054
318.450 181.841
197.352 138.918
258.686 477.672
355.255 394.436
385.821 165.969
300.708 179.345
396.574 479.974
419.075 176.001
114.602 180.146
309.643 89.116
481.425 451.866
357.120 185.598
404.687 302.723
295.241 7.022
368.820 458.119
75.730 431.014
402.991 385.824
200.627 338.433
83.507 161.617
359.497 0.683
431.960 220.894
148.542 241.513
315.799 365.684
230.326 35.298
40.240 261.345
292.873 493.038
482.625 408.042
101.948 492.447
12.960 438.489
270.087 345.195
216.270 465.174
373.579 136.850
341.904 365.287
230.968 364.834
486.453 457.228
164.642 149.657
495.022 55.390
463.420 5.099
263.141 355.438
355.506 442.244
338.579 95.687
187.327 234.508
355.917 4.067
177.379 100.706
481.492 405.934
413.855 317.534
460.265 147.688
459.076 52.367
441.160 490.102
296.843 465.587
86.061 154.597
21.671 323.722
134.772 445.838
186.312 38.912
62.702 214.043
382.216 234.136
330.330 490.626
426.201 146.765
76.899 201.140
98.751 274.686
27.042 480.850
78.056 478.213
160.867 194.991
256.521 362.908
105.142 98.347
26.463 253.606
52.382 316.222
445.057 31.578
184.510 184.685
82.548 493.810
253.541 428.796
465.082 257.614
214.379 397.798
126.771 397.006
61.751 486.656
88.974 112.726
110.343 114.765
82.378 192.550
482.736 69.039
111.159 124.509
425.319 13.981
32.423 322.931
177.604 43.482
426.435 362.056
454.595 320.864
53.163 464.928
19.236 454.446
409.845 173.970
107.271 318.326
169.603 433.758
418.427 437.990
148.803 205.044
496.897 281.559
318.440 46.276
137.017 378.649
34.159 314.824
445.407 437.686
278.122 102.967
262.491 243.833
461.144 407.455
55.668 254.642
337.161 86.668
442.658 86.584
404.517 462.973
445.367 445.952
479.198 219.450
480.601 111.422
348.335 166.109
495.105 207.816
16.013 148.747
26.806 230.956
26.888 340.166
131.950 109.600
62.441 336.217
484.516 213.533
43.312 102.528
74.988 254.914
147.982 293.585
252.293 105.506
467.318 410.391
421.030 306.965
288.541 240.798
49.724 333.357
41.402 175.328
481.012 36.109
282.077 408.618
443.484 498.954
