394.641 68.767
128.443 356.790
176.383 212.363
33.284 275.821
229.979 61.887
381.471 405.810
437.678 320.102
130.411 310.539
119.120 106.178
249.227 399.610
263.584 286.645
231.128 374.048
351.806 484.490
403.820 319.485
81.543 94.146
39.193 97.227
263.065 92.097
35.472 109.998
273.218 475.874
322.154 240.312
413.319 464.813
143.008 202.773
225.697 420.048
60.416 257.730
293.759 184.155
50.339 269.419
269.272 227.236
493.961 327.961
161.240 312.361
160.370 27.649
83.224 151.962
458.288 32.658
74.610 212.345
404.320 453.957
274.686 177.940
59.694 242.721
165.521 67.519
467.326 101.311
425.025 184.041
100.415 496.601
236.008 251.035
455.171 397.687
374.216 233.903
324.257 33.278
100.916 329.397
245.968 38.182
499.510 273.717
44.494 415.594
490.746 100.191
103.990 23.857
90.560 306.490
436.964 19.088
285.332 410.314
387.714 76.523
55.816 363.540
384.290 457.490
257.469 23.501
83.652 451.446
379.847 420.989
422.191 131.200
440.320 267.061
313.621 220.081
356.872 295.796
371.453 298.878
242.573 455.737
336.617 364.144
215.740 92.636
364.259 213.194
326.679 41.505
247.393 204.686
93.407 159.777
98.056 491.613
129.183 77.656
464.972 194.287
275.790 239.258
468.628 101.207
134.688 483.730
341.021 92.759
253.921 188.122
214.210 317.595
351.369 334.192
469.425 199.397
6.980 398.752
196.147 270.177
253.175 90.529
48.121 42.553
234.530 228.262
11.290 250.694
62.521 219.407
367.581 489.709
180.293 94.110
497.801 241.022
382.338 144.084
398.680 96.477
474.172 85.462
319.829 242.915
242.158 60.328
471.353 428.634
479.554 363.860
129.845 288.895
118.814 402.257
406.195 281.367
51.587 494.651
246.025 409.306
316.256 432.878
405.457 82.550
369.005 424.857
401.882 414.841
22.948 495.931
120.043 342.675
165.286 305.566
310.629 251.913
87.058 317.806
431.447 59.656
125.108 427.535
215.217 137.861
239.845 186.784
164.344 292.193
454.815 56.284
347.921 446.985
136.612 139.682
284.377 398.351
91.806 243.721
112.934 213.981
396.573 427.796
360.646 293.473
146.993 301.300
377.665 319.736
148.841 386.730
460.518 463.512
252.120 94.237
424.971 452.451
111.216 494.761
456.646 85.487
143.016 260.002
450.012 496.295
302.352 237.870
464.061 266.462
342.525 324.070
146.402 499.386
452.859 470.915
126.727 97.834
2.190 295.603
462.037 447.979
280.248 338.638
249.065 343.309
282.937 399.359
339.387 486.487
451.593 430.373
398.514 181.627
277.124 125.585
389.082 19.085
357.944 78.490
310.333 491.881
238.379 384.480
7.737 371.935
136.089 11.452
478.671 205.367
346.195 223.386
57.812 427.691
32.833 367.930
339.094 457.708
111.135 138.434
189.064 26.429
239.290 222.133
192.147 169.483
135.821 361.942
389.071 396.863
74.316 291.499
277.510 137.047
478.265 1.358
418.189 114.785
247.508 195.440
311.799 259.191
23.164 356.104
265.994 130.683
328.843 361.321
171.990 228.432
278.375 214.421
349.470 172.449
293.048 245.496
250.211 428.310
423.158 476.576
113.815 470.649
409.163 455.668
278.677 289.085
408.036 352.497
249.888 292.886
468.290 348.387
385.835 242.697
187.921 52.437
324.854 86.358
369.444 284.068
385.537 407.819
359.279 5.744
243.205 41.852
232.833 159.026
346.393 49.183
381.545 60.333
99.880 61.502
158.249 342.938
191.435 373.682
203.180 141.892
1.761 188.595
71.944 223.808
316.071 223.444
109.705 369.648
185.317 371.942
471.402 214.793
327.715 233.713
68.690 438.885
448.299 99.126
227.967 289.644
265.488 420.969
252.331 184.151
360.265 392.715
49.674 381.103
255.194 89.186
399.655 320.904
180.089 60.402
25.110 208.783
419.295 94.978
382.415 444.888
406.215 48.118
44.727 301.167
188.697 13.529
469.974 165.386
282.534 25.263
305.095 474.428
167.416 154.656
401.756 297.916
450.525 197.675
360.485 200.487
136.351 105.496
339.481 162.371
375.762 465.107
142.505 131.899
157.442 311.106
136.195 364.722
199.489 172.846
467.523 423.102
315.462 115.721
258.412 288.601
368.456 131.387
296.331 36.162
215.193 15.175
271.145 145.895
15.941 36.801
234.468 301.434
73.669 66.081
465.790 412.166
10.359 413.617
95.691 462.764
228.885 295.749
348.189 240.280
98.075 340.869
443.001 206.163
401.962 225.805
419.394 66.528
159.933 266.036
261.454 213.141
407.141 72.912
47.552 93.906
119.728 172.473
10.416 379.737
55.422 459.457
313.793 444.736
256.093 39.165
434.611 409.248
275.611 12.272
277.376 124.748
412.339 95.214
43.960 234.754
268.887 296.404
0.211 478.301
374.920 394.229
137.463 298.142
18.049 148.459
455.463 415.761
379.665 351.404
127.630 238.641
222.564 196.634
218.988 293.846
369.139 140.850
123.013 413.669
335.124 390.097
29.791 275.811
448.416 10.707
49.102 240.734
480.656 72.685
244.419 4.762
156.336 304.752
411.096 207.653
349.245 14.072
160.045 359.683
56.416 1.391
10.549 93.471
92.967 187.746
86.116 158.089
160.630 59.883
99.931 100.612
374.521 316.433
69.794 345.413
241.497 21.593
254.951 497.191
315.399 3.929
315.152 139.656
247.497 48.862
225.764 101.465
472.463 207.580
283.936 453.150
18.717 131.192
489.830 420.292
44.829 291.000
74.240 425.025
19.396 103.345
87.179 450.706
120.000 276.616
128.945 101.479
460.978 470.680
383.566 421.000
420.455 406.423
183.785 162.019
415.807 43.593
364.551 255.000
145.281 107.428
431.555 287.884
349.581 34.559
185.715 88.970
209.862 464.135
365.637 144.399
38.509 478.556
385.570 470.452
344.792 449.942
285.360 418.136
1.806 50.423
459.386 259.661
88.756 218.916
364.289 307.063
115.306 380.408
489.907 305.596
201.833 294.035
327.615 153.168
212.482 495.256
170.097 95.813
331.687 193.827
124.540 332.793
68.526 13.485
132.207 378.584
162.059 160.178
247.680 25.352
463.044 433.454
228.424 493.098
40.014 96.810
42.764 65.631
5.351 292.803
44.368 88.672
31.767 77.182
226.870 308.305
491.777 339.058
25.815 58.599
292.102 404.272
256.930 278.250
92.992 132.655
11.165 231.941
450.430 496.970
97.284 452.071
297.262 379.774
430.366 140.458
177.674 47.217
82.591 138.918
412.416 143.028
328.657 438.071
114.279 28.695
201.654 270.943
393.063 257.677
269.900 30.648
405.835 99.219
11.362 430.033
38.923 97.573
18.805 480.963
139.812 486.540
130.375 498.971
499.258 322.961
198.161 431.836
160.218 309.824
201.594 48.544
136.608 266.894
24.049 372.984
135.318 320.114
288.291 149.281
273.874 465.554
403.932 35.326
357.014 147.308
443.685 488.453
325.940 162.333
379.978 120.605
284.473 47.456
14.867 147.976
420.262 198.090
133.964 488.549
469.360 157.432
148.604 6.361
0.446 182.647
413.712 182.444
103.913 52.703
399.046 336.017
70.756 468.264
254.313 53.724
355.924 340.936
40.877 493.481
444.747 463.613
380.558 77.683
357.747 389.034
24.280 256.641
198.215 40.332
439.994 337.693
457.576 119.219
309.637 465.864
322.918 289.264
463.901 136.061
395.772 415.631
8.034 238.820
367.728 473.804
478.213 283.006
322.271 179.274
360.996 101.849
31.804 291.213
290.369 352.359
94.660 333.076
174.731 305.852
410.112 56.361
419.722 230.443
357.741 286.774
111.917 142.761
297.313 426.493
102.446 331.657
132.365 313.222
220.419 246.512
35.844 383.099
5.821 398.472
276.238 172.597
316.266 460.279
332.516 31.480
324.038 357.796
128.554 277.968
163.327 310.525
24.144 316.115
116.801 256.488
149.007 464.592
208.297 104.575
301.676 383.742
319.746 113.292
109.098 34.782
208.775 405.531
406.248 190.071
33.193 24.248
490.236 40.876
260.252 254.647
339.123 498.949
447.857 276.233
307.783 386.355
472.886 31.080
462.925 198.786
381.461 424.403
435.473 316.585
403.147 324.982
467.036 57.917
425.447 89.011
55.257 443.792
33.460 151.946
443.210 393.695
499.603 197.384
250.054 185.367
11.508 324.137
68.603 482.924
399.845 64.960
48.748 70.721
371.739 367.461
63.012 69.512
330.919 27.759
145.206 402.708
180.481 110.412
171.422 345.842
384.034 66.097
266.257 85.510
29.319 139.698
49.163 361.207
185.922 428.282
327.852 428.876
60.977 432.304
467.786 328.296
108.926 167.411
40.502 491.750
335.384 325.830
43.771 62.710
98.501 228.063
119.034 271.742
410.457 121.231
106.422 119.159
76.477 303.253
238.311 487.655
451.501 276.920
465.093 197.770
444.239 380.815
63.443 408.313
403.379 481.474
442.685 75.930
22.312 61.009
231.145 82.323
276.433 456.958
267.075 29.111
418.014 205.877
82.310 420.680
399.059 320.073
384.150 131.937
93.762 418.248
83.847 307.728
332.354 347.112
256.345 278.406
19.778 446.795
373.244 405.466
357.827 30.161
191.215 90.537
441.156 354.118
132.197 44.812
254.212 8.698
172.597 320.787
392.783 61.858
322.262 84.057
498.741 63.696
127.209 225.295
162.483 125.369
301.295 418.808
317.904 107.544
138.174 375.515
76.357 334.780
76.802 350.743
250.380 386.087
164.076 195.218
178.489 247.537
132.326 54.548
78.168 443.219
79.476 188.554
56.509 93.139
398.178 107.664
38.420 305.655
138.303 499.066
342.558 356.074
246.172 269.343
358.716 33.994
311.982 236.236
446.969 358.128
131.639 463.007
456.037 241.633
474.006 287.124
221.922 457.663
344.608 1.355
488.256 469.357
130.021 222.118
408.436 203.728
135.851 491.177
375.710 49.228
464.751 417.552
130.539 14.092
488.454 242.214
398.664 6.519
450.068 90.269
326.761 187.461
17.370 113.455
407.157 188.142
334.276 21.744
331.753 12.688
220.306 50.583
296.722 267.067
269.949 279.764
429.500 106.828
200.569 349.388
357.427 106.541
4.939 327.421
462.825 255.889
379.575 84.921
69.790 326.410
224.021 158.650
314.036 380.090
304.444 185.514
113.418 267.210
410.241 399.459
217.593 49.353
276.787 151.242
330.760 418.894
234.450 306.462
312.988 104.442
238.856 168.881
492.580 151.783
403.934 156.405
226.931 371.174
350.529 92.578
399.479 231.092
121.031 308.971
105.792 420.707
410.533 142.748
406.340 90.830
291.537 244.755
496.086 337.836
181.843 333.390
55.226 207.710
117.189 267.392
123.735 135.069
189.815 21.270
255.698 131.105
211.717 8.253
111.831 47.522
322.100 72.475
109.697 451.326
359.412 355.590
304.616 425.403
153.602 333.560
483.346 134.795
156.320 342.036
18.747 425.844
476.832 17.690
310.887 80.175
463.106 319.029
176.411 143.519
