238.515 347.988
406.989 444.380
68.815 68.416
374.520 311.646
340.309 125.118
341.444 256.011
392.042 138.404
476.796 71.287
340.557 42.643
160.056 415.043
127.640 309.702
489.375 4.899
257.329 149.101
88.065 188.312
7.610 65.771
211.356 210.818
229.755 311.230
136.393 298.690
113.392 84.427
139.205 400.377
314.461 417.695
69.316 65.324
184.371 167.730
305.622 271.772
484.696 287.196
333.522 0.696
411.565 292.177
388.761 261.895
95.389 442.586
393.671 417.343
191.128 154.267
13.147 464.059
397.054 434.410
425.131 254.059
433.888 207.677
321.070 254.196
197.037 128.311
308.608 94.700
398.715 427.668
212.749 130.283
249.688 454.637
348.727 195.408
323.576 378.132
108.796 240.692
173.637 180.825
444.575 54.824
301.138 89.933
112.483 48.961
78.647 364.497
174.989 445.086
370.668 403.629
0.970 483.771
105.387 380.479
392.829 180.407
336.340 336.012
149.826 8.030
131.007 412.831
149.247 268.542
430.898 390.945
387.986 354.431
325.738 17.593
262.884 5.947
24.773 308.949
169.664 338.623
436.495 7.547
380.045 289.186
32.666 419.784
71.010 388.997
319.363 160.250
455.529 463.136
392.316 204.196
361.962 283.213
6.902 72.899
359.534 222.376
283.314 108.089
309.674 47.792
294.825 482.995
490.170 20.233
222.609 459.879
4.574 241.756
297.617 466.961
397.883 257.406
126.100 177.079
104.171 164.362
430.245 173.666
469.530 466.516
346.848 197.272
172.002 405.229
345.654 351.923
297.798 493.003
343.998 172.677
409.196 365.835
47.145 8.123
138.087 127.143
75.712 312.430
428.538 270.009
103.554 330.563
470.364 359.624
408.882 252.380
272.367 178.175
205.350 234.076
468.754 133.677
148.583 208.393
447.447 36.424
329.075 19.857
356.591 83.018
349.421 83.775
444.859 100.075
63.192 138.974
368.132 409.758
173.784 394.513
325.648 464.866
349.568 135.326
188.412 219.966
117.728 97.668
363.690 205.174
360.176 250.179
101.377 417.401
61.579 203.697
255.408 121.064
318.359 394.306
404.295 265.352
56.652 259.782
411.383 300.052
162.100 18.160
52.771 390.824
340.507 309.643
279.411 67.950
212.886 201.523
377.084 281.352
436.418 446.034
53.043 8.062
495.917 66.677
158.717 91.535
270.982 486.509
479.517 324.171
494.685 137.145
29.058 401.781
412.344 347.633
296.308 74.615
200.919 294.425
468.891 277.201
340.398 180.943
250.690 103.331
311.459 458.155
43.143 50.652
130.243 392.569
462.617 38.143
248.839 0.709
287.980 117.468
130.069 313.200
269.298 304.770
484.721 319.022
30.417 497.105
445.247 269.850
431.685 56.738
457.433 44.749
26.142 84.967
458.850 91.289
334.378 100.273
389.814 442.993
374.488 496.547
381.855 196.157
199.349 303.818
338.470 131.533
291.569 148.595
230.763 478.577
479.560 32.668
177.749 454.895
8.791 45.264
73.486 164.604
53.288 349.395
372.694 303.805
455.449 284.664
445.093 493.688
348.979 87.853
352.811 367.283
79.816 247.342
440.216 484.990
117.774 116.432
367.240 347.613
22.776 433.894
50.557 353.671
141.730 265.090
168.046 451.057
493.295 84.293
199.856 119.031
7.026 268.850
71.949 491.433
153.566 409.041
103.186 7.695
17.059 46.387
100.905 484.402
119.699 139.589
254.605 208.404
312.324 95.549
310.800 98.021
199.506 9.713
214.498 331.508
126.157 208.335
312.168 260.913
349.196 401.870
188.354 364.134
457.467 157.251
326.067 162.787
497.618 193.301
14.099 415.334
209.726 173.348
434.239 314.326
97.134 346.402
334.867 494.964
361.706 444.798
134.683 416.344
127.750 259.354
445.099 301.969
250.014 419.657
465.128 326.788
402.607 1.753
489.338 395.605
360.794 95.240
46.235 398.722
112.644 311.593
140.308 397.983
357.886 150.737
471.200 11.616
109.498 368.714
408.848 87.272
124.021 382.240
295.422 289.243
241.168 435.432
122.377 482.169
389.793 394.364
207.982 322.519
230.647 397.359
468.090 12.793
225.050 244.613
226.257 397.539
69.820 387.776
341.852 192.132
423.101 18.266
239.782 196.613
54.081 61.927
259.867 138.030
148.339 183.297
272.059 103.706
39.179 402.832
282.097 316.275
254.579 466.502
43.126 315.735
476.745 295.877
346.044 282.791
481.757 227.299
211.485 284.774
147.974 315.553
196.767 429.523
128.329 102.432
15.732 85.212
263.984 55.056
344.531 180.414
163.272 384.139
427.902 97.949
453.930 483.899
334.355 276.815
9.393 268.484
396.958 57.942
73.482 371.903
58.643 142.858
211.167 344.818
276.700 412.197
446.981 179.638
398.822 123.646
112.875 311.144
246.930 390.685
441.482 2.788
191.330 240.263
198.100 492.824
105.589 8.832
293.558 47.023
150.020 123.943
494.753 85.472
210.861 52.352
361.773 194.014
448.879 384.270
22.999 401.707
384.135 454.317
424.875 397.906
396.299 165.777
337.841 174.490
353.398 409.078
248.479 80.359
337.551 434.804
25.845 148.069
413.972 411.450
414.735 338.802
67.730 300.132
55.132 201.735
92.753 238.184
294.768 481.347
94.917 492.437
428.981 210.919
463.599 309.932
197.121 91.286
302.641 235.670
212.234 449.169
359.062 260.787
220.761 437.431
130.194 288.071
23.563 456.002
5.000 485.829
169.602 357.026
381.299 317.229
85.865 257.275
286.087 60.367
414.864 477.707
447.742 443.257
327.016 212.591
214.491 337.457
167.679 240.433
298.600 159.307
446.328 36.709
310.556 305.334
275.944 224.220
325.829 60.341
383.884 178.655
86.665 434.070
282.990 73.358
479.963 189.079
83.578 307.150
301.576 446.536
413.184 448.233
88.033 311.673
244.286 386.170
379.773 257.548
150.065 8.549
404.768 60.519
346.277 142.352
247.089 121.531
120.045 117.915
382.392 137.981
302.950 60.888
74.679 115.942
86.998 92.269
245.308 407.154
255.151 328.250
434.208 70.613
344.780 241.166
371.122 395.244
228.334 217.316
36.022 418.286
309.059 212.683
459.071 15.847
198.404 131.225
479.437 444.046
239.342 375.147
89.819 387.573
435.025 214.926
58.236 152.885
447.920 70.786
482.339 110.913
182.211 213.375
485.180 72.897
426.259 54.936
249.488 336.917
490.592 327.846
425.372 78.327
153.769 73.240
392.582 200.410
1.516 459.613
402.297 470.735
465.739 121.797
68.036 17.161
460.920 104.123
462.420 73.328
250.471 318.947
96.709 484.623
18.609 331.973
219.670 138.429
453.432 16.906
493.754 4.674
270.287 123.518
472.914 60.988
481.390 60.736
89.419 57.555
481.497 108.078
86.733 193.563
64.897 391.212
154.370 63.654
347.893 467.565
45.662 263.582
476.846 88.904
365.459 346.291
192.626 454.661
321.808 199.378
41.583 486.511
499.153 415.350
420.987 262.516
342.160 367.124
192.830 479.603
411.060 98.063
42.676 448.324
74.173 77.592
233.051 222.354
2.023 303.089
174.041 225.873
351.356 172.674
249.355 123.911
171.357 294.443
135.383 204.238
177.463 193.018
123.388 130.259
272.137 407.983
145.760 285.748
332.856 487.504
339.994 160.366
111.205 57.830
124.631 74.554
464.114 18.214
13.311 67.624
388.144 9.573
400.187 444.381
151.701 341.492
345.731 254.463
323.074 454.867
389.157 12.022
499.444 452.204
417.393 193.197
102.601 132.246
139.228 493.292
156.987 370.735
213.581 95.218
214.633 206.533
195.830 151.308
28.435 62.733
312.803 485.404
395.603 319.983
118.859 107.515
45.578 325.895
176.881 424.752
307.362 260.527
87.660 112.527
440.632 376.837
300.540 261.302
482.752 189.511
422.682 268.345
447.310 340.449
163.589 340.644
73.960 366.463
311.913 135.221
493.370 27.080
138.352 300.430
334.535 105.791
67.455 204.144
199.688 480.732
25.179 364.544
341.157 433.904
183.034 58.207
301.687 363.899
273.021 207.876
280.060 116.335
429.840 215.214
326.827 354.217
172.577 345.156
312.711 467.787
107.274 154.713
477.507 405.326
109.471 122.915
211.891 225.681
49.555 189.947
61.383 95.760
420.635 424.760
159.633 145.841
310.328 132.908
352.488 17.472
463.147 277.678
415.985 262.088
67.887 333.016
91.920 215.364
224.071 171.730
262.303 281.498
147.533 30.714
297.699 4.598
57.656 307.019
33.744 308.790
97.517 148.863
341.426 125.130
490.713 267.345
103.261 36.796
369.153 366.247
463.461 465.205
478.499 245.796
316.051 485.989
396.253 206.106
291.913 499.602
151.413 208.750
26.987 341.180
173.182 336.449
361.523 278.447
492.486 181.383
36.770 166.045
464.769 72.185
83.255 491.375
393.087 30.970
301.899 44.132
74.975 112.792
110.975 125.713
258.570 242.934
240.129 361.048
457.346 259.663
244.152 57.463
277.324 379.903
27.842 438.727
336.608 467.284
362.069 281.880
24.375 168.214
333.349 465.404
286.094 381.415
230.586 232.162
335.912 267.650
378.545 35.400
222.342 14.837
152.223 300.571
209.781 136.925
78.815 79.015
265.758 84.084
256.873 58.185
462.631 487.044
162.227 241.150
93.208 458.485
296.656 308.882
85.679 345.237
318.476 39.805
247.621 191.437
236.888 308.562
18.169 453.524
127.389 66.501
474.182 359.605
164.898 167.911
428.417 481.284
479.349 70.144
17.940 441.744
83.607 379.540
350.377 365.596
36.164 483.674
138.531 64.226
305.259 100.943
344.358 328.538
4.085 81.223
324.910 87.091
273.856 162.788
389.083 39.395
225.401 182.135
232.163 430.699
213.864 386.400
92.328 89.999
332.639 483.179
145.694 291.017
109.549 119.360
422.745 308.265
209.886 45.346
6.062 321.396
7.224 352.909
209.522 359.082
209.202 401.207
192.755 462.130
393.787 421.271
23.765 414.322
244.557 402.802
16.585 258.973
71.017 168.991
365.013 233.034
270.726 404.074
392.772 352.712
84.111 235.017
224.016 103.141
385.060 232.154
47.086 21.361
388.310 41.100
347.449 342.977
217.152 213.942
147.335 147.223
478.179 130.153
51.652 476.982
233.412 109.003
335.298 138.872
318.974 309.665
186.137 273.696
179.782 467.739
304.605 197.491
384.291 485.946
413.488 55.695
297.885 411.370
173.844 41.135
261.087 264.285
152.710 116.245
256.037 250.691
425.368 446.006
82.939 42.569
74.279 178.398
302.168 469.083
486.282 369.361
175.750 45.446
375.442 205.794
376.664 56.886
449.058 309.573
213.815 169.565
374.400 384.197
427.324 28.817
476.904 329.634
198.422 50.842
198.230 240.895
455.421 362.509
50.774 460.673
216.420 80.397
498.330 325.828
31.223 43.524
412.058 425.188
69.052 326.133
78.053 237.032
416.423 195.948
168.276 276.804
419.767 193.318
450.060 391.988
445.217 55.661
35.904 82.056
394.291 35.574
