278.779 220.527
358.148 85.513
204.095 5.850
113.476 306.569
47.346 133.737
153.260 487.148
36.019 92.850
466.535 411.157
345.782 366.066
84.929 344.690
364.482 84.298
368.310 242.919
27.526 69.723
173.249 104.282
425.446 69.144
114.848 378.310
218.162 187.617
488.910 91.239
320.530 419.560
255.010 123.461
247.868 224.003
435.645 486.467
24.464 458.574
404.397 90.513
304.079 233.958
270.290 333.444
246.480 445.930
89.971 19.399
277.424 144.098
490.318 123.948
121.918 71.249
349.738 351.401
17.034 120.671
4.342 3.328
48.122 227.918
387.711 22.862
171.353 49.871
450.939 296.765
456.771 451.958
131.473 244.624
303.104 445.372
39.143 75.163
458.448 116.020
450.496 475.189
333.446 85.332
487.575 416.221
67.575 313.717
435.504 115.417
319.632 438.312
49.989 483.607
52.951 50.921
397.963 215.669
154.123 302.103
69.323 158.044
216.439 197.505
114.176 409.613
382.018 97.640
107.361 80.050
470.756 350.529
343.743 387.431
44.103 124.723
7.777 120.682
16.263 143.870
242.139 99.096
354.443 317.641
282.172 400.152
282.423 18.430
267.991 486.598
95.132 10.166
29.372 465.319
389.659 79.999
230.977 233.628
162.605 388.873
279.029 187.420
359.952 99.399
257.381 33.776
381.559 411.135
85.179 61.674
485.210 172.676
72.310 361.361
491.698 465.498
254.451 278.393
229.697 259.399
332.573 55.517
405.962 218.516
315.206 144.106
177.179 173.609
445.626 352.008
456.619 97.011
430.309 367.228
7.542 261.027
243.509 54.325
29.046 47.224
73.745 462.513
279.858 493.859
73.657 4.536
405.601 89.731
81.823 377.384
294.484 310.271
408.379 232.865
201.700 475.689
179.441 370.365
201.520 104.108
428.277 326.691
308.017 120.094
150.191 142.085
384.004 109.832
159.623 86.279
192.300 328.691
109.841 18.007
183.267 104.875
214.326 76.284
351.940 106.277
387.480 463.103
46.313 122.448
470.909 261.181
387.670 308.667
230.850 382.556
68.432 486.871
349.333 68.064
252.433 159.483
86.036 24.734
43.888 160.262
405.503 101.665
214.345 21.996
275.036 119.353
126.291 50.910
146.132 328.247
223.801 475.950
247.229 374.454
373.388 3.000
470.522 80.698
487.013 97.213
166.533 111.953
217.309 122.741
151.291 376.317
94.239 452.385
23.461 328.038
465.517 429.221
314.985 50.736
375.240 152.594
432.063 210.415
48.069 344.587
416.623 90.968
231.902 462.113
480.891 354.888
198.835 470.501
266.805 134.605
90.470 295.702
90.407 278.095
172.304 413.327
332.432 325.159
194.416 259.376
264.507 438.031
230.407 190.760
84.142 302.175
307.498 188.958
196.350 149.037
145.044 29.070
416.829 93.641
284.634 200.763
282.535 28.857
165.036 331.470
498.126 15.598
92.438 332.724
225.713 448.796
295.240 499.835
394.625 476.686
307.314 215.977
268.983 237.709
100.268 42.949
461.727 460.369
398.336 197.658
253.465 329.308
349.347 41.192
84.087 286.338
421.051 192.684
407.706 370.228
137.980 361.390
370.474 469.356
239.998 79.090
225.553 373.017
474.128 445.012
42.681 158.410
469.249 297.778
477.589 99.283
159.729 462.781
278.490 408.497
218.401 249.885
211.059 50.285
417.426 21.665
126.272 255.555
150.029 100.615
2.622 440.026
355.374 377.738
463.814 418.126
224.588 90.269
378.286 60.423
364.199 258.582
387.964 222.292
143.467 462.955
330.731 462.929
249.505 404.408
273.993 406.090
47.722 29.759
337.392 178.827
395.465 77.182
167.950 422.709
450.599 449.726
490.570 89.530
349.826 316.987
243.287 210.044
390.812 224.153
112.479 181.632
405.694 168.480
220.365 4.777
185.357 469.082
353.608 403.669
281.863 102.840
478.524 216.061
277.498 96.551
180.569 86.341
190.296 404.443
379.441 117.422
221.343 369.199
214.068 13.672
186.576 124.596
347.007 208.856
485.422 403.097
463.736 198.367
10.031 388.712
151.366 332.872
426.349 252.482
154.678 44.229
121.304 392.616
115.506 42.943
242.795 305.995
380.133 17.073
432.784 60.924
66.287 227.763
417.333 440.430
417.859 208.794
488.545 166.656
232.081 233.718
311.731 223.268
260.230 497.105
203.813 13.685
405.456 104.795
36.114 433.625
223.127 75.724
318.921 446.336
332.254 310.814
257.352 322.517
365.533 224.378
132.500 448.046
197.304 90.927
321.224 35.841
251.468 425.833
90.830 121.428
11.446 474.722
208.111 419.697
78.565 361.640
337.519 45.366
186.619 379.243
347.254 460.054
226.263 14.032
137.491 312.823
277.715 156.651
386.213 269.879
221.860 127.447
387.342 265.010
367.118 139.848
44.402 246.046
373.975 144.750
468.459 310.265
76.787 313.136
180.902 283.143
477.563 368.432
59.476 126.840
457.622 322.820
23.407 83.001
368.960 8.236
385.562 326.434
17.605 314.555
98.900 29.970
447.740 497.280
398.518 207.113
63.034 6.125
38.460 425.713
419.348 366.451
350.829 221.779
110.531 359.274
342.202 364.970
83.519 17.577
484.373 52.487
118.309 175.775
115.001 105.709
487.491 148.091
480.651 330.594
163.901 165.900
290.906 308.439
310.158 368.275
79.660 278.561
320.507 386.018
289.488 347.763
27.363 332.491
18.416 483.405
475.704 3.344
232.036 480.080
232.096 487.954
85.721 294.991
426.049 76.050
211.734 222.338
250.361 226.773
390.069 412.127
22.500 439.443
335.186 495.358
221.917 232.533
110.596 75.209
178.554 363.027
276.058 331.419
445.490 129.682
183.896 443.227
433.138 326.035
224.756 71.392
258.234 448.259
70.241 282.298
388.578 346.701
340.677 410.108
129.745 481.854
176.669 494.685
473.189 300.360
488.599 289.802
64.451 82.118
14.142 471.439
244.113 392.593
367.728 465.784
414.307 146.133
274.856 210.436
320.923 203.758
51.815 253.299
181.255 311.489
103.435 472.223
251.400 10.921
465.869 281.202
420.574 55.066
369.358 422.682
324.303 177.686
426.960 11.450
22.747 458.679
312.222 411.318
159.958 469.367
82.017 370.709
166.687 210.768
451.677 297.508
455.699 402.526
15.133 198.249
251.301 82.855
413.960 386.935
370.987 199.235
119.149 293.493
177.961 7.171
16.128 487.892
308.076 237.010
218.959 71.195
92.838 35.887
397.101 39.881
298.579 375.398
139.847 146.644
50.094 321.212
7.720 49.990
222.644 409.244
382.108 149.786
4.942 231.653
472.557 341.268
71.501 487.233
141.491 377.404
3.617 1.190
287.304 357.220
431.761 144.032
99.655 120.018
32.128 432.234
408.646 163.402
453.588 373.748
24.246 380.950
69.878 93.321
234.613 73.781
426.062 451.452
250.669 160.204
27.507 100.468
457.390 317.643
443.706 55.947
341.111 221.536
346.214 287.785
125.415 97.459
379.111 253.676
329.938 192.277
268.829 133.984
318.565 435.692
401.790 433.399
417.225 421.416
391.069 327.005
130.741 409.689
90.767 249.619
204.247 468.266
118.972 319.694
52.478 195.508
195.652 200.259
322.668 138.426
400.606 185.206
219.954 17.739
90.387 177.073
365.355 445.663
465.498 262.433
90.683 242.781
444.391 65.448
74.036 172.418
436.738 47.512
198.228 453.832
19.704 72.547
202.280 76.874
412.683 256.607
111.104 334.951
254.343 373.518
94.406 438.650
423.758 16.260
425.949 423.837
21.259 53.681
309.577 13.030
329.554 439.475
484.866 196.620
336.184 259.119
481.845 226.470
385.634 424.971
297.554 260.833
311.065 251.207
371.237 222.159
352.541 432.599
367.776 233.037
28.012 192.732
253.256 5.285
186.607 223.678
452.850 62.082
142.199 438.163
398.848 162.288
222.007 86.290
269.247 292.280
350.015 159.560
411.490 258.646
443.172 290.330
165.160 464.368
149.172 131.022
473.759 365.721
153.994 453.700
25.580 16.677
270.282 300.749
410.841 79.703
227.680 215.976
407.060 46.330
407.320 451.288
414.317 422.677
381.536 144.237
474.212 247.277
220.621 166.167
197.809 432.448
13.660 193.446
454.897 272.246
41.218 475.669
260.591 452.931
123.050 430.609
319.692 59.437
450.455 57.233
121.069 114.221
393.406 212.649
123.827 237.670
193.104 235.632
454.237 26.971
424.565 154.241
118.906 159.307
377.981 384.232
182.029 135.086
217.724 415.136
424.583 186.966
168.547 321.758
237.508 148.560
250.446 405.573
371.467 499.199
166.788 326.475
129.163 2.680
422.152 47.558
302.994 383.975
70.072 486.975
92.465 112.293
232.946 78.486
158.497 113.768
478.700 70.436
204.212 276.631
291.193 361.089
195.682 302.535
200.905 157.217
293.708 40.166
227.643 168.344
221.695 465.586
342.479 380.659
17.391 276.988
109.799 337.630
344.966 220.006
188.425 433.264
170.917 155.919
153.221 326.074
342.458 345.207
199.365 313.569
323.590 118.918
44.002 154.268
461.074 134.366
486.283 148.320
171.554 303.995
51.665 168.960
224.690 420.843
125.484 87.457
378.658 40.526
339.782 99.574
313.715 122.922
100.463 304.474
108.597 17.256
177.762 492.010
5.779 246.200
43.137 438.785
155.102 118.050
496.822 497.250
347.309 340.018
391.314 248.273
170.068 95.115
379.270 198.469
239.475 386.343
218.668 188.608
448.671 488.525
438.972 128.568
20.998 381.396
96.508 231.143
331.333 257.182
376.376 472.258
370.622 347.482
277.415 55.723
204.626 17.415
439.679 459.176
492.611 114.141
146.932 445.177
128.280 151.508
121.133 361.701
287.073 408.374
405.781 108.976
247.209 287.341
153.108 397.741
210.972 403.476
225.063 45.375
311.567 128.856
287.703 461.314
147.586 317.761
443.404 59.244
171.336 58.535
12.006 271.647
453.265 214.964
6.916 217.575
426.113 91.187
124.823 471.697
276.954 69.636
1.878 236.843
399.924 155.250
379.421 150.719
35.500 146.284
227.952 23.930
19.637 258.327
337.739 309.164
267.474 296.603
307.566 488.950
350.627 33.359
367.215 408.464
352.256 62.250
490.715 48.890
203.596 412.566
177.175 89.305
252.008 254.986
384.982 402.287
146.261 326.586
293.880 89.117
392.223 154.107
52.647 154.432
190.476 364.453
399.267 225.824
273.003 42.943
258.673 404.070
321.002 152.059
311.640 161.888
238.569 227.707
416.488 244.108
184.225 321.800
134.034 332.294
438.976 374.221
220.155 343.424
264.809 206.805
25.634 338.711
396.402 166.234
218.373 156.499
232.311 184.791
244.359 353.933
366.254 385.993
361.876 460.321
60.525 381.813
201.985 139.111
424.985 242.832
320.683 236.305
181.772 120.447
279.674 210.625
303.853 419.338
182.112 340.665
201.969 133.472
458.930 235.165
177.784 312.292
364.710 310.293
162.106 264.423
260.466 403.829
458.608 136.999
447.396 401.039
426.195 240.621
