434.709 138.646
78.783 380.563
115.685 357.692
309.338 297.665
207.297 247.515
176.331 412.309
340.821 206.538
384.312 350.432
148.631 6.186
36.533 277.886
459.491 52.056
86.964 226.970
342.691 338.706
156.632 444.042
431.734 391.290
490.343 43.193
161.762 224.995
294.439 153.138
131.157 23.357
74.224 303.909
387.961 482.801
57.307 85.905
217.273 222.614
135.214 316.901
43.049 22.460
183.831 31.685
31.290 266.951
353.074 437.424
427.385 80.986
479.250 275.110
46.149 434.665
0.322 461.603
1.355 206.876
168.641 361.167
195.488 37.349
389.093 416.259
332.759 456.695
441.902 373.887
73.142 401.167
428.396 182.184
120.561 25.995
292.647 330.169
48.970 380.219
364.271 464.960
124.051 11.934
308.052 226.607
69.873 409.495
312.575 309.475
229.795 311.469
176.828 188.991
262.346 103.321
487.104 44.339
302.219 382.661
87.911 257.382
184.637 359.018
158.755 171.442
8.516 181.396
145.308 436.409
92.960 27.497
101.960 283.140
156.621 391.146
7.507 220.734
164.172 60.648
177.677 119.993
264.026 429.435
288.663 223.834
38.855 21.665
207.989 93.395
182.506 477.850
9.731 132.592
292.809 166.656
340.807 456.324
181.037 184.113
100.668 213.893
77.566 106.516
354.182 410.662
392.529 366.885
2.077 389.624
442.162 208.723
45.578 290.742
104.076 487.907
260.491 39.102
175.354 309.477
473.657 289.992
191.663 370.666
81.917 343.376
121.986 246.267
197.307 77.796
267.291 66.687
401.496 23.265
157.279 130.488
228.128 491.904
480.310 483.472
228.824 440.462
295.848 282.398
433.387 146.442
138.069 23.605
322.531 13.261
303.479 135.111
384.530 223.481
438.197 74.588
347.470 252.413
136.131 102.703
95.423 422.356
46.432 336.714
456.128 391.585
332.203 424.804
301.893 99.007
111.404 187.001
470.702 181.757
67.469 372.449
112.468 340.382
366.905 464.931
10.818 106.108
193.777 8.758
235.756 185.496
430.694 406.286
250.683 134.177
296.822 255.517
403.428 455.947
225.259 447.601
438.854 433.776
219.777 409.398
466.907 448.428
333.834 84.641
405.774 272.426
415.665 146.854
300.169 310.324
281.462 270.201
368.177 22.970
389.950 61.686
246.740 253.198
76.291 374.878
370.611 308.194
101.192 436.750
104.973 17.159
477.702 385.557
299.661 167.557
321.402 42.791
100.572 289.695
228.352 414.903
231.527 231.654
252.382 106.769
24.457 37.311
195.670 474.313
410.592 251.533
435.224 54.174
330.339 28.775
215.489 454.272
476.565 354.206
377.865 443.970
348.895 151.169
392.298 92.020
152.371 289.030
412.683 129.746
208.770 38.620
372.959 266.718
159.115 458.244
145.481 278.853
391.756 298.707
71.791 246.931
70.604 27.532
481.862 440.835
244.335 231.253
302.579 226.301
416.680 408.095
170.009 24.187
188.854 6.613
350.999 351.347
314.223 156.228
419.365 88.226
348.665 388.855
325.994 445.456
247.952 401.564
108.868 213.867
352.571 304.214
194.889 158.425
462.230 186.227
219.425 285.591
386.438 19.004
117.801 72.548
224.671 473.290
74.270 168.566
93.524 89.142
144.432 33.500
69.464 221.136
64.491 119.559
189.172 419.099
330.281 12.843
112.427 2.624
124.117 188.598
208.519 181.327
94.935 483.979
383.523 205.912
235.078 201.981
356.741 352.863
390.828 179.464
392.381 395.065
315.192 363.052
276.627 413.371
139.080 289.036
326.610 169.497
309.080 475.564
395.831 312.325
227.505 255.577
405.719 62.856
104.204 76.677
148.044 304.925
366.659 227.485
493.551 429.773
392.699 390.954
277.482 220.872
124.032 303.717
491.593 429.576
410.141 481.878
255.436 422.111
95.663 362.466
162.286 482.284
438.758 164.305
134.118 20.149
203.393 287.216
428.483 43.223
462.535 458.324
361.341 116.836
497.690 58.218
256.389 73.959
119.656 182.934
41.827 197.177
134.208 183.229
172.601 13.801
479.781 458.152
110.155 366.280
329.148 18.285
115.201 256.733
67.128 311.558
468.146 42.935
118.023 66.019
365.299 321.859
95.658 433.376
491.941 3.234
179.806 84.388
337.766 82.948
314.513 461.703
417.050 252.359
418.572 349.319
415.638 51.336
309.657 85.023
473.841 119.768
231.435 242.363
104.042 14.268
305.423 192.278
100.730 137.360
119.348 469.421
63.947 39.139
3.816 268.810
490.237 33.970
468.527 450.987
275.463 278.808
378.318 275.033
364.366 65.518
25.272 135.175
88.808 321.439
134.502 153.280
401.961 81.842
93.809 74.531
188.674 457.131
72.059 28.889
9.492 472.219
403.700 261.297
196.692 370.636
462.434 355.924
321.364 41.956
60.787 172.658
135.886 338.825
468.468 189.484
264.286 319.765
1.646 357.271
77.148 144.323
437.217 495.475
63.727 10.283
128.531 445.576
301.247 203.293
5.043 8.884
441.611 235.830
173.572 87.261
130.511 337.812
83.986 72.583
42.785 125.116
473.113 42.386
373.940 497.246
499.197 164.510
86.627 250.150
21.871 114.423
199.768 335.861
214.824 418.535
435.535 30.595
179.119 228.881
225.772 250.002
149.996 288.153
206.116 193.191
72.031 182.093
326.254 340.081
77.560 282.795
155.395 245.615
390.184 221.880
465.353 133.022
430.043 258.719
338.948 426.908
60.079 82.646
452.594 314.603
292.762 227.392
454.237 303.566
233.308 403.446
396.589 184.172
481.784 20.755
374.917 151.367
26.635 242.729
151.923 234.712
306.605 247.984
188.047 173.441
179.510 218.592
482.667 117.029
445.250 442.880
283.730 274.128
51.206 36.318
401.908 120.791
372.111 94.844
276.347 140.251
134.137 147.975
232.162 283.725
387.306 267.939
488.659 78.599
90.778 17.201
195.885 96.155
437.857 27.615
318.603 334.127
307.738 82.913
174.355 435.391
334.443 496.256
237.530 185.390
328.348 402.509
18.698 345.123
338.330 116.082
399.654 207.817
78.532 170.101
246.722 411.823
417.876 335.942
159.974 91.292
462.170 160.901
377.796 195.924
272.125 331.147
140.850 16.327
165.862 110.785
431.412 308.592
303.110 491.827
181.023 283.077
124.346 244.620
52.755 28.346
198.956 158.793
346.429 99.920
32.371 59.094
4.427 61.402
136.045 183.420
47.328 147.577
407.523 0.491
454.675 378.942
171.607 68.166
431.297 18.354
199.934 408.168
206.038 350.400
406.269 372.047
266.353 169.510
68.127 201.386
117.094 400.645
459.209 195.536
69.271 424.730
236.415 430.663
294.150 69.479
87.808 55.511
58.173 158.277
408.499 99.303
266.773 12.179
9.108 230.995
484.139 135.190
393.208 39.454
126.361 137.915
201.633 347.746
137.938 276.088
424.533 78.214
73.964 427.682
207.115 499.381
124.298 264.113
339.834 421.409
429.606 126.537
478.632 118.177
97.484 350.856
77.342 168.082
274.358 349.187
310.012 41.904
369.012 16.246
292.232 154.430
68.549 145.742
423.908 454.498
49.319 134.796
317.164 175.336
490.429 422.541
452.291 161.449
479.744 277.988
400.143 250.468
375.380 405.233
54.201 460.069
394.002 178.052
6.412 375.595
102.273 113.609
368.762 405.302
341.477 249.420
162.881 57.396
217.965 84.905
181.277 345.966
31.514 217.996
173.846 337.044
175.454 418.164
313.286 311.674
94.542 209.553
276.465 58.630
253.371 157.427
269.451 138.012
284.677 499.381
49.189 80.856
10.558 82.078
110.753 92.889
289.702 371.626
175.439 72.631
259.045 247.250
284.365 409.297
147.049 129.415
434.993 488.593
240.065 42.231
381.731 418.260
47.849 168.911
79.170 337.014
405.041 281.634
246.745 452.494
397.798 392.041
155.541 306.688
291.800 220.984
464.297 447.595
205.918 249.939
29.768 231.047
416.844 222.819
60.499 112.606
406.496 8.328
493.991 18.025
79.005 63.506
247.648 380.589
319.476 397.242
282.730 126.894
497.575 120.602
133.669 132.349
421.456 448.264
481.141 61.927
172.866 161.065
92.424 464.036
281.265 273.818
115.203 16.015
404.018 34.950
309.811 217.227
112.580 468.085
34.079 390.589
192.991 410.788
488.684 339.432
125.271 8.602
428.640 119.461
345.230 436.050
312.036 412.398
33.630 328.350
1.607 18.629
158.869 125.566
195.702 256.564
247.920 10.533
37.793 129.780
477.328 145.295
86.621 280.970
388.543 51.529
402.510 232.537
200.398 316.666
52.862 422.180
414.664 314.982
218.357 67.284
103.648 372.002
133.336 272.867
268.545 93.794
365.332 468.813
408.100 193.639
482.509 486.848
111.490 263.424
195.714 162.779
113.830 317.811
34.892 21.729
273.368 193.650
377.928 270.405
94.164 85.551
392.968 416.997
199.761 183.722
194.822 331.172
145.968 241.026
421.346 205.841
23.915 19.624
319.235 256.751
333.053 27.375
247.993 93.519
112.759 334.655
80.592 265.717
120.352 312.603
477.660 39.271
289.468 0.877
236.219 422.736
35.343 252.429
172.609 400.368
134.452 278.082
485.259 10.771
117.788 57.319
307.073 454.844
250.569 288.140
184.245 336.722
138.029 84.712
216.753 296.718
305.113 120.781
32.905 400.160
291.954 288.063
484.648 135.405
318.223 163.958
145.351 88.998
397.822 498.675
220.603 328.768
73.954 249.814
24.490 434.233
473.405 179.667
223.494 383.483
252.889 484.877
287.530 150.137
98.098 415.377
101.734 30.634
210.991 345.969
207.583 437.319
485.712 392.369
273.561 211.612
238.019 56.384
220.827 29.718
204.402 418.901
335.900 422.472
367.624 110.340
237.587 54.531
88.360 140.130
208.029 464.356
234.171 149.232
362.717 484.347
141.415 335.068
487.504 23.661
425.868 114.806
46.605 37.484
147.906 421.966
181.511 303.974
26.073 262.098
371.088 396.639
317.508 470.626
445.422 274.187
492.526 405.029
170.482 234.693
402.240 377.494
174.260 437.133
113.132 34.081
41.389 37.233
298.818 53.878
290.782 332.450
478.595 416.959
411.953 310.353
219.639 475.053
155.281 134.970
295.240 424.297
223.666 494.683
295.435 474.685
235.198 71.762
131.179 145.424
481.118 373.509
299.058 225.670
335.675 260.841
379.906 250.031
175.885 491.375
104.804 248.705
141.941 473.701
213.363 74.089
324.078 150.585
40.388 433.927
51.893 271.529
357.068 157.517
253.097 66.275
438.431 384.918
137.131 39.041
66.491 498.787
362.033 403.442
258.252 376.311
145.186 186.015
109.214 121.191
436.800 164.068
230.358 79.676
121.358 102.785
384.663 256.644
268.500 139.420
109.609 17.650
341.327 112.175
333.173 36.975
293.805 242.791
211.385 410.966
13.650 260.768
382.818 316.600
398.378 198.577
301.717 390.814
290.986 43.809
122.073 12.322
239.163 27.629
424.250 473.481
221.465 4.959
86.742 47.333
410.322 206.256
