209.037 360.002
36.704 86.579
482.492 321.145
227.052 448.219
30.274 241.951
457.136 247.922
130.379 481.504
81.268 409.524
349.624 142.024
308.413 368.412
478.243 388.444
311.872 16.143
231.211 342.918
304.702 481.667
236.134 427.736
227.712 373.933
424.874 169.323
13.653 426.991
289.667 163.085
24.471 56.769
46.849 359.295
11.707 217.369
473.669 36.740
221.963 153.659
113.810 164.493
342.958 458.496
336.394 240.441
452.185 318.306
228.016 457.675
21.261 468.988
455.248 65.409
231.686 5.824
241.969 215.241
447.252 93.851
211.438 470.474
130.856 415.569
37.614 345.495
283.534 102.833
431.452 416.362
54.587 3.540
459.037 386.274
175.829 195.143
151.806 98.551
488.516 364.812
35.566 12.272
401.900 96.435
334.163 312.306
76.485 322.327
131.016 265.210
253.985 72.304
344.435 483.370
204.654 425.258
477.671 196.009
360.988 161.730
242.648 463.321
34.951 460.050
193.105 78.592
313.411 167.900
467.311 332.870
133.442 84.051
202.742 119.505
152.396 20.688
90.140 93.986
286.874 43.154
287.102 426.024
91.196 491.146
61.646 290.109
362.624 87.092
101.261 25.566
367.521 274.798
25.415 91.915
307.540 193.281
426.780 168.087
439.914 170.996
102.020 463.717
322.358 224.016
452.091 51.372
328.589 437.616
190.512 269.130
145.264 174.810
298.640 67.778
98.539 86.228
174.352 420.044
337.874 269.375
152.596 120.579
328.481 375.788
407.761 261.933
345.645 95.964
76.109 259.525
13.682 375.025
389.912 197.245
494.794 114.251
291.272 327.779
409.315 157.419
317.645 498.229
470.656 399.436
264.687 436.735
344.935 395.126
51.548 274.817
180.758 344.951
288.536 329.796
498.306 393.999
412.834 35.214
444.636 299.901
304.277 455.248
209.536 108.897
79.841 110.324
485.387 27.120
241.345 489.280
233.321 329.385
296.827 449.125
142.314 124.230
154.466 54.441
418.764 492.899
474.403 330.802
213.507 81.671
60.299 466.428
279.321 341.491
443.715 225.605
368.935 41.510
322.791 407.021
483.922 263.597
140.980 52.542
397.452 185.392
358.717 293.575
107.362 207.582
17.153 128.714
311.276 322.223
115.034 339.147
470.205 473.020
68.494 97.650
388.623 213.982
24.183 252.816
261.309 46.058
129.441 437.287
124.756 116.148
98.874 127.650
439.025 208.661
190.838 397.184
418.735 390.414
182.057 10.575
436.766 123.547
221.257 89.766
226.099 376.805
38.641 417.364
453.745 495.758
69.907 350.796
337.915 489.658
424.546 166.939
327.079 266.289
270.837 430.508
179.763 333.218
267.262 332.444
373.637 135.207
76.268 362.347
119.099 191.530
236.688 279.612
294.360 339.464
73.413 381.830
257.494 488.901
285.275 469.962
191.430 177.266
224.454 167.152
404.551 397.114
433.417 322.233
203.606 120.556
14.511 228.069
398.825 352.859
484.924 167.224
418.100 265.118
345.287 264.664
213.284 132.374
348.378 467.016
157.592 235.392
135.879 145.062
417.253 71.209
185.461 77.774
38.371 386.549
291.602 499.935
374.333 449.172
240.315 34.615
238.864 412.162
357.510 326.660
371.833 456.464
133.942 167.070
117.651 325.242
433.925 101.853
172.035 134.583
42.387 4.234
99.098 388.268
56.035 299.412
47.724 323.877
217.024 489.960
246.921 259.580
71.310 63.312
112.899 377.114
248.336 305.376
237.731 244.457
460.236 345.389
57.743 92.100
96.357 246.422
395.466 28.749
236.092 67.687
65.943 434.932
279.340 474.577
135.317 372.044
248.129 441.645
419.680 16.487
123.844 125.083
344.708 12.351
326.934 178.577
466.618 324.244
416.970 396.614
390.551 397.009
65.790 64.907
125.761 9.165
423.778 209.349
424.018 110.626
402.603 290.900
497.009 347.065
194.755 354.324
77.289 116.593
437.797 262.635
20.094 69.575
295.839 313.161
227.338 128.681
475.570 66.896
276.543 239.843
257.310 161.204
351.450 335.861
289.556 442.714
59.878 474.133
315.207 243.195
218.761 60.905
169.140 265.031
78.855 402.027
496.102 344.566
265.185 400.320
187.516 283.748
397.822 193.314
219.213 186.575
366.518 214.474
287.175 3.905
41.087 498.629
215.563 91.403
265.378 386.857
116.727 200.820
261.383 75.821
83.447 21.333
156.698 63.352
172.435 360.575
10.260 359.614
340.158 364.088
472.589 279.714
443.310 314.505
163.838 213.033
353.286 200.440
55.959 162.181
466.150 314.034
249.373 282.891
83.615 26.134
338.718 102.368
362.238 65.327
410.188 445.885
99.701 379.347
180.969 205.033
490.551 478.892
130.015 306.032
469.034 441.362
303.321 285.202
188.344 224.952
452.188 402.618
341.159 437.993
90.836 478.650
445.005 323.000
423.764 246.071
402.667 110.647
176.930 158.690
244.609 280.165
37.101 319.983
276.778 199.606
267.578 483.408
321.350 280.377
404.066 309.323
52.198 301.781
309.434 348.228
143.376 435.770
468.294 338.691
219.363 210.278
250.170 382.791
82.256 153.187
163.098 492.362
44.519 265.534
167.350 415.626
444.234 354.288
283.443 307.232
38.614 289.983
317.286 232.047
223.261 128.600
455.683 437.952
14.678 247.303
339.170 301.667
183.203 411.615
366.878 419.870
153.759 91.599
174.193 321.284
452.879 293.473
382.890 302.861
222.871 118.403
99.233 44.665
341.693 136.630
328.767 460.420
184.343 303.535
1.047 132.539
77.152 394.339
407.134 481.906
442.919 373.515
456.953 346.750
51.364 376.692
492.114 142.684
118.779 397.981
56.758 439.990
417.858 371.939
391.933 174.821
47.989 336.764
238.517 403.683
389.340 183.464
487.506 341.702
127.717 407.699
26.431 246.101
119.005 330.811
215.298 46.747
18.639 419.959
416.710 178.215
407.776 65.789
293.274 203.214
107.546 305.770
259.719 166.685
258.540 377.297
428.300 334.045
39.474 133.634
199.654 90.094
17.445 104.843
451.541 387.278
12.577 30.292
456.501 191.268
484.339 120.901
140.248 292.453
109.080 110.735
187.676 102.711
481.002 146.469
411.219 95.103
236.353 439.130
124.350 64.958
36.697 447.044
294.609 406.586
316.798 188.680
497.755 374.346
84.127 368.476
173.871 480.217
293.697 199.459
171.742 71.906
419.510 462.332
288.303 219.674
263.054 149.193
375.566 239.109
493.635 480.428
84.102 97.059
249.601 79.133
101.639 65.737
185.335 277.935
136.772 388.351
242.889 41.887
287.247 403.223
318.179 167.717
439.295 469.698
120.393 460.396
29.046 90.458
436.038 147.091
350.171 413.253
471.812 383.095
330.253 275.211
66.700 24.520
174.406 315.212
139.120 26.987
97.841 38.521
79.495 2.006
135.110 349.103
22.154 300.480
128.674 345.269
73.177 359.695
324.307 303.963
473.610 302.294
159.699 49.280
197.827 276.259
37.511 2.949
408.195 326.881
461.623 190.323
426.795 295.933
117.063 37.306
54.601 69.091
243.091 459.013
412.009 118.852
385.368 366.201
488.799 346.926
316.662 246.104
22.791 331.865
113.096 93.468
152.380 98.471
100.785 244.317
410.796 63.739
220.465 448.351
160.885 205.649
150.071 386.852
371.419 383.546
316.280 356.433
424.663 27.127
70.675 375.545
349.393 286.437
313.486 499.569
67.816 158.871
360.296 178.806
336.414 491.096
201.542 170.302
196.248 36.430
95.186 175.767
363.138 457.675
455.473 95.990
476.601 240.911
458.436 217.803
131.470 225.698
223.962 271.494
80.510 422.146
259.620 97.937
189.717 121.436
217.772 375.573
80.877 24.178
271.452 128.597
396.467 423.312
428.296 455.246
261.936 11.960
42.477 53.177
156.459 275.272
447.346 184.337
323.631 457.062
160.678 322.239
293.449 285.310
49.615 194.299
418.736 302.789
237.799 207.018
87.609 59.678
459.927 188.551
433.169 333.097
107.445 355.108
243.978 247.738
117.022 490.934
318.131 377.801
140.076 201.488
13.732 177.241
169.534 141.305
409.901 124.171
487.276 143.728
479.035 397.067
459.536 90.082
95.177 331.586
161.087 234.437
372.530 220.504
451.741 405.185
490.308 340.304
103.379 349.676
226.715 27.888
105.205 401.972
141.267 373.490
6.137 364.763
118.874 172.977
386.254 330.836
241.485 249.784
428.183 466.478
363.886 1.769
270.689 458.748
289.569 332.035
156.218 40.836
464.794 67.257
409.394 297.579
157.721 344.491
286.695 137.407
403.514 217.448
204.441 156.492
246.444 402.042
375.252 196.618
27.017 395.624
98.448 133.583
82.202 395.520
99.713 363.771
197.871 214.355
30.544 430.144
307.526 110.569
348.997 160.770
428.148 376.351
341.906 455.194
286.405 7.308
75.252 378.202
1.180 59.391
417.151 475.109
207.381 410.499
465.224 293.647
352.755 213.654
480.362 16.516
390.295 315.838
223.433 131.086
483.562 494.825
397.287 109.569
303.168 373.967
226.374 407.929
395.688 3.677
495.205 121.363
189.850 4.215
434.445 64.470
116.652 378.511
188.956 113.470
435.265 198.299
117.919 59.964
172.095 441.983
168.429 147.316
360.192 18.711
152.275 345.221
27.337 430.761
466.256 122.949
142.385 462.176
158.614 1.288
100.017 115.243
246.226 345.496
127.059 44.117
361.577 298.347
151.593 73.686
200.041 273.723
442.003 8.298
235.271 93.893
134.203 182.040
39.601 339.067
152.278 206.253
342.816 482.223
457.734 6.241
442.120 492.854
264.778 125.869
147.018 493.228
101.540 160.973
8.635 23.181
247.858 215.793
224.760 472.450
431.449 75.093
324.518 146.201
177.944 219.931
455.611 10.163
306.783 230.860
20.594 320.983
462.983 176.143
51.331 32.157
279.445 41.971
430.006 296.617
203.639 475.883
96.100 309.954
164.722 111.718
158.983 307.405
340.688 258.950
310.228 239.600
153.054 135.575
325.979 39.395
246.912 188.714
275.785 159.829
282.564 260.723
320.280 268.030
208.822 497.001
242.436 329.732
305.450 41.271
455.188 15.723
112.092 266.444
76.273 438.559
266.744 435.046
409.816 139.239
90.853 350.598
100.265 441.475
311.999 40.908
133.661 251.750
479.539 411.945
343.022 453.371
191.260 431.297
381.682 464.864
482.203 298.904
164.354 233.277
387.682 459.036
313.921 237.843
407.938 444.828
394.481 99.726
359.373 443.465
199.873 390.493
315.523 290.812
243.517 138.950
408.474 36.232
210.719 383.586
100.609 423.272
334.340 36.402
59.265 264.413
442.975 370.744
244.761 252.309
143.597 483.539
277.218 275.607
178.137 467.221
439.873 388.218
260.800 489.360
489.305 121.021
34.359 176.778
164.950 76.631
461.497 332.700
308.106 22.493
402.978 237.984
291.588 303.784
409.299 496.427
320.927 267.999
10.036 186.950
348.866 51.757
78.759 63.703
253.730 122.832
343.692 349.189
217.262 173.293
