301.548 133.147
349.993 417.336
152.869 271.413
495.362 365.392
161.411 205.533
147.776 10.977
288.965 97.405
117.116 324.608
475.764 420.429
53.527 64.744
305.845 364.057
194.612 135.281
417.743 262.872
30.732 245.229
240.696 253.868
336.197 387.426
284.491 50.764
449.048 17.364
200.746 37.298
339.165 336.355
429.782 316.745
195.576 208.028
357.921 156.260
305.042 26.855
181.373 295.485
158.233 116.395
386.533 0.022
221.628 273.099
204.604 308.094
391.650 453.859
91.474 214.402
271.994 412.606
463.138 263.378
243.287 470.164
315.767 281.911
204.482 380.464
9.420 383.207
203.399 7.967
396.100 136.943
367.507 385.821
37.805 380.432
163.117 74.033
331.362 327.761
300.261 262.125
495.063 383.738
24.326 142.397
186.946 31.407
26.123 212.765
146.508 491.747
377.787 332.203
427.129 73.766
38.458 78.695
359.378 94.860
268.320 284.302
119.709 68.384
139.392 278.170
345.272 241.515
180.550 424.309
365.158 146.676
384.426 226.389
273.755 58.584
47.685 7.097
467.669 170.494
105.630 86.713
416.322 260.894
494.215 320.265
293.969 191.047
444.821 379.159
402.110 464.776
476.803 294.879
225.961 150.861
499.989 244.719
371.858 426.562
10.373 141.305
55.153 450.068
48.880 417.895
74.899 120.464
234.299 189.219
287.254 5.697
68.957 283.356
73.495 5.012
237.786 109.376
496.409 159.645
307.543 354.545
59.739 215.277
274.895 282.912
328.405 427.730
79.854 254.483
5.243 144.951
115.441 148.861
131.107 141.900
373.718 22.871
325.941 236.978
314.779 184.647
247.556 297.406
144.054 341.363
215.958 476.732
41.825 373.553
181.506 450.108
203.241 13.871
157.411 70.417
250.568 308.981
339.437 93.776
3.736 387.188
263.575 427.710
343.542 217.764
282.150 77.388
214.955 284.647
52.650 383.706
221.980 373.937
457.219 295.007
283.394 141.992
175.431 203.057
76.091 456.148
379.960 207.302
241.814 472.202
120.708 256.111
47.340 269.527
102.704 292.675
425.757 173.206
479.039 483.968
353.831 303.874
355.894 185.677
333.988 9.172
366.748 225.334
293.462 170.287
121.680 29.313
36.465 390.921
140.121 15.581
439.127 498.188
213.549 256.932
325.577 159.536
299.939 478.326
126.097 478.110
424.989 259.041
375.863 282.549
201.222 348.650
342.499 421.811
389.218 268.380
309.447 474.681
229.092 447.622
29.240 20.442
319.760 194.700
381.040 258.075
110.947 249.986
116.131 160.029
191.205 492.489
216.499 148.153
99.504 187.532
242.451 427.344
199.583 196.878
43.274 141.318
206.773 6.122
64.623 423.293
19.751 353.381
444.301 411.521
469.715 368.958
454.489 237.799
175.098 195.309
241.513 156.839
412.197 266.994
87.029 69.116
349.766 385.939
103.623 377.749
233.664 443.401
40.603 85.509
390.367 250.432
182.957 108.332
481.396 262.718
265.517 8.116
221.495 440.423
219.847 322.400
252.447 414.170
444.855 295.487
44.065 416.811
403.518 255.418
243.997 53.841
123.943 71.463
191.902 213.310
44.919 63.529
154.758 303.970
321.896 272.744
364.854 338.482
495.659 313.984
314.617 460.530
149.469 371.373
403.132 254.551
16.747 277.204
409.468 491.226
384.423 25.867
294.471 145.820
316.434 225.249
42.472 212.110
487.007 197.181
161.269 404.688
170.172 311.615
279.905 153.971
96.940 219.003
366.290 153.112
478.420 338.065
114.838 301.325
251.251 166.380
487.402 189.090
417.613 410.702
215.076 494.085
485.234 479.305
485.082 218.687
292.334 192.721
394.328 228.581
344.466 202.494
382.189 376.162
486.596 308.077
75.251 416.949
435.056 181.571
465.558 45.038
134.630 469.947
72.213 90.993
307.988 497.935
80.326 465.422
3.981 365.771
236.579 307.736
93.778 209.244
308.682 434.788
281.747 9.591
164.980 330.965
161.097 179.468
9.413 410.194
227.767 210.228
46.947 176.856
325.173 144.823
495.932 75.470
203.739 157.393
11.755 17.101
98.905 365.626
152.577 186.416
443.120 37.263
442.472 175.269
490.718 226.666
51.041 185.263
213.923 178.450
283.542 254.680
476.517 6.599
195.741 453.856
71.288 77.100
109.475 108.960
471.214 233.415
442.307 378.927
335.859 5.208
180.976 138.774
261.017 93.467
119.852 34.517
34.002 252.972
148.712 392.395
388.530 349.916
124.007 386.030
60.293 159.358
382.229 253.613
319.169 117.066
427.022 438.703
369.589 259.280
449.865 160.389
358.646 284.588
409.101 416.858
21.110 165.557
129.586 434.871
90.343 166.491
160.003 81.535
129.132 256.301
399.425 490.662
336.084 435.561
54.184 38.663
266.336 478.147
244.260 159.295
467.282 44.387
63.148 282.081
186.935 321.842
221.156 456.006
219.449 460.084
287.912 128.877
164.239 239.559
10.352 263.628
304.108 18.284
48.254 381.759
164.026 200.040
405.169 444.375
329.893 106.041
263.584 326.618
165.440 221.510
84.856 370.240
434.540 22.137
55.178 371.961
404.896 395.980
76.219 485.737
443.043 195.044
74.635 391.204
299.293 30.402
335.624 154.033
161.840 23.776
471.188 464.971
238.377 73.813
361.232 58.242
78.574 269.680
56.011 374.699
270.013 439.835
472.584 286.953
298.898 265.308
38.488 204.396
468.524 218.163
405.945 126.192
335.140 38.993
292.626 158.987
6.487 475.164
257.673 178.422
134.003 359.061
195.894 387.757
219.686 4.196
170.068 220.017
148.946 481.263
139.885 194.738
451.048 160.077
353.917 279.889
341.657 191.758
33.429 158.934
323.592 45.268
287.501 291.940
352.779 215.051
47.225 443.446
235.490 390.891
237.570 111.003
199.272 85.614
20.327 90.759
58.477 5.025
203.579 136.481
470.783 111.576
42.780 13.905
57.204 448.592
134.111 255.925
444.549 117.392
384.195 406.267
3.366 412.838
292.227 182.939
8.129 311.809
397.467 304.540
48.286 454.013
355.688 488.875
289.866 350.317
318.488 48.008
126.245 201.444
226.950 429.342
136.499 321.740
145.159 391.533
476.756 486.932
81.593 456.393
27.007 245.388
485.311 483.773
172.665 137.132
168.820 415.866
282.885 62.652
186.197 146.814
118.011 469.285
244.421 175.395
251.576 255.257
76.154 38.718
323.787 137.243
337.002 243.521
58.193 48.562
272.278 316.465
76.880 50.047
181.504 285.888
11.224 166.285
93.894 331.538
32.246 30.401
397.283 469.183
175.614 498.275
441.686 237.398
209.910 53.026
233.753 271.362
366.100 470.357
172.765 89.668
230.593 326.260
74.435 295.647
268.296 410.533
200.476 289.631
328.854 444.690
80.624 299.237
330.879 13.556
96.508 400.131
256.538 277.789
436.011 231.962
144.413 350.262
436.256 394.579
11.819 234.292
444.742 407.684
111.962 495.827
148.661 383.735
225.455 480.921
281.505 173.080
242.522 362.312
387.809 258.411
405.045 267.666
243.851 385.093
354.526 398.737
397.115 432.335
97.009 196.988
166.136 445.100
122.847 409.063
349.654 342.824
488.834 255.878
246.699 331.115
370.057 399.245
17.054 120.469
182.302 167.225
194.036 182.498
412.405 338.234
458.598 199.579
259.768 79.817
329.168 383.860
91.626 129.342
377.922 202.770
433.891 236.933
27.501 10.096
78.547 96.014
321.104 289.572
272.330 200.436
118.712 197.104
312.594 328.497
417.173 469.167
359.272 165.842
490.141 26.659
220.434 397.085
214.275 38.946
137.230 370.074
351.030 405.933
274.418 266.853
294.556 339.362
89.554 379.442
204.351 424.788
138.764 287.099
285.559 104.405
276.557 103.093
106.537 322.089
110.396 202.832
181.682 259.861
191.083 497.436
364.773 120.218
190.581 221.615
366.310 397.256
175.708 183.789
7.733 119.679
102.431 377.954
134.550 432.128
185.585 218.590
18.116 76.808
190.891 163.311
285.405 482.252
218.412 255.391
346.489 240.586
471.762 179.852
3.303 228.958
262.196 146.301
16.563 388.879
146.696 365.976
475.294 202.835
374.225 43.008
255.556 109.282
175.051 354.772
73.894 318.627
297.501 448.136
19.384 348.589
363.634 469.634
492.698 2.898
325.057 96.730
20.526 441.251
9.108 123.754
129.111 389.178
309.200 432.422
416.951 392.109
79.504 152.588
319.338 476.540
238.315 347.068
477.443 408.522
283.561 172.124
166.150 202.945
114.464 451.514
203.493 414.211
115.970 292.643
211.413 317.100
264.570 108.418
332.658 451.208
452.347 434.089
109.733 83.423
487.871 485.753
275.607 490.514
355.454 39.755
296.052 371.010
335.667 328.596
113.771 129.939
146.502 284.958
95.190 283.296
158.492 431.002
250.588 15.795
314.082 139.488
95.318 1.587
423.682 242.736
350.991 264.291
486.299 103.411
232.669 428.383
60.218 159.322
489.738 133.392
399.685 2.286
38.494 48.522
187.600 346.594
389.689 87.989
358.980 183.110
238.562 129.338
150.820 255.984
200.300 446.259
209.687 108.780
354.444 418.258
463.173 337.451
11.673 292.081
368.017 323.900
82.414 293.868
435.972 251.879
203.191 227.979
460.642 258.673
45.010 184.404
453.099 346.571
454.268 167.651
111.040 142.563
88.075 396.922
266.791 335.964
83.260 216.344
496.649 79.984
297.296 13.944
231.340 390.448
130.924 404.937
448.031 224.894
81.405 206.713
276.335 10.911
389.780 176.969
366.703 93.814
121.157 482.577
161.592 185.012
456.746 209.732
143.664 236.393
468.054 493.948
287.240 60.703
292.684 223.085
201.836 253.189
439.080 217.585
473.303 129.314
324.462 464.249
12.703 96.992
177.066 42.871
258.876 121.058
171.541 98.569
38.542 43.371
194.511 291.748
212.489 148.740
20.010 251.727
494.299 86.517
95.000 77.895
172.671 173.716
4.941 233.762
43.894 154.605
24.732 92.140
439.364 444.921
134.256 218.911
495.092 121.543
424.696 188.696
499.260 348.895
119.256 430.176
120.943 64.486
22.291 256.175
405.301 387.095
261.494 380.656
80.881 340.297
114.920 336.046
382.145 186.097
377.296 156.943
407.769 321.075
183.142 252.817
247.568 69.973
135.657 258.309
475.485 60.699
248.307 234.473
447.265 439.228
112.344 346.008
96.735 417.093
324.515 335.289
470.168 5.529
369.282 148.928
21.158 387.407
471.390 373.812
221.660 268.023
452.185 194.416
478.766 215.316
417.737 447.302
157.747 421.333
413.355 365.055
294.594 357.972
442.286 108.500
454.038 342.848
314.279 244.022
161.268 289.451
218.722 131.247
261.463 129.850
239.393 346.526
376.730 225.097
373.414 216.601
66.656 63.587
492.540 263.769
416.916 31.602
341.185 83.548
281.799 313.067
352.612 180.155
394.903 250.364
477.447 71.717
471.570 60.825
165.615 105.362
180.603 229.532
315.677 365.252
90.477 146.392
0.544 497.890
