228.039 401.459
320.326 69.162
39.623 387.437
299.391 314.283
115.182 218.364
150.199 441.894
328.301 450.861
173.598 277.537
471.999 434.202
333.399 275.378
266.438 237.581
243.865 92.824
174.784 328.150
286.561 20.445
473.267 22.184
438.414 246.347
452.314 3.846
113.234 108.835
364.674 405.829
375.673 55.668
439.482 387.437
326.247 127.870
252.698 245.601
440.259 257.747
254.606 264.877
10.581 196.840
374.658 268.867
28.559 333.112
216.296 22.979
121.384 176.373
347.038 105.009
209.707 494.424
223.756 213.041
416.370 268.168
62.125 363.436
103.172 417.189
408.228 19.132
47.205 168.380
238.355 168.816
160.738 242.263
459.519 167.787
328.160 219.790
475.287 186.349
446.495 81.160
220.420 470.034
278.533 228.251
119.774 286.043
275.891 273.708
223.126 70.154
359.955 199.917
7.435 313.153
270.416 165.177
395.470 492.002
224.383 298.913
347.416 85.313
110.596 251.985
281.571 160.210
264.546 248.935
451.106 405.716
479.208 258.967
47.530 427.766
379.179 410.146
12.130 307.512
11.794 11.178
255.611 436.718
301.228 483.968
475.892 26.858
75.824 349.129
86.466 470.820
176.616 410.060
140.590 477.518
346.933 250.756
58.507 100.647
204.038 307.241
482.917 356.307
286.856 164.140
429.782 455.413
408.211 39.554
391.589 478.490
470.613 332.694
420.874 92.257
51.252 358.498
164.080 149.705
182.055 417.532
286.162 28.300
320.108 4.101
42.429 169.594
439.427 404.923
240.045 393.878
334.222 463.625
218.650 91.930
291.098 247.745
281.969 383.502
298.819 60.534
15.690 117.290
266.492 346.679
372.953 382.574
86.516 416.510
450.058 37.742
321.479 184.026
431.172 428.960
175.884 308.897
436.337 356.119
345.885 427.789
55.899 29.102
118.395 286.657
276.824 85.139
473.578 40.070
310.535 159.107
52.066 192.682
378.134 422.809
326.664 408.445
22.925 273.327
191.776 35.194
110.794 4.063
95.980 388.491
170.119 268.503
4.862 425.670
75.381 39.403
155.095 117.091
78.390 464.371
224.079 63.297
26.914 275.700
265.594 296.534
365.453 142.361
296.281 150.062
93.566 1.824
86.871 298.440
352.431 109.560
17.646 274.160
6.801 191.130
145.057 417.916
428.991 318.405
228.649 129.995
479.068 414.709
172.267 353.983
160.344 165.250
223.570 382.280
464.033 499.395
295.233 132.586
177.324 366.095
238.182 296.486
289.996 212.940
148.821 297.061
355.011 160.789
416.052 289.896
48.606 322.936
326.105 40.954
41.584 100.107
183.130 361.830
337.770 453.593
103.611 63.843
247.492 101.682
25.311 120.615
97.894 136.114
228.973 317.526
264.208 442.793
25.037 300.338
213.949 480.343
19.338 76.694
346.792 493.321
132.586 204.313
7.823 249.255
318.708 35.986
465.437 320.231
440.580 186.381
457.194 123.504
90.464 173.981
42.794 433.081
202.885 365.758
298.045 158.421
98.934 194.549
331.304 180.078
322.939 231.586
380.150 58.725
7.099 115.925
59.487 105.301
314.659 23.861
380.525 405.811
40.755 117.908
50.755 240.169
118.198 33.350
98.508 82.804
1.690 27.719
234.808 455.426
344.897 82.174
279.064 468.797
434.513 4.603
248.392 109.831
396.080 302.039
78.889 238.108
219.872 225.996
358.907 457.440
105.993 6.540
227.493 11.044
417.151 384.725
289.353 361.799
399.286 441.954
341.056 489.664
422.591 468.277
218.365 314.180
154.959 61.331
387.855 133.825
200.637 224.837
491.517 406.641
279.122 286.818
48.973 271.847
270.259 473.113
158.955 239.455
164.133 366.386
386.408 275.419
250.310 14.703
145.286 126.655
15.311 332.494
37.917 157.129
120.492 78.717
469.146 207.373
34.471 91.402
219.356 476.219
307.605 141.143
410.917 365.625
136.278 478.836
424.155 361.937
270.850 464.202
181.200 38.500
305.577 406.683
383.462 393.591
52.918 143.935
210.187 96.370
489.299 44.207
188.448 318.469
192.079 62.351
379.340 132.038
422.319 486.173
297.139 495.715
57.687 127.337
199.138 149.708
149.003 42.097
214.113 348.045
443.713 61.588
253.981 289.177
376.921 103.157
261.923 198.070
187.576 496.094
120.477 262.367
428.793 369.346
26.379 252.444
475.509 430.526
336.363 425.227
153.252 0.287
192.298 305.765
128.223 486.861
385.140 379.864
41.670 366.662
211.398 0.264
207.457 485.729
462.751 430.222
321.604 226.346
295.165 48.195
415.900 476.350
272.917 64.716
168.358 0.388
343.258 491.125
340.764 199.456
372.486 485.072
436.667 411.705
230.649 117.528
267.373 396.694
21.478 40.239
37.726 97.498
219.093 326.900
336.269 496.816
185.967 320.330
432.596 379.470
340.866 10.754
192.753 315.447
466.570 427.349
382.285 144.176
162.043 122.140
199.462 295.930
21.706 58.763
468.807 362.816
196.660 85.275
256.311 172.642
354.841 286.036
102.473 308.797
222.911 413.903
289.346 40.809
208.654 355.498
313.710 182.640
66.497 317.712
437.997 414.733
116.922 186.091
94.479 118.085
95.712 207.339
480.856 20.711
480.667 424.023
8.857 365.983
444.057 176.591
392.754 421.169
353.248 3.758
431.751 164.232
329.762 443.043
207.799 31.906
204.112 265.142
20.131 351.459
261.711 281.808
125.782 466.592
145.249 320.391
351.760 333.346
10.759 13.586
180.192 184.232
232.321 484.810
132.098 135.589
451.113 433.787
237.828 313.911
265.441 307.357
412.157 337.013
88.318 114.331
103.675 373.462
473.746 319.253
337.120 78.646
85.716 386.703
304.618 101.105
306.920 168.587
139.103 447.194
462.873 228.400
306.503 301.151
233.779 433.345
78.506 456.098
78.372 341.595
40.738 297.860
311.093 420.751
269.659 197.552
1.469 55.630
305.886 43.697
432.236 325.358
43.651 328.377
66.377 140.098
353.886 25.363
130.948 137.571
4.461 69.672
31.457 121.550
457.959 246.892
32.333 397.771
203.769 47.618
245.836 160.813
78.825 291.851
212.852 497.238
234.502 118.101
254.292 103.429
89.281 457.011
157.489 82.154
488.875 149.925
379.054 243.984
203.907 168.367
125.268 413.216
80.243 242.978
84.393 61.318
140.582 482.539
287.604 119.742
426.484 298.429
230.369 182.040
397.526 239.367
84.101 398.513
1.744 13.816
24.316 425.185
215.705 311.891
138.937 422.048
428.587 112.583
51.541 25.776
301.771 82.076
30.477 18.279
9.185 131.857
159.461 54.538
454.560 285.406
35.231 296.747
302.231 431.581
497.197 413.737
51.879 360.580
306.079 121.055
131.991 75.044
336.028 280.669
106.373 134.938
350.279 231.809
251.164 342.065
331.149 327.426
194.460 164.208
137.418 318.774
318.625 78.165
498.848 490.351
80.777 232.833
459.080 269.892
35.681 359.733
135.617 146.992
446.004 160.289
324.223 425.643
314.630 449.124
145.084 420.136
174.781 329.769
377.239 363.368
384.287 294.593
426.493 66.036
222.627 88.988
148.816 307.562
210.968 301.634
308.195 45.370
176.034 483.629
117.550 141.606
231.354 465.416
128.510 124.921
162.058 175.042
15.584 181.213
349.930 17.334
437.774 388.082
98.621 41.215
302.730 390.014
97.455 153.842
212.995 149.949
10.502 362.486
174.774 448.143
9.201 31.022
413.171 154.895
101.393 94.298
275.354 329.105
163.347 367.749
363.014 480.582
233.739 389.077
220.929 257.404
275.903 393.793
319.392 436.956
264.669 130.689
74.340 308.034
75.386 169.298
197.122 302.318
73.194 434.620
412.239 87.766
323.329 386.760
124.867 245.477
357.590 49.377
120.353 388.049
307.152 307.171
392.182 221.995
293.121 82.760
70.878 78.981
338.801 117.196
101.371 295.481
187.292 301.486
498.312 353.575
178.152 361.532
39.608 90.006
201.702 423.747
350.031 436.679
490.166 259.327
66.130 89.923
323.459 183.655
353.301 202.693
41.649 323.138
427.606 180.796
195.232 126.107
492.394 363.986
161.558 260.665
202.369 339.607
59.396 494.696
402.282 420.118
37.877 211.698
229.786 256.354
270.994 263.049
80.187 17.037
152.354 365.006
121.913 98.880
439.149 47.654
437.831 419.163
59.523 352.334
77.294 355.152
389.331 29.600
382.019 219.716
105.480 424.361
236.986 451.629
16.571 265.806
432.895 128.636
346.860 206.293
460.088 158.843
284.014 76.688
193.476 58.145
369.147 156.976
93.770 48.159
52.741 481.117
223.230 477.278
492.562 460.780
375.652 402.930
92.031 384.604
422.743 18.298
159.461 411.320
29.360 157.168
383.732 182.926
217.288 408.413
391.503 356.349
356.407 231.902
408.071 213.281
469.959 191.857
302.227 232.999
319.219 113.592
135.391 468.492
461.604 141.805
472.713 2.409
397.039 353.716
312.325 253.332
343.697 486.761
220.503 46.948
248.784 162.073
17.911 329.976
393.557 241.024
357.230 447.086
194.783 274.472
37.681 267.141
90.843 180.520
190.658 197.164
154.881 440.669
487.248 465.239
128.966 31.291
116.462 150.276
407.048 359.906
466.310 51.849
479.422 367.986
469.616 151.749
32.273 388.272
193.907 391.062
308.195 384.726
177.381 396.720
431.742 261.690
113.243 53.030
434.670 471.989
228.560 323.678
437.509 264.290
363.831 12.023
423.769 397.703
425.411 336.784
116.445 158.485
410.737 456.538
275.127 496.049
303.617 70.742
142.439 425.915
313.874 57.665
63.635 360.295
474.835 321.983
352.732 483.762
150.063 454.678
1.407 209.229
303.006 94.374
171.839 55.117
156.364 426.020
426.787 411.323
122.327 103.378
12.082 456.452
204.410 68.715
171.602 231.159
175.046 180.232
127.014 34.874
261.466 423.654
174.329 306.856
241.566 72.229
41.317 138.496
107.755 332.616
203.581 302.484
186.627 245.191
471.240 405.437
44.970 276.253
285.158 373.089
5.725 62.602
333.878 83.464
295.801 471.802
222.437 395.003
279.898 299.847
85.361 302.637
37.678 478.833
0.894 362.511
2.176 411.683
284.303 405.312
330.849 301.897
497.927 276.582
279.824 62.321
65.399 47.572
136.732 332.102
447.504 456.184
405.285 381.040
216.324 204.904
250.573 130.021
493.403 236.108
156.197 285.878
263.163 193.472
121.913 135.922
222.475 55.712
410.135 462.883
31.118 236.242
274.074 323.264
262.372 16.984
409.115 25.260
477.521 103.986
495.015 388.700
395.346 375.783
307.160 456.558
268.160 495.269
402.882 139.097
32.642 269.419
70.261 155.205
9.329 101.644
233.650 372.081
382.011 431.929
467.020 273.032
62.933 488.365
95.697 99.211
161.145 67.726
411.501 474.759
447.822 349.350
226.735 46.141
132.017 353.352
305.771 382.630
371.294 258.747
491.928 148.710
283.127 493.412
378.886 318.111
170.050 290.832
254.854 230.696
245.750 478.050
