375.667 358.248
82.562 260.150
199.098 465.751
130.271 60.153
259.831 81.138
256.838 413.789
242.562 430.758
300.912 430.343
489.002 459.086
241.302 294.831
242.863 50.480
50.620 414.458
121.772 249.282
400.570 495.870
32.577 104.443
474.411 266.497
491.497 130.824
345.394 495.143
274.630 61.687
482.911 21.799
28.652 493.586
422.429 167.365
58.275 264.141
172.695 296.496
368.044 260.211
472.076 160.391
76.854 157.092
494.797 89.970
372.693 75.078
408.679 108.213
479.327 479.351
46.153 459.950
6.084 17.394
486.304 14.906
38.277 212.163
282.630 384.736
424.817 90.048
457.582 414.968
212.168 285.344
369.691 42.161
65.810 78.620
357.285 75.042
148.618 414.514
160.406 206.350
50.811 312.830
40.418 81.132
100.369 134.596
4.713 306.341
461.800 426.025
348.600 278.736
282.281 269.864
442.767 349.205
168.821 105.669
53.153 150.913
328.250 493.930
306.780 324.527
227.299 170.234
121.720 267.594
97.472 389.569
308.686 417.618
283.754 238.102
211.129 426.313
181.936 341.823
253.659 339.789
487.001 269.805
124.437 251.532
50.204 262.773
97.025 226.054
497.211 333.590
243.144 407.938
66.257 397.298
226.627 181.274
233.897 13.529
291.711 183.465
498.755 178.822
37.049 423.142
111.339 444.970
482.336 393.923
236.635 25.201
376.404 23.957
297.288 380.682
91.380 451.672
489.620 485.506
140.576 369.289
353.891 141.898
375.521 65.710
435.410 220.900
53.105 183.068
97.177 346.453
22.419 241.552
144.494 62.667
177.598 133.398
80.932 135.336
433.249 58.429
474.696 234.586
209.997 105.614
228.815 273.054
319.673 115.536
69.365 30.087
94.370 499.134
4.551 231.767
250.011 165.070
316.848 259.106
400.579 134.512
114.591 212.738
152.107 201.561
65.370 197.277
32.743 404.299
405.305 366.306
349.311 218.432
142.332 41.266
53.799 366.425
311.819 392.478
120.449 247.822
32.347 209.170
384.197 57.799
73.228 268.372
34.594 353.902
113.021 358.373
469.836 454.931
222.123 458.985
291.052 73.598
362.200 209.533
158.686 384.302
427.134 206.966
239.676 481.481
279.484 291.564
218.720 348.813
439.686 281.936
446.074 281.981
88.943 337.868
148.773 470.004
80.972 369.784
110.032 249.709
429.241 376.620
184.418 203.827
399.612 140.304
388.392 205.838
356.867 184.562
195.866 45.821
147.905 380.509
214.967 59.419
309.660 406.585
216.472 271.659
121.408 365.924
473.669 281.695
29.701 468.759
168.322 298.241
200.363 143.892
240.729 41.430
330.553 46.473
204.039 62.329
5.380 240.718
107.619 157.216
326.279 114.589
428.392 239.374
242.644 310.606
395.037 73.338
197.775 247.168
61.272 186.890
96.537 400.370
322.774 401.876
14.595 289.163
446.137 466.775
13.765 271.137
310.457 26.284
259.137 242.156
162.151 402.136
412.281 176.493
65.067 285.834
147.427 307.972
242.851 275.948
15.413 338.939
284.953 73.818
246.566 467.126
461.656 335.417
17.528 341.924
488.372 138.395
14.178 276.569
45.207 449.985
455.489 375.067
100.040 253.367
295.139 87.676
438.835 4.597
282.449 491.458
410.240 68.428
30.901 205.276
482.912 430.090
226.162 167.465
87.943 19.531
58.526 250.282
109.222 266.870
149.471 203.638
243.894 317.763
72.117 319.114
256.868 38.323
361.606 301.217
471.792 41.663
165.551 497.234
91.497 96.862
179.454 358.138
93.241 89.674
352.506 446.295
259.399 271.903
461.028 121.965
462.126 8.175
373.128 224.743
185.642 233.039
396.531 206.972
244.493 327.371
252.042 357.676
303.475 293.392
66.405 416.392
375.455 466.597
356.358 72.493
202.527 59.830
35.173 395.483
438.663 341.638
253.290 19.268
204.831 39.414
448.180 129.505
463.949 130.225
467.998 398.805
417.552 197.302
183.770 440.750
453.486 209.903
463.208 389.118
97.169 206.897
401.336 89.657
108.763 167.293
28.726 13.605
15.425 336.862
280.570 290.077
460.784 422.397
224.897 214.194
143.478 364.788
350.377 369.677
287.502 419.620
45.506 46.333
477.505 440.262
307.360 314.519
249.188 204.831
90.911 227.255
481.709 429.933
365.103 270.282
127.361 447.920
431.123 433.749
440.049 302.704
472.392 152.533
292.162 51.315
242.994 373.171
30.294 484.528
375.397 99.916
487.298 126.760
457.051 499.614
29.990 314.787
462.411 408.260
469.988 323.187
261.314 429.152
330.032 154.639
437.189 20.603
409.341 238.126
69.344 167.855
275.758 174.437
178.549 357.759
231.722 476.408
107.395 180.301
67.303 475.370
248.906 433.829
476.368 160.663
305.484 320.952
325.071 247.765
269.510 129.691
142.072 150.412
69.658 312.687
191.197 338.229
205.247 262.628
230.535 172.403
63.756 221.898
187.453 210.896
313.240 498.690
113.524 474.305
470.000 486.325
284.472 480.367
57.792 318.223
82.435 224.171
340.218 428.626
449.759 364.809
232.247 330.447
135.102 139.325
99.665 176.875
168.491 98.333
440.456 110.240
22.437 418.393
306.254 62.049
316.204 438.830
41.437 329.343
72.668 487.850
119.712 324.143
59.787 104.880
311.995 411.587
314.148 443.468
4.405 163.162
71.276 226.930
343.151 156.495
61.627 84.105
170.639 330.163
257.392 49.489
13.181 358.937
386.324 181.032
286.495 217.807
2.592 177.774
370.011 343.217
264.048 218.135
256.017 298.832
35.903 58.974
334.864 453.078
60.332 37.489
409.284 463.967
387.333 447.893
354.449 19.842
234.382 361.424
393.500 215.260
206.867 434.189
469.417 469.232
305.552 392.433
414.417 488.414
137.360 487.781
121.193 96.936
436.236 491.718
376.110 44.349
452.413 288.048
273.013 102.054
299.824 311.143
493.651 55.052
444.569 329.410
20.994 444.062
406.560 260.762
480.414 233.521
280.370 28.623
320.358 122.469
208.414 199.783
82.720 277.032
27.126 386.541
291.952 15.718
486.564 87.493
151.545 102.217
395.141 436.437
153.545 248.774
222.090 271.696
31.912 44.919
326.724 286.842
123.019 122.866
80.039 255.858
212.320 477.068
327.885 63.311
241.929 366.510
245.005 426.365
161.801 122.754
472.442 130.087
132.111 373.607
495.043 49.772
367.771 268.544
70.726 114.496
133.615 469.515
498.039 46.161
117.511 283.197
134.119 277.094
14.332 289.485
192.107 27.612
130.706 155.190
485.730 27.920
3.942 428.657
347.433 3.936
361.564 41.511
23.673 9.813
258.607 115.439
462.100 231.072
321.337 185.078
428.963 61.326
288.765 93.519
322.839 104.866
287.151 240.850
48.159 294.925
76.830 367.029
104.777 104.474
493.916 38.540
269.979 440.344
223.567 201.251
318.003 112.300
227.738 170.974
253.516 406.017
277.204 232.078
187.761 169.140
341.046 266.970
65.008 353.127
444.088 145.065
310.976 204.075
45.572 75.397
78.422 362.775
376.086 91.155
462.277 339.929
484.250 73.477
311.318 147.373
487.506 441.528
388.831 280.751
88.089 374.649
14.083 205.335
156.102 346.379
498.298 355.507
33.649 465.997
352.603 282.909
441.754 147.083
398.011 314.582
462.659 274.930
71.325 210.525
475.944 155.188
429.246 370.431
450.211 425.972
363.849 476.158
335.661 10.541
459.982 31.623
66.989 206.459
97.758 135.637
212.518 253.121
196.788 42.842
173.038 388.822
31.812 229.307
14.899 291.415
473.326 36.828
275.486 178.407
210.827 449.447
300.584 486.522
355.818 330.658
19.623 14.505
138.298 432.277
467.685 348.326
11.968 325.150
179.232 410.382
190.195 324.015
180.938 283.011
71.734 316.093
317.760 415.996
164.501 240.825
408.140 464.665
447.186 188.607
47.527 41.093
191.347 436.485
404.402 141.349
12.317 493.535
125.522 239.690
142.397 376.892
45.177 1.346
330.352 63.870
123.648 312.814
257.204 66.853
95.678 6.014
415.812 496.925
87.180 441.369
409.322 135.117
78.523 19.539
134.676 300.223
308.405 474.942
331.059 307.325
189.097 383.497
73.278 420.829
181.606 149.758
185.738 242.939
499.260 290.420
204.656 309.157
335.995 410.564
32.131 249.434
3.037 254.108
223.194 290.496
21.923 151.860
476.867 195.589
89.139 337.562
375.547 62.413
196.922 82.002
406.984 431.072
2.906 174.986
302.969 76.368
379.149 166.102
146.235 161.396
52.885 499.183
285.492 380.307
372.236 164.627
323.151 479.110
488.935 349.249
217.949 376.113
51.283 137.449
270.984 157.240
43.174 164.372
398.823 74.148
426.476 139.691
73.279 356.854
44.658 76.078
225.238 375.424
192.057 217.985
167.741 469.652
378.867 12.018
445.269 246.382
356.563 433.487
165.265 80.003
121.482 237.695
315.000 429.578
109.392 407.013
470.527 224.326
173.027 316.286
239.767 336.055
170.511 45.406
471.396 227.421
156.684 178.135
215.735 29.921
154.932 435.011
306.075 196.347
227.059 401.456
380.016 484.775
141.510 469.281
452.999 26.468
90.354 212.921
246.410 314.948
424.538 139.758
238.312 130.291
300.841 81.466
326.253 464.903
117.318 464.656
425.812 195.362
378.554 66.846
213.883 351.066
92.488 425.390
210.656 314.443
181.731 134.210
493.075 300.647
418.280 78.734
174.492 430.250
485.272 295.609
190.513 15.801
67.818 338.538
190.700 363.334
118.213 183.851
231.105 38.715
427.941 176.976
138.612 305.100
417.628 379.443
314.450 71.364
212.555 245.861
124.183 215.626
435.980 182.007
412.171 324.834
355.956 92.045
98.084 224.063
415.304 57.329
304.719 186.692
455.691 448.599
137.741 148.223
23.421 189.113
76.568 243.967
291.052 93.564
303.113 47.487
52.670 17.438
5.479 291.279
273.898 180.021
120.264 356.959
26.104 139.355
219.844 410.665
203.320 35.443
236.276 278.318
214.457 315.091
284.855 36.430
475.645 286.381
40.979 438.031
21.986 258.244
443.819 325.550
139.666 153.513
472.578 42.936
408.354 489.994
334.066 56.004
454.565 462.748
387.299 263.768
417.205 223.890
362.621 105.153
438.646 414.705
364.303 74.118
77.844 323.437
387.163 471.096
394.591 445.946
211.646 305.024
183.339 382.052
25.106 456.180
499.241 244.008
396.731 181.056
368.232 309.843
252.070 278.158
69.688 452.028
277.754 404.784
76.195 302.993
215.792 328.870
166.860 82.565
343.315 303.295
253.858 374.368
338.659 24.366
238.309 19.715
29.240 392.427
129.314 451.687
366.398 446.404
163.144 95.790
360.450 281.887
241.087 393.229
182.463 337.069
471.928 397.891
401.981 332.950
423.841 136.008
95.308 226.715
209.167 365.807
277.022 204.121
408.608 435.091
499.552 51.142
493.178 435.833
439.549 188.479
411.452 172.986
371.365 298.374
201.095 500.000
110.472 123.220
162.330 135.256
