481.999 405.929
459.680 250.836
85.636 367.479
197.338 92.136
466.966 323.127
147.281 132.654
92.775 105.441
276.274 341.710
378.588 175.786
155.368 359.809
497.436 404.346
274.876 161.379
120.308 225.003
148.188 4.717
220.233 234.145
356.831 125.092
482.690 402.117
63.694 295.840
158.652 445.677
447.102 209.308
161.108 123.170
297.085 156.074
167.969 241.199
135.371 342.814
274.152 414.307
282.009 405.316
401.730 417.036
259.751 359.141
415.100 390.291
139.896 191.967
31.814 151.473
159.459 428.187
356.309 47.308
47.302 135.350
157.715 376.607
380.441 53.663
103.197 77.897
55.791 187.946
1.569 321.571
336.874 10.415
315.045 59.393
205.792 263.448
105.739 235.659
37.683 263.457
59.800 268.285
419.028 84.096
281.495 372.396
145.209 327.823
83.082 283.659
204.857 345.848
281.569 128.406
372.135 444.231
234.459 168.968
218.845 295.411
229.026 21.361
106.500 23.478
10.151 253.569
466.249 101.443
478.325 84.632
81.738 100.141
171.435 480.568
143.693 239.251
211.294 222.393
371.894 203.712
9.996 389.730
170.554 89.658
432.221 395.821
289.667 37.026
101.987 181.734
350.627 158.884
434.872 7.560
194.112 308.024
410.302 289.316
239.603 452.301
19.638 61.879
97.885 432.662
430.658 349.145
442.000 423.249
348.960 44.657
275.502 96.033
133.596 271.490
135.962 279.979
415.845 421.955
152.398 68.653
11.960 33.266
473.076 181.361
8.923 162.183
318.921 254.888
230.841 69.199
494.253 452.038
493.073 280.682
114.484 189.285
192.807 339.561
8.908 211.992
34.838 451.393
54.809 447.975
175.688 196.022
60.466 269.907
365.348 271.109
286.264 304.133
235.087 274.573
179.698 356.347
362.487 51.277
78.703 29.264
217.969 66.437
491.687 475.619
492.461 411.438
322.331 335.122
488.030 385.377
180.006 169.302
496.073 202.235
4.188 50.091
303.214 42.302
243.744 237.137
483.443 277.836
283.271 284.207
135.445 28.340
414.496 332.972
445.180 303.918
216.736 159.704
215.066 5.843
373.781 144.536
464.764 15.937
91.658 139.113
213.777 257.913
184.596 391.927
198.450 285.421
483.235 259.660
470.567 38.741
282.699 271.952
489.817 144.851
64.246 208.017
299.163 473.666
59.361 475.091
184.167 119.198
260.202 338.587
166.405 68.736
458.563 185.016
476.389 108.240
369.881 190.382
425.770 176.338
482.828 4.034
305.501 304.135
389.144 237.534
254.048 88.647
382.629 295.371
420.899 196.348
473.761 357.473
350.220 195.696
259.303 379.530
134.939 23.226
435.474 261.078
341.165 464.065
466.319 81.250
185.485 22.687
496.721 143.681
437.337 37.428
415.787 335.302
276.409 244.719
47.735 414.332
172.704 445.349
214.901 255.295
198.112 375.977
351.116 101.778
7.444 144.629
282.417 63.454
498.684 303.754
154.141 225.204
368.676 107.619
241.774 92.065
407.083 258.340
301.991 451.599
213.272 324.904
455.087 146.321
118.520 81.280
114.355 153.035
308.050 32.377
372.814 74.309
95.305 230.159
189.858 298.704
384.901 353.471
61.095 294.922
49.057 82.356
490.428 407.468
229.659 349.003
361.869 465.449
176.371 19.539
199.749 88.851
160.603 128.633
360.040 134.511
86.737 115.975
378.016 150.843
494.439 351.639
216.576 63.351
485.192 55.756
486.101 358.237
389.079 12.717
34.301 472.310
171.502 493.438
178.975 361.598
285.618 240.277
118.945 404.719
448.156 275.276
406.849 399.805
355.578 494.229
479.648 184.708
214.512 153.370
55.880 66.492
447.493 448.174
108.145 356.366
429.935 433.850
172.275 173.428
225.057 343.889
491.059 92.792
380.723 284.554
471.259 16.717
19.064 307.517
3.839 257.213
404.195 451.947
79.093 78.746
58.232 87.624
471.848 337.187
163.592 249.406
448.481 167.823
134.081 454.504
322.851 28.682
99.259 450.881
294.450 242.875
203.348 131.930
56.643 402.439
55.290 344.385
290.750 446.755
135.165 420.291
176.696 162.489
366.600 59.617
138.126 126.778
103.299 342.945
485.391 325.502
11.818 33.668
216.518 38.170
489.148 490.708
104.297 445.391
304.184 102.657
302.867 261.068
253.827 138.161
370.473 7.859
293.379 131.857
14.981 30.919
67.064 392.817
292.931 257.214
352.036 383.626
80.002 128.037
246.906 349.276
31.088 246.832
175.911 440.970
220.869 388.022
394.076 68.435
212.590 262.600
141.349 492.908
251.848 273.374
153.548 162.176
267.007 260.199
375.038 226.594
261.962 472.961
309.816 188.081
429.295 479.678
107.936 124.792
109.635 309.711
275.692 315.505
189.593 74.617
258.664 476.942
23.976 399.348
491.063 157.673
149.224 349.956
303.757 106.715
68.331 58.487
320.146 126.347
337.726 46.294
391.234 464.125
406.048 86.280
309.910 155.678
456.216 119.192
129.277 54.281
396.830 487.453
382.422 211.132
222.333 451.137
364.454 276.857
109.668 105.615
446.140 175.768
448.962 82.019
277.397 54.455
481.226 213.966
428.914 27.106
340.378 422.877
36.702 359.816
145.756 180.333
467.412 174.852
230.473 22.871
306.431 214.936
337.239 301.064
322.769 99.907
113.373 343.012
191.740 21.813
481.431 208.378
138.058 44.814
9.281 493.365
103.209 161.865
86.356 203.696
231.676 415.483
43.018 7.639
452.042 67.449
361.321 78.865
427.942 451.158
106.861 143.158
456.675 351.195
332.799 136.410
428.158 255.360
464.032 441.697
287.613 40.250
152.788 405.853
336.732 23.814
346.373 88.992
341.035 414.437
76.241 466.232
389.408 3.447
216.680 362.758
32.175 223.675
104.328 440.568
38.587 135.806
218.917 14.960
350.801 217.773
209.962 67.560
41.431 277.635
466.820 37.042
229.390 124.961
192.892 499.463
300.946 417.877
486.523 3.143
478.313 259.802
105.174 187.566
374.052 194.986
280.530 425.618
160.635 241.459
42.416 54.944
462.652 336.072
31.374 203.326
18.254 100.129
296.688 88.019
53.238 273.274
466.747 170.964
310.722 345.745
364.543 452.723
90.754 426.077
409.652 333.413
283.534 147.276
390.475 128.349
286.230 428.044
7.217 328.502
491.450 41.383
372.061 239.142
137.140 384.161
395.995 379.471
13.234 91.559
224.079 132.738
334.023 127.032
252.761 197.640
21.687 489.345
84.006 413.056
2.745 409.691
311.016 79.827
471.568 402.670
255.528 388.202
457.430 61.909
98.511 197.890
360.732 261.719
206.227 342.515
147.935 151.155
352.085 399.069
383.591 427.785
346.870 99.202
475.992 455.315
426.249 296.903
278.869 494.781
202.900 113.303
185.092 163.084
227.870 431.625
289.920 19.901
93.288 11.148
34.525 137.217
196.918 79.289
316.942 276.881
258.190 336.024
257.688 41.006
285.222 217.519
166.347 344.717
218.901 229.848
210.911 465.921
243.000 361.633
271.983 130.815
365.489 411.492
251.076 377.757
112.825 454.731
445.604 450.907
432.853 23.219
189.355 351.841
281.171 355.357
393.471 439.465
36.902 452.471
498.251 354.855
333.425 377.283
141.816 363.898
484.053 349.492
206.065 216.971
3.392 10.210
322.509 328.565
268.552 322.756
182.255 163.521
339.387 308.883
43.480 248.755
11.211 398.091
147.438 358.706
146.337 413.746
148.677 301.591
15.913 466.758
346.467 58.837
277.072 343.105
486.359 169.088
297.807 357.188
379.432 201.131
234.616 183.133
478.130 173.534
494.125 155.260
310.955 213.670
73.023 389.383
73.071 455.884
411.230 280.180
485.405 229.458
493.818 472.644
410.986 162.565
280.446 115.279
29.841 283.343
376.726 293.528
300.041 197.037
498.351 114.858
490.472 243.396
205.996 410.035
75.825 261.410
329.972 137.460
69.626 206.036
22.628 130.446
473.827 492.003
276.952 177.317
446.192 480.979
342.948 486.089
478.299 280.262
186.952 104.139
57.124 143.568
357.724 193.235
256.964 348.016
68.817 25.328
345.158 141.009
86.009 73.433
197.119 242.613
259.949 493.260
265.819 492.691
496.963 194.291
349.076 350.366
37.689 404.527
290.439 251.938
163.233 330.948
202.472 140.760
416.317 241.807
409.889 184.518
54.419 364.993
310.562 117.222
437.547 456.094
498.629 228.929
90.262 203.407
287.730 277.067
120.081 399.941
427.834 208.216
411.050 84.166
78.261 405.615
2.881 117.306
245.154 119.958
196.415 121.759
165.904 391.933
376.976 432.440
235.627 343.471
91.532 79.265
205.983 249.543
128.848 65.139
484.277 213.464
457.069 371.318
397.672 15.017
243.834 405.233
316.430 164.085
25.388 393.471
64.669 165.829
472.286 160.788
400.761 206.876
141.225 114.677
352.225 426.492
256.548 146.461
167.416 99.312
119.061 425.896
250.555 99.033
390.818 282.129
51.506 133.892
494.125 427.133
236.839 266.234
339.690 304.613
318.801 123.283
434.700 130.357
493.884 305.965
427.762 370.574
263.350 224.376
389.877 248.332
287.668 325.219
394.655 402.561
340.813 77.468
79.951 136.662
495.416 66.217
68.668 17.126
419.665 163.680
13.816 267.489
186.205 210.799
452.796 130.950
428.577 240.826
306.511 407.393
86.177 484.676
268.806 392.299
202.043 95.353
103.953 166.440
439.500 271.037
155.136 430.745
157.498 487.445
271.969 397.158
420.643 154.631
6.503 55.098
280.727 177.943
74.062 481.659
72.429 81.834
110.985 427.680
305.289 229.665
76.976 83.701
362.113 426.620
80.654 316.727
37.880 274.263
273.694 350.614
105.280 430.983
499.540 225.588
335.354 153.051
158.286 443.596
170.919 487.389
464.912 294.213
256.797 465.023
395.516 193.767
309.388 460.203
74.711 310.108
342.279 110.164
34.567 56.831
147.192 120.831
428.747 137.514
133.145 91.101
482.599 258.583
434.911 158.227
141.616 239.259
411.751 66.204
6.363 217.793
464.260 193.827
126.033 15.030
157.489 48.610
478.945 416.775
209.108 233.417
56.427 300.802
62.065 251.772
271.264 352.077
290.662 398.029
415.253 362.156
449.263 24.688
12.774 288.085
193.760 452.511
415.586 436.257
332.843 485.066
206.392 358.851
375.829 484.350
129.289 471.036
98.891 184.244
191.287 94.942
145.623 476.877
55.249 350.065
350.096 138.682
99.175 66.805
230.028 210.423
253.137 20.057
472.655 43.842
72.545 412.921
373.471 261.098
441.667 184.582
149.714 122.848
67.533 41.089
300.286 479.279
406.342 184.713
162.708 298.416
438.954 69.990
114.599 131.139
388.164 494.823
52.860 252.173
49.544 16.578
178.044 210.691
150.074 108.413
78.718 427.471
489.833 272.058
55.085 4.507
120.537 184.211
229.016 390.114
419.396 464.688
439.062 385.297
268.520 33.408
106.300 123.870
19.592 73.524
236.688 305.034
477.049 480.351
331.198 152.883
