203.260 461.814
198.428 20.648
46.695 312.317
423.612 428.432
486.043 96.401
427.581 165.932
253.569 359.139
348.408 295.824
37.687 130.190
418.236 262.529
444.711 422.898
205.478 22.647
151.361 399.681
373.057 310.772
91.638 421.217
99.188 39.405
291.364 411.785
126.024 491.320
227.196 314.003
200.250 477.674
240.169 92.092
448.500 24.434
136.001 310.126
244.814 285.806
55.753 489.644
211.220 154.262
82.282 460.074
136.043 267.512
388.072 96.831
296.221 30.260
426.551 59.111
212.470 459.827
159.006 374.294
403.906 126.802
80.719 279.666
422.530 134.907
215.152 166.877
186.320 166.211
470.694 66.952
158.499 247.328
350.110 372.807
133.497 54.447
385.814 47.768
345.286 428.230
314.654 68.284
213.494 423.195
271.821 347.099
273.134 153.774
415.257 172.121
414.876 241.721
463.774 195.403
138.533 478.030
370.689 17.380
77.584 392.521
64.225 269.943
354.160 273.534
272.975 42.751
157.675 246.299
418.829 442.106
198.401 11.133
368.655 407.189
116.976 323.461
354.768 19.969
487.744 401.939
265.415 424.006
386.101 342.277
366.043 113.567
369.503 381.817
92.250 36.935
431.145 477.246
314.596 115.685
407.141 3.165
62.921 463.408
474.849 171.114
461.184 265.924
323.610 79.425
200.323 48.407
296.724 15.948
359.166 128.066
79.445 268.555
100.294 200.568
339.422 356.267
423.183 356.677
168.411 178.284
456.309 453.576
116.562 172.014
50.521 62.899
177.460 159.099
95.579 265.208
208.725 408.175
300.383 342.326
445.180 80.348
439.419 86.006
184.411 74.633
407.986 145.087
53.175 373.232
37.869 461.399
496.800 471.673
130.413 32.852
408.372 260.670
369.799 21.362
366.507 62.419
151.560 405.219
303.868 385.777
346.786 195.227
11.072 30.173
420.230 44.968
156.628 487.726
440.911 123.550
358.957 216.013
145.060 130.788
420.934 444.765
227.042 454.685
157.131 315.048
290.359 300.652
266.537 303.485
334.770 272.678
158.298 396.767
86.336 149.534
442.892 105.395
282.363 65.118
202.862 23.698
14.207 55.370
319.422 411.529
58.688 201.927
388.090 69.978
78.655 450.016
375.170 264.082
36.999 455.333
98.309 81.091
111.252 259.998
411.255 224.789
388.392 30.089
74.154 31.740
58.727 468.790
227.270 48.086
293.824 141.481
297.998 152.849
352.799 488.677
151.421 491.222
82.712 180.102
270.097 53.861
110.589 451.575
486.716 238.581
13.332 42.878
366.445 48.210
5.142 16.893
381.574 153.502
341.098 340.093
10.219 226.415
296.899 354.134
104.941 14.499
143.145 12.986
43.328 134.897
472.858 42.979
102.123 368.354
276.919 61.008
472.749 307.691
149.914 189.419
128.079 69.847
3.632 189.519
58.891 431.142
255.684 116.040
402.229 351.182
172.344 92.831
19.406 244.002
247.219 107.815
199.025 436.052
345.868 277.218
111.409 300.097
326.519 269.472
248.219 374.643
84.200 165.491
62.355 298.809
145.610 92.818
111.065 60.136
492.330 488.332
161.830 252.221
459.299 21.738
3.631 162.787
300.628 434.836
314.663 207.765
474.355 134.587
381.572 97.149
481.168 16.856
190.623 332.913
488.341 443.391
181.700 314.246
464.360 313.952
63.095 261.469
89.781 419.437
414.132 258.534
407.727 36.332
289.980 297.319
290.880 418.052
343.367 275.240
270.232 496.917
127.460 20.531
495.236 11.354
62.393 256.687
134.662 128.212
224.415 304.967
324.421 129.211
470.830 3.220
493.351 74.649
98.837 105.813
435.176 98.286
82.698 422.131
252.851 281.239
316.262 404.949
169.674 429.526
164.672 21.490
15.470 439.723
354.409 180.096
0.379 370.829
377.145 244.544
372.398 367.417
291.938 198.160
169.286 42.809
205.069 117.643
283.519 10.357
249.751 37.102
387.461 69.891
116.976 95.069
455.432 394.935
288.815 19.751
126.573 356.777
280.292 323.625
407.609 448.917
323.460 435.377
87.554 398.858
425.840 150.012
278.745 303.755
143.739 180.180
47.370 200.363
339.461 28.103
424.901 137.188
334.226 369.570
353.746 77.701
496.289 279.995
426.785 249.898
494.541 139.425
0.132 378.984
255.831 424.237
179.301 40.163
213.841 400.319
126.159 390.274
40.658 0.678
292.168 444.946
408.074 11.563
351.671 34.960
116.432 55.290
443.938 188.835
238.579 475.964
1.849 52.158
182.437 376.409
401.945 317.735
136.428 42.951
311.716 279.998
273.788 484.271
497.095 327.401
294.493 420.946
397.994 120.260
141.546 207.008
243.138 240.662
111.596 94.781
318.825 477.513
32.204 169.095
166.900 47.806
271.245 197.901
481.436 362.893
97.643 10.455
136.225 208.986
305.488 466.585
270.761 372.844
30.405 273.681
350.644 303.653
76.069 287.845
346.529 489.976
147.887 88.910
402.596 467.937
290.837 350.729
56.272 180.294
498.149 484.485
143.659 9.847
446.432 478.046
303.648 228.428
85.927 349.391
430.384 440.659
73.804 213.908
378.478 399.390
220.818 326.755
237.324 486.901
419.469 168.661
192.608 21.108
430.112 399.621
399.039 294.774
433.413 105.377
331.430 251.872
90.893 20.934
130.445 36.323
223.446 49.529
52.295 152.611
100.780 440.041
400.576 97.817
444.322 130.193
6.687 130.458
317.825 370.062
61.601 224.328
344.306 412.731
69.421 249.213
146.621 75.431
366.138 164.819
440.068 172.527
164.279 138.974
100.936 265.949
217.265 477.587
226.968 277.745
219.137 71.199
226.901 352.797
58.671 149.568
107.219 335.324
359.703 413.202
419.873 71.140
399.301 287.493
180.441 163.453
414.606 146.946
12.396 460.074
491.646 121.317
290.932 64.416
185.387 240.098
77.865 222.313
233.931 230.179
436.282 136.399
90.807 55.621
224.420 339.326
128.514 312.559
354.472 193.216
36.983 189.901
363.029 14.634
42.883 97.002
408.500 288.406
394.355 197.852
236.762 83.771
471.139 285.232
325.098 38.720
499.905 70.183
423.645 402.610
325.616 304.328
31.928 76.124
120.106 499.909
482.220 12.794
484.770 453.681
137.910 58.765
185.880 12.861
276.074 254.277
136.426 273.207
402.522 108.760
23.016 447.998
458.065 213.717
80.992 191.651
420.802 331.766
296.849 275.037
26.089 233.382
410.601 334.467
99.181 474.318
214.554 337.814
495.980 182.215
318.407 371.130
449.679 220.245
249.101 332.133
465.961 147.336
14.355 11.462
53.038 222.590
24.823 80.158
308.578 145.503
107.192 46.408
192.239 87.866
129.413 171.680
492.737 388.215
50.401 177.240
378.174 338.740
348.108 186.594
322.745 344.472
441.492 118.733
81.006 55.289
431.878 361.258
141.578 249.693
10.370 240.357
423.333 105.629
30.869 231.244
418.370 322.109
158.132 281.627
478.554 351.324
16.987 322.933
107.160 22.813
58.936 188.651
0.407 7.009
413.687 400.364
214.573 341.252
435.050 125.804
192.939 185.706
175.165 443.059
75.443 124.432
173.955 446.443
244.417 140.770
238.040 383.448
447.395 79.492
56.753 7.415
369.747 146.203
444.669 419.003
260.718 436.794
362.495 351.535
43.554 45.396
120.281 247.567
215.067 244.193
337.933 317.685
252.299 227.743
329.646 354.129
451.254 203.651
146.060 401.822
291.303 284.543
407.453 115.544
29.735 462.937
298.209 344.047
276.575 466.566
361.574 104.573
61.079 461.632
399.753 426.377
39.540 136.354
292.811 104.201
238.228 349.172
463.908 483.574
104.195 361.742
444.629 361.381
230.887 283.639
412.964 287.677
349.040 42.883
434.372 126.760
311.726 229.720
103.978 410.748
88.109 353.964
289.292 432.981
238.145 177.485
77.129 160.325
281.532 467.844
153.945 456.719
330.329 49.359
10.704 98.794
104.417 34.555
136.508 124.641
461.510 372.244
259.097 112.292
14.588 199.871
388.983 338.294
119.471 492.423
120.022 433.629
470.565 476.470
420.241 345.642
76.984 384.042
275.813 226.215
470.878 379.882
304.037 204.672
391.855 113.469
290.776 61.868
346.163 68.616
348.792 221.705
183.191 50.343
9.898 393.678
358.245 180.687
15.432 93.534
324.290 430.198
87.794 322.742
413.740 101.050
367.558 115.903
139.717 430.720
464.283 120.149
235.901 344.389
487.793 363.284
464.287 5.176
173.261 250.448
274.409 360.264
154.959 248.036
412.842 371.814
351.656 125.678
38.147 98.221
274.858 86.752
49.274 185.497
168.814 99.020
415.257 339.575
332.525 252.030
145.275 172.089
134.975 123.408
426.766 151.305
95.981 324.189
210.298 207.783
401.814 111.094
92.015 32.379
392.907 273.462
412.454 204.162
172.152 263.873
181.585 52.168
383.507 403.556
352.821 102.390
415.949 294.000
130.614 58.253
387.372 96.212
288.152 304.139
468.438 101.008
141.878 390.751
410.561 43.161
85.373 24.833
61.482 374.265
265.591 151.939
304.288 357.662
396.475 19.775
86.289 440.188
79.738 379.952
371.590 177.790
19.420 154.541
370.310 481.143
484.740 238.095
383.705 226.110
274.950 473.664
135.810 424.756
269.997 302.157
63.101 32.280
230.114 92.004
380.599 279.258
475.350 103.623
20.042 78.260
318.011 353.802
182.767 244.880
339.525 448.105
455.882 257.161
431.259 219.303
147.066 20.732
104.922 98.438
204.672 37.790
132.312 53.122
402.163 320.045
29.462 395.245
244.484 392.444
271.345 115.636
48.017 134.778
398.616 177.634
162.098 51.387
228.664 144.170
472.855 50.870
164.399 84.348
178.337 152.562
369.771 233.357
307.861 415.726
312.361 497.730
292.092 33.903
412.007 219.593
285.064 385.910
25.513 381.507
269.908 49.755
162.715 246.021
321.259 495.208
332.520 211.361
419.445 466.713
280.026 121.053
32.730 324.247
420.663 263.658
430.167 23.396
2.997 268.692
469.672 431.552
386.305 222.578
293.353 15.944
322.654 150.470
45.528 447.680
65.605 22.853
426.231 112.700
31.183 320.033
485.141 267.647
487.532 381.796
50.261 157.943
227.278 29.586
347.050 104.868
184.209 27.889
68.954 159.401
422.738 499.906
1.702 235.865
351.004 13.612
488.927 444.494
113.360 108.935
405.901 381.462
176.619 49.464
389.873 101.701
0.482 131.059
53.114 345.804
373.887 270.639
491.905 12.683
133.187 397.092
23.799 129.998
152.349 381.579
380.063 326.763
311.029 212.690
199.907 81.833
8.300 417.843
161.360 271.484
246.891 98.735
376.688 276.800
55.874 153.882
23.119 99.901
486.456 329.105
422.668 284.107
315.046 364.961
309.546 202.687
322.600 470.039
368.218 358.935
120.075 347.984
337.039 322.767
406.525 433.092
14.996 414.077
380.263 169.719
320.163 1.515
49.802 38.334
145.564 270.670
325.496 442.878
415.393 446.599
493.794 62.790
200.793 464.459
