347.614 389.332
162.322 499.394
16.544 186.940
197.921 235.429
474.200 272.233
98.136 1.545
1.812 120.648
156.421 267.652
193.969 293.368
474.585 308.858
168.683 300.030
196.595 253.197
372.728 335.539
91.714 494.962
148.202 56.371
358.576 131.428
39.284 432.329
180.348 254.008
281.483 232.950
241.540 234.677
412.847 227.190
246.460 423.793
372.285 462.970
465.662 36.217
459.358 266.760
368.799 188.633
412.826 173.977
48.690 125.872
384.813 407.313
347.198 260.177
37.835 380.221
65.847 89.353
450.458 395.423
428.253 37.176
174.411 181.096
53.470 481.028
495.633 275.681
484.664 67.221
3.018 265.533
478.231 139.514
469.758 78.450
62.612 457.847
182.318 455.651
497.402 75.302
299.301 202.941
123.628 94.362
315.442 152.422
208.390 150.041
130.867 360.998
281.520 11.886
392.981 467.512
212.880 370.706
384.859 19.891
408.506 110.214
356.925 396.575
401.640 196.498
274.550 109.400
121.057 469.624
288.686 37.536
182.937 110.476
35.022 457.414
387.155 344.315
196.690 388.782
105.776 309.545
284.768 41.073
273.036 431.914
154.309 136.355
13.770 398.035
80.091 447.088
7.590 324.418
334.570 79.592
273.746 226.583
130.637 145.383
204.930 256.980
455.774 452.104
151.530 53.480
5.694 182.691
241.096 282.204
94.922 302.412
499.072 108.640
362.754 166.601
238.747 381.514
188.423 382.620
26.053 94.192
376.294 93.405
287.976 8.548
59.318 149.977
192.679 245.650
245.905 385.996
23.558 199.113
444.413 409.861
86.485 156.783
39.094 254.709
200.387 231.614
456.974 299.791
443.892 439.752
417.286 235.989
497.572 403.761
163.633 168.095
257.657 234.700
451.633 47.463
17.446 223.572
280.008 26.721
90.127 129.358
86.275 430.860
125.662 97.637
290.126 346.844
407.299 177.659
182.173 401.440
255.353 219.565
212.131 300.022
156.732 368.910
127.469 188.213
212.860 412.088
426.399 260.959
272.683 315.808
57.370 368.399
166.975 89.468
335.861 119.030
116.926 271.799
315.626 203.033
151.357 387.709
281.753 180.646
215.776 226.431
321.912 258.733
245.246 476.770
385.507 97.632
17.114 452.652
182.782 407.664
484.608 210.096
364.438 161.564
375.474 396.896
405.790 24.653
406.581 443.876
342.583 213.120
334.566 184.123
240.867 88.432
218.760 182.305
59.816 61.871
154.732 176.220
363.895 404.336
491.535 139.888
160.775 58.843
277.702 435.177
498.793 89.705
168.536 135.473
277.847 465.629
150.915 160.734
23.511 145.822
348.009 261.325
423.528 426.601
329.771 176.142
151.780 106.059
168.542 451.828
201.815 73.946
75.441 127.243
450.811 142.754
481.405 14.771
346.465 189.757
436.681 244.305
308.840 88.661
279.572 325.658
306.528 135.617
499.137 415.397
43.162 299.816
192.558 261.465
178.441 125.682
302.886 107.854
296.988 386.967
296.668 167.032
362.329 468.067
82.475 340.948
482.645 258.130
267.480 39.163
312.355 274.453
151.703 45.056
407.184 110.747
76.695 367.790
409.680 446.773
126.756 75.247
374.605 163.097
75.652 372.791
449.874 169.446
426.004 376.662
161.753 160.728
183.138 247.506
230.183 456.890
18.191 14.461
54.671 213.292
117.629 94.271
60.586 102.547
124.385 355.109
301.998 66.873
301.306 180.354
82.726 405.735
147.062 496.889
188.990 393.515
240.179 210.647
303.681 427.880
307.917 106.143
274.957 203.747
137.049 206.612
48.241 433.159
387.806 179.250
489.079 364.887
237.282 220.145
262.264 237.862
117.434 303.221
133.772 421.688
123.070 86.804
446.807 49.167
398.626 334.348
175.693 297.854
367.605 178.074
488.549 454.362
201.121 169.683
171.870 62.982
381.600 384.099
177.579 218.253
275.707 1.114
37.638 86.199
118.993 351.763
330.432 70.219
136.911 63.957
301.710 299.134
487.649 452.925
398.593 482.389
226.170 306.810
447.785 74.877
468.127 396.928
100.726 453.895
11.857 338.480
420.096 361.600
380.255 31.805
354.188 229.449
486.227 272.759
390.829 403.823
274.104 45.372
288.381 401.580
312.653 9.082
392.956 91.617
373.176 304.706
181.722 3.110
480.170 449.797
322.932 199.426
416.970 423.814
213.236 61.962
378.784 349.691
249.342 131.172
188.930 314.071
138.607 468.630
328.299 493.109
158.304 41.160
168.127 443.770
36.949 231.167
118.160 334.363
290.474 274.904
305.616 456.734
414.310 482.369
304.686 313.474
343.968 219.727
358.029 217.315
109.370 265.511
452.053 422.940
242.806 355.790
47.717 23.826
264.568 48.539
360.493 112.475
41.293 101.311
346.681 72.496
147.817 403.040
184.379 269.469
156.226 237.000
127.748 178.384
82.662 59.013
496.358 364.920
417.884 234.166
310.762 126.727
224.898 243.575
16.834 286.906
120.392 472.987
121.431 286.857
108.300 43.986
381.648 94.886
497.631 34.294
58.484 478.908
445.678 322.852
252.669 9.044
156.358 173.999
22.865 293.012
267.192 179.461
265.917 220.341
108.760 297.847
316.867 59.373
475.524 473.287
140.496 359.616
15.256 349.277
44.396 404.873
420.287 307.255
51.650 433.613
404.014 120.862
255.294 99.959
271.204 36.384
72.976 474.382
66.598 310.371
246.170 379.230
306.106 439.558
436.296 448.230
474.912 3.420
461.775 266.547
479.685 119.872
182.325 227.827
492.306 163.785
375.825 50.223
118.595 98.055
487.933 249.843
422.435 280.164
490.184 348.516
102.065 395.177
422.355 97.792
285.771 196.842
75.700 234.345
437.829 28.664
210.369 11.943
199.925 95.290
469.635 487.826
259.610 54.462
429.991 460.734
137.605 64.256
258.534 435.951
102.253 119.471
92.066 450.333
162.457 139.492
367.322 444.838
245.205 151.820
446.092 496.869
395.009 227.721
305.194 331.972
493.430 373.066
378.837 87.218
12.750 164.376
47.261 81.002
64.605 24.385
491.931 128.623
124.621 437.943
349.088 190.456
297.092 336.546
39.555 230.744
271.878 440.367
313.337 489.101
239.484 462.681
469.112 29.518
99.236 295.181
93.362 456.097
349.383 450.822
261.900 167.837
471.330 395.699
316.681 14.127
129.094 291.986
32.079 39.274
343.233 41.387
234.193 19.068
488.718 302.716
329.651 217.867
78.971 321.932
259.723 406.392
91.244 321.824
6.433 348.960
166.199 440.042
355.259 203.283
248.064 236.944
224.531 436.514
77.896 224.785
90.179 202.699
160.511 438.635
192.517 69.029
325.072 62.920
165.393 326.453
224.511 208.692
76.606 37.046
190.911 35.491
324.355 198.693
363.376 52.779
409.530 216.471
79.294 53.768
265.259 137.096
391.374 132.915
70.233 246.186
400.635 150.889
155.692 56.134
182.509 37.121
274.234 20.794
172.345 465.652
176.708 227.952
437.433 484.506
2.704 56.864
113.662 186.016
141.599 136.478
134.272 271.348
318.601 473.523
116.316 225.753
360.525 282.118
96.133 364.062
407.511 29.601
165.397 52.562
350.613 365.258
410.852 209.304
13.753 194.313
115.838 111.856
442.860 389.859
321.675 109.942
334.926 111.854
409.222 463.094
240.366 75.454
388.500 159.776
233.078 54.198
57.822 291.798
275.615 243.878
49.238 95.622
140.514 238.643
253.749 468.313
277.171 212.987
236.217 456.537
349.343 69.017
235.004 125.262
193.162 116.406
273.105 405.637
37.918 211.597
381.968 20.819
143.980 166.019
405.489 349.370
457.471 83.712
69.257 389.835
163.476 298.139
25.919 196.743
15.506 105.459
316.501 398.219
487.098 301.511
455.588 378.885
190.753 371.189
386.940 338.140
47.161 96.301
5.504 489.522
463.555 118.093
243.267 288.909
345.224 297.772
16.534 484.743
422.108 45.391
369.064 129.753
397.087 276.840
467.949 23.190
343.051 433.722
111.877 222.846
438.251 475.561
349.032 258.629
390.315 395.676
270.359 406.506
323.077 359.850
136.382 8.326
331.374 399.754
74.530 404.388
16.269 289.672
443.228 311.895
474.305 290.814
487.776 410.759
239.132 126.249
246.412 270.606
310.871 125.477
499.610 287.245
56.158 200.829
298.742 163.693
149.957 469.772
386.428 356.707
114.500 466.292
426.956 349.404
257.356 87.123
166.202 137.045
400.100 79.334
252.426 492.408
427.756 156.568
150.585 23.963
347.398 459.970
31.531 448.878
384.254 4.092
464.516 233.925
401.194 197.750
134.270 123.321
267.263 217.309
14.625 307.386
256.559 256.159
273.770 463.611
490.878 209.738
496.502 91.053
205.418 367.054
160.697 425.142
239.165 336.943
352.604 249.492
45.832 174.884
496.435 124.258
438.966 489.944
9.522 358.946
42.389 485.121
312.141 435.731
78.132 110.072
271.829 53.022
263.541 336.639
96.272 232.914
22.594 4.339
33.788 64.773
354.094 14.313
439.606 63.588
89.853 317.589
209.813 88.481
317.139 178.873
44.633 82.922
405.165 53.841
59.822 15.802
129.333 235.949
386.129 341.889
161.030 82.487
255.751 180.814
398.738 455.668
351.721 171.772
292.182 199.290
191.845 244.320
478.256 492.664
353.347 148.203
41.575 144.947
393.414 328.232
119.031 266.368
224.359 75.651
317.788 295.715
116.089 236.511
249.220 419.292
147.010 205.507
267.014 416.763
100.707 24.009
137.841 484.172
84.559 221.149
57.410 223.576
64.491 429.910
400.479 430.495
434.892 49.026
44.884 335.001
443.108 364.466
452.608 222.623
80.197 213.062
223.069 104.400
466.112 409.791
91.675 106.486
180.518 472.752
450.058 92.130
245.280 377.641
88.434 84.678
398.205 251.052
99.290 199.981
97.424 369.049
429.896 225.626
59.684 144.636
353.547 225.169
139.226 46.711
267.340 469.940
172.725 57.882
449.663 109.127
257.298 346.190
296.090 363.942
355.450 223.683
242.697 491.411
116.656 253.291
393.770 233.384
128.449 291.530
72.550 53.713
103.487 32.502
413.641 403.845
145.980 188.797
390.639 346.881
25.811 143.864
288.499 388.056
156.624 25.848
477.386 97.262
432.826 45.113
285.858 385.898
46.796 273.516
160.176 59.376
241.742 466.444
195.453 363.201
346.763 317.290
118.206 73.300
145.486 83.211
225.292 76.659
228.607 86.211
468.503 131.252
46.287 88.694
288.113 75.014
250.773 439.574
142.959 174.386
162.420 434.378
374.551 121.249
215.470 2.302
388.333 9.934
0.835 34.663
282.773 58.677
364.167 255.163
412.214 93.719
312.739 319.567
210.771 343.465
312.714 398.227
157.089 205.704
435.110 125.961
42.323 214.065
309.454 230.211
370.331 28.289
238.586 188.584
93.175 202.414
363.581 465.692
20.240 460.661
159.677 234.527
316.929 65.392
392.303 125.575
194.279 484.906
496.445 326.863
436.892 111.347
419.376 208.128
234.437 276.564
204.785 247.364
