370.666 75.027
455.096 283.725
117.169 442.807
254.928 373.082
76.812 392.487
342.800 23.020
493.789 155.364
69.459 79.241
221.749 39.267
328.612 497.243
79.772 206.393
349.605 300.756
223.456 420.226
131.972 142.829
68.043 106.525
379.460 209.569
489.793 84.229
47.272 375.874
19.667 14.669
495.056 466.446
212.967 171.078
52.143 78.104
423.722 163.936
491.087 474.080
0.800 89.561
317.985 461.152
388.372 109.697
408.113 142.551
94.438 191.591
46.365 308.119
141.160 263.157
397.879 469.297
222.998 253.622
420.918 402.175
163.122 370.087
295.168 108.873
193.781 261.961
18.592 378.332
111.930 381.510
393.218 454.519
312.837 324.175
16.605 98.938
192.563 270.388
105.277 235.902
26.260 151.823
491.912 18.342
408.671 268.957
278.947 437.126
414.492 90.529
180.629 42.316
36.492 330.851
275.499 211.541
353.358 273.971
224.700 277.501
132.540 397.891
43.515 407.419
152.084 177.671
253.675 361.833
1.223 471.026
287.618 40.972
333.928 242.056
42.600 162.550
499.865 61.952
427.343 151.104
93.516 67.773
409.497 157.726
56.945 381.545
392.901 14.819
234.878 198.894
308.012 235.397
277.424 303.438
9.044 18.078
247.659 238.727
303.431 174.687
122.921 17.296
304.367 111.145
432.915 418.368
229.984 197.840
464.184 158.018
406.878 398.358
215.387 427.988
303.734 288.596
207.269 460.333
79.079 344.290
5.114 422.330
147.321 384.394
316.101 327.775
357.447 382.423
10.705 31.331
134.635 124.379
64.814 471.586
292.070 164.476
1.308 303.073
454.711 33.495
290.223 276.152
140.185 20.495
446.538 413.911
306.933 270.427
35.289 312.868
443.630 37.427
65.050 219.594
470.259 128.630
243.748 181.866
437.855 405.704
33.920 409.949
245.464 278.642
198.674 25.210
12.031 346.805
238.860 74.617
465.655 431.867
492.872 171.556
164.084 450.616
469.088 155.465
499.058 420.549
293.173 203.537
101.558 204.086
125.050 1.699
280.190 470.261
495.330 147.001
416.824 15.159
343.733 36.299
468.621 216.505
362.534 262.072
5.879 362.323
131.129 383.123
493.802 486.592
468.871 4.522
405.406 378.051
343.175 226.782
8.352 269.772
260.562 253.352
268.531 5.460
85.526 289.403
50.858 167.251
127.465 2.444
115.693 256.677
90.565 283.266
386.137 86.437
340.899 96.462
477.500 476.659
367.489 389.435
371.465 271.276
317.799 41.312
274.116 156.134
86.811 474.028
453.485 100.226
338.329 133.897
414.919 225.531
421.264 381.942
323.155 29.967
323.314 320.399
3.195 15.850
444.459 97.376
266.593 76.643
28.656 128.632
188.328 354.337
19.350 113.574
88.374 39.735
374.579 290.275
369.575 239.794
49.293 54.155
21.906 247.316
199.647 468.734
334.483 322.096
175.540 417.933
185.194 134.577
296.828 495.527
346.668 248.313
253.033 83.629
338.477 492.914
119.483 168.150
231.549 278.512
421.187 38.153
109.885 88.269
319.200 142.113
193.388 40.804
224.603 338.011
20.550 223.071
9.914 283.653
435.338 153.111
221.194 407.645
82.187 262.145
157.860 27.965
210.777 238.290
345.116 474.047
485.796 440.391
471.700 235.323
162.590 247.578
149.797 19.248
259.091 351.517
159.342 20.203
352.412 314.025
214.720 283.850
89.270 244.001
108.096 229.460
144.672 320.614
474.854 285.108
134.642 57.848
79.758 456.393
285.929 251.982
203.615 223.378
163.833 188.761
148.348 375.627
126.334 59.954
9.432 350.477
101.734 98.448
191.757 115.646
145.089 338.815
108.622 153.372
124.965 410.690
450.729 276.120
304.526 429.882
399.417 205.411
370.263 362.385
260.832 37.028
76.204 228.141
308.088 366.042
139.149 380.312
62.011 479.270
194.486 217.322
54.330 421.933
86.171 255.818
201.319 246.533
123.774 215.763
157.000 368.798
403.680 126.302
141.820 239.736
334.641 327.791
20.177 242.371
114.782 26.967
15.170 147.414
163.253 408.280
230.696 437.958
132.655 326.455
187.159 19.192
112.714 266.162
260.196 163.954
430.830 285.523
485.844 193.205
47.480 262.150
281.168 368.608
77.838 307.796
116.202 278.073
164.947 37.804
203.109 206.038
414.997 197.956
232.200 269.450
350.782 280.171
381.611 485.206
313.453 192.368
417.642 145.354
348.243 465.336
46.434 247.103
205.733 241.977
465.206 180.801
419.488 28.618
154.848 108.409
46.248 390.494
116.688 31.428
323.887 398.757
104.189 429.782
175.720 259.960
257.291 450.944
104.505 449.227
200.821 217.373
243.924 215.299
307.328 245.587
494.157 9.285
149.873 101.427
66.310 477.288
62.186 219.470
68.969 310.446
282.302 68.849
309.277 461.895
240.437 144.025
405.609 313.310
486.831 133.124
414.417 314.866
24.908 476.510
300.507 452.189
401.033 403.975
245.777 86.874
423.161 233.374
36.856 355.849
40.506 257.293
481.921 393.955
38.133 246.608
397.787 168.258
58.621 369.666
479.783 441.904
250.996 432.961
171.953 4.323
216.728 316.158
153.614 18.878
359.149 399.519
401.493 161.472
60.540 392.860
205.423 250.002
171.063 370.672
133.075 4.582
402.145 380.195
220.334 16.681
146.790 299.883
209.719 134.108
397.971 200.322
82.162 36.465
323.793 186.765
396.192 83.749
303.194 332.141
38.909 6.073
354.223 184.396
207.766 59.077
237.129 179.602
397.956 462.702
430.326 72.069
394.794 338.846
56.584 324.694
150.376 402.017
61.977 198.394
321.259 445.945
437.007 304.396
379.795 378.709
19.180 367.853
348.298 61.496
261.543 202.034
61.352 5.816
82.045 23.170
304.461 429.076
135.853 112.157
482.622 407.676
134.052 191.152
102.126 98.496
83.854 417.155
12.035 63.486
398.459 4.610
491.129 432.577
1.737 59.053
480.908 306.819
165.571 8.473
332.479 45.349
17.734 192.909
498.531 384.368
328.893 273.284
21.934 215.796
68.608 156.280
204.365 124.068
405.593 395.377
56.006 356.489
211.665 466.758
356.031 372.074
403.555 291.694
339.079 213.338
1.042 0.297
277.473 253.654
226.022 339.405
415.425 11.484
489.679 108.145
465.801 430.956
374.179 70.434
418.285 53.722
187.102 394.704
94.756 481.625
29.502 403.045
194.417 98.350
308.632 477.518
344.238 217.095
160.224 347.502
240.187 320.746
427.522 51.647
450.218 76.092
339.722 302.983
318.635 179.711
89.724 131.515
306.638 336.837
431.037 220.675
400.725 217.469
375.360 405.542
378.414 306.278
476.586 0.790
133.703 139.037
130.359 282.474
497.142 51.484
119.664 344.951
114.054 307.778
119.408 174.495
114.794 349.241
80.606 312.099
317.895 84.478
46.593 493.828
336.133 179.146
244.648 226.298
157.863 266.253
220.916 122.453
94.249 43.498
259.567 97.865
7.983 359.382
408.486 334.495
230.946 196.335
359.340 14.889
481.243 221.119
355.336 377.870
84.673 42.476
85.753 56.526
253.454 308.077
164.131 39.647
105.847 367.086
361.769 330.621
444.721 246.275
263.279 369.945
475.161 389.898
426.323 467.864
167.118 404.920
5.010 68.429
123.337 213.255
344.931 341.283
222.957 416.467
204.142 360.120
243.355 469.957
58.150 363.073
488.682 94.800
442.496 289.733
498.919 201.243
379.421 116.113
474.884 378.184
271.930 100.545
355.812 5.420
196.749 112.711
233.591 240.939
260.554 441.172
459.444 377.891
60.134 488.363
278.369 74.773
95.190 412.143
459.247 451.757
44.459 371.939
44.188 275.455
369.124 373.335
20.412 111.621
324.269 350.605
202.314 276.611
428.866 302.435
465.247 470.891
317.383 267.522
59.410 389.427
419.795 71.725
236.340 434.584
14.987 131.514
91.539 300.371
278.558 105.753
169.227 241.138
225.819 330.668
56.303 80.308
249.947 136.019
180.000 373.909
33.218 463.869
159.639 497.814
308.378 445.531
249.788 8.766
127.204 473.124
109.670 2.820
219.448 377.988
30.958 116.547
177.791 406.964
232.524 47.451
18.059 419.224
252.422 325.389
222.599 185.227
236.858 83.988
221.150 44.837
372.856 415.389
208.333 227.494
407.076 435.062
18.032 304.277
124.937 447.788
35.165 323.112
9.072 465.367
422.125 334.825
38.900 82.266
415.790 368.074
477.524 462.201
356.038 409.209
129.193 484.181
496.379 341.198
429.261 453.994
104.706 394.655
283.715 408.639
413.315 161.011
171.567 441.908
474.838 101.375
111.495 23.611
323.716 43.812
272.175 362.141
277.830 353.126
0.994 485.848
13.531 397.827
318.974 487.226
343.181 409.026
53.068 459.216
101.956 297.665
328.856 38.298
447.349 33.858
315.166 55.004
235.643 455.451
93.574 404.375
47.326 301.300
192.681 479.245
25.830 360.849
392.073 219.822
90.317 328.047
145.482 34.560
316.260 22.273
434.314 396.598
270.477 249.171
290.389 409.062
255.884 164.494
414.369 396.355
245.099 272.603
396.790 340.997
271.124 60.194
65.539 26.814
95.721 163.495
466.941 206.661
283.604 222.240
401.698 47.959
410.753 306.067
420.205 44.373
283.150 321.515
33.036 429.290
411.153 53.675
464.059 167.962
347.740 262.543
133.182 395.937
251.188 277.518
365.421 412.310
142.933 73.634
205.445 444.056
37.821 191.164
56.000 106.784
326.853 249.452
454.437 353.303
10.214 110.422
19.073 430.893
48.980 425.122
251.125 50.784
493.385 308.402
24.303 146.918
445.525 254.918
245.038 489.127
487.564 279.452
78.544 135.229
420.331 89.279
453.531 200.472
426.762 147.687
214.638 75.168
465.500 148.619
76.945 39.646
196.702 9.217
121.922 279.922
380.027 374.735
342.465 191.838
273.634 172.733
297.561 198.982
395.370 20.228
480.432 45.239
297.045 66.516
152.272 487.296
56.425 399.116
93.351 324.082
369.186 312.046
57.956 22.417
113.806 75.263
490.008 209.238
408.994 228.234
91.683 415.809
48.610 61.195
439.350 420.811
390.216 385.106
91.757 89.753
372.182 11.357
474.655 90.464
321.449 369.614
304.680 403.142
472.968 328.041
425.165 184.286
494.028 232.132
362.124 434.885
286.904 150.447
204.734 64.900
32.604 113.159
356.615 124.650
35.729 246.080
8.674 271.782
191.901 285.571
132.149 443.413
153.314 66.224
49.750 374.534
351.919 330.860
214.736 405.942
281.943 23.464
358.739 436.570
27.137 372.880
281.052 459.577
489.873 22.229
141.001 70.975
345.208 48.249
402.910 134.899
388.686 395.553
243.786 146.394
63.234 164.243
160.149 217.058
493.041 285.176
272.656 132.495
37.992 267.565
228.577 172.477
285.049 72.679
29.052 107.245
135.578 426.718
1.327 136.115
178.390 438.297
396.626 116.293
411.140 108.435
357.937 68.814
36.409 275.663
52.592 312.254
48.045 16.981
