262.163 473.897
266.986 128.575
348.152 413.411
458.418 489.199
296.073 264.158
358.294 269.232
32.053 260.469
227.015 62.422
167.301 72.659
349.017 417.285
2.302 306.472
185.884 427.272
251.433 30.025
366.402 203.618
31.475 488.960
91.166 408.536
190.270 19.340
223.591 325.825
266.951 251.536
216.595 373.096
10.479 191.472
289.855 335.967
182.107 428.440
400.045 213.256
168.069 344.117
451.467 339.394
286.437 362.645
34.159 363.888
141.285 167.410
243.862 307.436
359.308 363.760
201.788 72.655
452.334 416.430
245.259 268.776
56.036 317.850
410.397 213.234
228.945 203.305
24.394 90.068
63.354 376.855
68.611 94.231
211.192 167.139
467.371 278.572
125.270 470.346
395.663 77.417
268.000 336.350
384.585 228.699
335.638 354.587
499.854 256.780
65.936 467.603
194.504 105.065
467.969 290.062
87.230 438.718
142.324 301.023
293.407 29.836
191.708 166.069
38.613 300.281
196.011 108.553
21.043 23.252
243.316 20.114
139.995 328.846
221.732 72.610
411.252 299.747
63.316 53.545
441.242 106.479
152.346 263.185
268.926 457.044
321.464 235.394
113.414 447.121
138.879 283.337
404.294 246.818
257.685 180.716
47.697 167.747
106.183 470.583
404.306 451.461
446.476 55.751
264.667 211.255
463.184 440.605
206.625 421.356
95.087 457.168
192.860 452.073
211.490 189.521
437.030 261.003
142.886 136.522
217.918 369.578
205.787 39.174
471.782 316.366
9.076 289.564
164.848 66.729
313.367 383.059
439.178 459.027
136.727 238.637
254.517 177.449
244.174 499.784
321.204 132.956
236.587 101.618
308.657 250.175
123.299 342.623
316.719 362.440
45.139 94.374
41.884 90.489
317.246 457.368
334.282 456.631
132.079 366.414
55.860 491.530
237.597 246.674
440.700 331.600
207.630 79.905
398.240 25.146
464.573 202.819
387.047 23.559
92.171 411.593
151.369 250.091
185.287 460.152
258.439 484.198
430.747 422.980
397.585 376.969
175.587 87.410
313.811 424.991
406.410 413.616
308.881 376.522
394.152 232.235
40.639 444.482
391.700 404.866
421.890 276.249
13.666 355.162
291.602 57.409
191.825 177.809
116.109 360.514
449.510 458.783
441.732 360.432
44.235 370.966
279.464 468.486
55.975 409.214
272.611 62.497
181.960 196.672
305.622 222.909
258.679 365.964
298.662 361.048
415.716 433.343
284.755 79.831
362.168 222.028
484.233 52.247
435.523 217.615
355.308 440.314
461.152 432.355
30.854 214.892
144.402 0.632
180.420 478.079
187.653 494.173
410.841 125.443
55.431 230.818
244.474 348.021
408.340 248.148
367.799 301.644
339.451 12.624
391.691 6.470
488.324 172.697
143.877 34.011
219.781 443.710
104.362 291.873
99.089 266.761
250.609 493.324
186.259 15.577
316.532 408.301
115.917 125.419
92.046 65.148
245.721 455.349
429.046 168.987
286.462 481.780
165.609 114.127
162.168 45.354
94.421 411.603
498.991 356.542
104.749 372.117
390.954 406.851
333.767 378.939
391.274 335.034
84.107 246.727
479.951 141.834
318.968 175.095
160.461 20.053
164.662 56.646
133.385 314.943
18.631 354.891
360.776 221.696
275.665 285.546
499.636 468.187
249.041 271.723
254.586 147.129
279.151 452.718
307.498 260.565
396.804 408.916
374.342 458.724
130.052 49.818
496.501 391.656
465.611 160.407
491.478 156.124
337.446 286.427
374.572 448.192
157.347 87.671
12.625 327.393
132.595 488.321
306.662 111.618
65.281 182.041
435.150 251.289
173.282 415.471
265.773 405.249
222.424 123.702
153.479 356.198
218.226 249.310
266.852 50.212
444.171 453.067
448.131 73.644
175.545 367.534
136.796 361.873
96.071 374.543
39.060 173.434
267.679 261.067
245.280 34.359
477.222 308.924
101.245 233.331
97.089 227.823
109.691 191.095
240.808 162.715
91.229 278.894
245.533 467.600
476.861 247.989
89.909 92.383
115.313 38.321
325.871 294.828
260.897 97.962
495.841 114.079
308.097 449.091
130.945 415.296
419.937 124.444
64.225 160.991
416.960 182.106
203.443 65.943
250.835 253.639
124.168 488.380
307.944 461.534
240.272 455.222
14.748 313.073
260.850 339.035
126.012 445.282
234.844 39.836
416.258 289.779
415.312 286.193
156.924 424.561
168.040 258.984
158.923 409.013
338.649 122.438
72.117 299.378
464.105 242.490
302.139 487.999
423.533 391.427
208.696 485.854
3.662 194.695
150.848 37.641
27.455 184.207
227.043 43.786
476.275 84.220
275.218 449.713
358.253 224.593
463.220 298.445
120.851 259.595
355.934 211.744
314.747 240.084
61.635 397.009
419.697 348.206
389.442 342.301
215.348 293.829
83.032 391.565
249.924 32.004
478.570 409.173
10.900 165.966
139.780 377.350
150.288 272.545
469.368 419.870
455.950 215.910
165.014 6.228
200.962 57.313
421.846 471.690
382.352 346.547
40.568 34.841
345.429 143.118
265.198 244.940
250.782 298.834
203.039 327.208
220.804 186.609
431.875 402.361
148.750 349.670
354.445 128.342
283.192 104.861
377.886 245.084
393.220 321.792
159.449 198.482
491.368 227.881
76.166 379.989
465.783 318.617
56.602 128.185
332.617 316.592
422.357 287.384
133.541 396.073
92.457 272.521
23.874 341.574
143.044 124.205
363.546 441.172
448.960 8.354
308.814 24.700
419.255 141.496
65.113 30.683
379.081 139.019
251.398 352.227
458.964 453.429
365.045 299.207
189.237 26.657
171.458 338.885
50.703 102.801
181.095 237.888
139.977 459.611
299.730 107.817
70.755 160.696
196.072 416.500
191.697 440.307
435.479 39.485
411.255 69.501
393.382 337.213
207.522 34.693
399.978 360.471
249.460 124.268
316.557 162.238
37.914 479.581
12.703 235.502
229.518 19.595
74.475 16.031
199.698 151.934
315.494 426.472
412.245 45.526
321.110 299.290
146.353 151.461
40.530 495.958
192.276 370.851
118.858 429.399
192.832 127.049
192.080 261.089
27.653 418.954
266.282 88.241
7.034 407.936
468.816 266.085
174.066 312.656
204.603 390.996
247.032 65.361
94.694 118.762
263.607 16.842
184.170 9.333
394.937 224.279
237.870 67.051
420.625 123.964
11.578 97.209
15.025 58.385
265.465 19.879
221.033 193.191
45.392 284.525
253.124 279.717
51.135 154.428
308.420 139.055
250.817 309.257
70.701 2.077
22.566 63.128
264.391 372.265
60.727 382.558
341.021 340.187
70.942 93.957
433.054 131.147
9.363 114.436
131.511 93.559
105.955 260.218
427.543 13.885
351.264 391.548
216.525 13.659
343.167 14.936
456.364 48.646
214.036 442.538
153.172 362.879
46.509 147.955
103.400 432.314
444.124 404.160
492.317 435.534
201.055 61.139
253.019 76.053
142.304 417.593
474.913 127.092
371.074 448.244
10.747 114.240
222.767 205.889
125.301 480.284
372.344 135.426
336.524 111.463
157.252 56.787
318.956 51.191
377.083 340.874
481.355 444.676
122.809 109.230
137.406 274.361
241.076 151.140
408.654 294.474
221.017 416.701
322.693 441.775
4.219 43.351
157.757 252.992
438.984 32.533
245.889 405.086
26.414 127.674
180.914 272.297
97.276 203.553
370.261 190.738
300.083 206.533
183.564 27.241
415.897 318.811
198.039 55.738
324.285 462.895
261.179 414.944
130.304 45.648
478.644 487.328
53.428 415.689
220.238 20.678
165.798 401.528
494.651 383.539
46.161 472.995
424.611 469.240
199.493 137.098
48.299 48.996
98.789 429.814
217.822 205.504
22.219 211.088
4.270 26.693
207.682 345.953
144.546 172.034
154.070 302.793
371.606 248.100
288.186 498.649
389.532 123.331
157.519 303.710
407.468 335.297
476.623 252.010
455.031 462.295
112.897 85.360
332.467 310.484
478.445 150.266
177.295 457.303
134.473 20.541
111.366 144.286
433.475 180.138
121.498 443.302
49.398 377.092
299.531 58.898
418.771 259.978
47.892 357.735
491.462 486.621
351.461 6.093
323.601 398.540
230.691 216.801
460.113 478.302
115.843 421.715
164.561 427.964
175.802 161.045
494.811 404.490
299.248 280.679
67.474 21.734
146.142 301.837
112.918 102.489
206.490 233.122
260.584 399.194
197.057 316.557
385.067 358.282
359.130 443.991
296.058 65.479
173.546 93.643
303.973 494.629
436.335 192.039
112.872 457.290
19.740 468.590
336.037 120.008
176.827 408.639
342.631 366.365
361.512 81.029
386.146 194.323
391.015 255.785
467.085 304.391
87.635 225.318
0.967 3.479
424.837 222.026
369.074 222.134
139.290 438.404
407.090 107.550
300.187 208.185
297.210 235.081
255.039 359.395
100.981 216.089
154.810 248.591
476.867 213.613
442.932 252.279
313.427 265.002
195.867 417.272
99.631 239.049
443.879 368.246
266.159 474.694
266.390 475.163
485.551 172.113
282.799 361.522
414.862 139.846
40.343 317.050
21.567 167.020
271.558 157.495
456.926 159.120
217.440 283.003
123.508 16.428
482.701 170.399
252.570 270.886
458.020 68.896
492.378 45.707
216.458 456.089
146.670 26.972
449.026 107.749
9.678 34.673
427.013 435.127
437.122 53.831
71.034 263.284
496.569 279.519
72.866 298.907
159.710 467.386
432.459 76.960
380.725 187.259
362.302 469.319
473.700 246.164
305.676 438.693
70.716 204.761
416.303 168.240
24.588 248.531
259.625 190.913
427.037 117.554
425.475 80.233
208.035 6.139
22.359 120.265
206.206 188.629
327.870 222.889
440.014 234.803
146.158 77.792
292.397 490.804
125.257 299.667
481.253 90.399
180.827 202.914
75.591 77.197
114.251 498.025
247.901 103.334
460.470 194.416
34.099 318.859
352.109 385.679
316.395 309.922
383.890 182.348
70.027 352.959
138.994 300.398
273.793 87.181
81.610 72.055
383.169 364.270
271.421 365.593
367.335 266.012
72.270 283.718
487.270 25.741
106.517 211.497
267.224 447.530
451.671 107.197
417.399 223.290
169.287 219.391
207.083 84.246
165.883 89.291
165.422 344.448
282.958 286.429
4.389 214.439
395.385 358.780
402.692 466.110
7.311 396.441
318.392 357.757
178.931 412.894
80.756 98.732
470.748 326.882
167.019 180.355
488.630 260.814
85.726 402.762
472.636 207.629
171.695 15.487
490.182 65.112
300.301 73.720
318.150 365.225
430.610 13.854
296.316 134.456
152.211 215.470
391.029 186.212
183.967 470.121
351.785 137.158
158.732 86.984
395.185 460.487
208.934 231.487
82.222 79.651
323.405 383.227
303.331 107.240
44.259 256.054
45.102 187.066
270.105 408.834
370.677 356.982
393.440 128.282
71.685 238.546
226.993 205.719
385.858 348.172
377.823 39.375
459.923 175.224
19.190 149.334
325.218 163.052
91.085 479.641
317.637 388.817
392.367 259.239
325.506 472.577
246.747 194.531
36.783 62.069
