367.436 213.113
478.486 172.235
396.599 70.483
64.298 145.192
352.506 297.710
146.826 70.676
422.299 5.041
121.738 204.635
222.037 355.864
33.958 372.691
402.756 161.988
147.515 96.173
409.465 309.050
169.892 293.353
64.658 267.590
218.186 93.131
168.325 230.169
314.864 454.800
72.483 447.064
60.159 363.487
479.924 452.100
270.785 197.843
332.604 331.811
458.295 130.328
114.707 322.484
464.653 444.559
376.391 267.245
368.969 147.157
393.040 288.969
237.683 215.599
261.652 79.459
406.502 76.874
235.791 82.840
121.092 344.823
295.908 101.531
453.779 254.966
277.911 417.731
346.383 437.716
77.352 410.331
23.883 377.244
89.497 45.819
191.705 79.791
226.623 94.876
383.461 27.989
58.588 389.808
317.145 17.132
82.916 60.852
194.618 47.871
321.571 83.114
295.581 128.085
58.579 131.341
268.497 398.833
130.806 233.891
480.636 414.925
240.201 477.237
412.622 450.894
303.575 41.067
5.690 53.005
364.607 75.036
110.039 470.370
157.832 16.143
314.353 214.498
437.213 175.162
341.652 204.339
166.176 232.778
230.659 203.240
382.682 51.156
372.238 104.815
328.240 404.372
147.588 143.074
495.577 367.675
312.938 123.547
476.080 320.953
258.905 491.011
311.704 73.623
34.838 260.180
429.091 472.338
407.766 189.148
285.930 197.332
15.177 199.552
360.342 33.399
126.269 468.662
144.632 85.937
193.965 449.816
338.798 325.438
162.174 124.085
152.620 207.237
31.190 247.390
360.266 414.043
52.402 152.590
312.280 166.959
148.787 347.315
20.698 283.732
397.729 410.532
298.698 238.520
495.021 142.231
458.427 216.079
376.586 95.185
18.929 62.561
209.990 444.086
186.300 384.704
176.952 58.250
46.148 405.248
173.468 476.328
151.231 479.966
360.702 493.228
263.040 218.384
224.013 96.021
163.470 332.939
320.914 3.286
74.323 44.619
139.176 123.116
213.189 460.470
227.896 416.245
250.655 369.922
454.307 384.263
373.764 63.705
18.934 47.190
260.682 337.042
202.378 150.527
251.851 88.175
383.535 59.138
338.174 258.437
292.245 102.644
358.913 260.421
183.718 232.197
43.361 385.401
314.723 92.228
421.230 151.311
81.952 249.083
231.611 156.446
494.100 353.817
222.551 294.803
285.997 32.233
239.777 170.876
164.738 448.983
440.621 158.298
209.899 342.251
322.641 46.986
320.747 168.851
274.275 286.681
333.069 406.680
325.759 129.062
254.647 459.417
272.260 269.102
185.346 339.546
424.936 161.376
450.478 495.594
164.259 160.889
105.091 7.228
66.754 335.782
448.395 311.373
422.813 332.678
298.523 71.733
459.499 200.871
155.309 184.681
258.587 18.316
299.381 72.984
74.351 251.921
486.956 322.037
196.822 486.597
292.521 320.120
69.003 386.049
356.314 394.063
161.378 46.731
495.218 425.167
250.737 260.993
310.232 258.400
476.465 149.761
359.227 224.105
187.376 127.424
306.318 378.869
345.295 288.680
400.014 402.358
379.908 469.559
183.367 473.657
132.424 262.111
137.610 25.891
133.024 318.326
194.985 347.574
360.267 266.720
391.699 240.923
45.640 455.950
420.172 103.219
53.102 185.046
139.515 154.667
44.387 268.126
95.848 487.911
427.011 477.643
123.538 152.326
209.188 159.289
463.798 444.481
390.825 149.998
315.484 101.189
477.035 417.429
171.146 214.260
382.136 412.131
49.395 78.838
143.630 190.212
220.761 265.093
138.771 17.918
455.831 51.993
303.979 408.063
364.976 10.471
10.834 131.926
142.213 109.455
330.553 338.695
413.347 132.936
328.362 159.717
32.730 23.873
288.491 301.907
329.805 308.558
26.444 211.454
13.015 180.529
37.769 79.883
254.378 33.137
428.915 358.375
65.912 448.616
96.768 238.699
104.159 322.049
160.315 49.039
225.038 84.312
386.727 352.854
1.102 472.551
474.945 280.658
31.642 443.634
84.211 113.666
127.289 234.847
194.331 71.787
140.448 483.537
479.996 56.438
139.925 411.538
485.045 318.416
396.223 278.683
389.318 89.778
289.327 253.779
327.733 136.630
247.175 495.174
82.820 310.552
394.141 380.209
51.577 271.457
310.010 80.616
113.175 481.747
278.883 372.416
364.000 266.954
26.094 370.458
359.031 489.755
64.506 385.781
449.991 231.434
457.104 276.272
320.495 214.822
328.934 161.040
350.336 481.061
417.156 102.289
468.087 396.694
350.512 96.896
419.733 355.477
270.560 457.616
329.721 19.494
162.974 171.460
328.629 45.317
479.585 35.435
203.948 94.871
115.672 261.540
358.190 496.121
393.650 397.948
287.317 193.855
330.860 205.576
11.090 325.600
308.122 30.197
492.592 389.565
314.399 276.962
205.702 211.172
280.869 351.159
338.571 407.794
465.999 89.439
332.418 298.423
47.107 114.527
14.627 28.069
375.550 385.416
387.173 3.443
334.342 246.687
332.504 41.688
427.723 2.460
15.366 303.042
35.071 468.573
173.777 411.235
334.627 413.632
335.237 186.756
245.506 50.725
427.882 469.289
121.870 494.167
427.480 236.050
192.418 381.209
463.648 431.506
23.360 310.977
84.960 379.279
200.874 195.887
298.914 147.595
184.286 57.791
441.053 332.189
66.580 492.770
312.949 46.889
42.866 26.137
13.983 224.196
252.554 159.047
71.283 309.959
49.979 238.253
389.837 466.039
207.661 19.455
384.891 379.783
264.984 291.100
328.230 139.614
92.136 176.828
302.460 286.942
450.744 61.308
87.047 483.610
281.216 261.129
412.214 364.873
59.646 243.923
491.088 435.107
439.936 291.046
17.711 97.436
152.798 357.252
184.664 230.973
249.163 401.598
344.764 273.550
380.302 337.190
434.112 400.242
413.745 475.510
114.396 349.880
104.042 218.256
125.564 410.517
320.478 472.924
461.445 407.510
162.718 57.682
174.303 68.340
102.838 25.994
88.874 332.531
252.518 51.859
131.198 319.693
181.905 461.459
363.983 374.708
312.260 200.049
474.628 481.631
221.591 460.523
34.033 496.991
96.903 363.276
417.185 151.424
97.463 415.516
20.066 476.402
267.471 367.466
269.325 310.081
171.310 61.177
499.301 122.531
458.178 36.094
157.692 299.988
78.873 313.221
117.001 31.855
50.328 186.888
411.724 267.495
269.901 379.901
415.397 447.168
465.097 494.013
85.515 309.822
65.926 247.944
74.435 221.535
83.822 175.719
337.069 347.759
375.454 226.371
202.908 125.879
442.160 443.441
82.122 211.079
480.526 24.487
262.880 449.638
255.758 180.192
492.349 469.552
368.282 59.473
123.638 125.947
230.102 430.154
293.370 137.678
159.540 54.427
269.206 111.543
92.567 314.599
458.738 478.055
8.058 319.267
315.217 329.095
154.755 100.203
384.078 302.971
458.862 330.549
59.438 469.383
149.973 298.607
150.979 216.198
240.704 399.700
204.938 76.658
452.709 187.129
113.588 402.103
27.963 190.196
420.903 265.335
492.320 482.825
281.270 303.267
498.730 463.466
4.875 158.487
324.608 325.795
259.886 234.805
374.139 197.512
93.537 299.199
369.537 31.061
229.433 219.981
183.423 284.318
143.901 464.006
492.091 416.594
445.457 357.730
252.698 118.755
386.043 63.713
58.298 267.672
435.613 324.559
351.110 300.828
9.525 166.480
232.085 230.303
293.510 252.807
76.955 346.116
47.378 214.632
185.235 334.709
326.178 157.784
20.571 458.235
312.369 393.611
1.675 435.668
388.697 317.673
272.845 25.111
384.000 202.147
402.855 416.315
21.551 348.006
10.451 67.148
225.987 29.120
195.697 427.309
428.635 175.538
204.878 124.349
100.687 246.023
219.986 146.285
391.924 90.318
28.362 94.025
344.517 208.015
119.330 484.362
186.249 427.300
51.281 409.942
32.606 57.691
127.680 381.965
439.421 218.240
64.185 168.009
239.820 34.788
4.632 174.032
351.959 70.399
34.068 85.995
56.258 370.229
97.202 404.142
372.471 236.689
363.731 208.956
55.489 252.734
199.947 148.821
455.864 348.869
149.239 373.609
146.959 364.164
235.967 396.733
311.645 426.329
252.779 488.420
23.397 383.971
189.968 14.048
367.995 394.029
357.331 2.000
206.827 8.402
10.415 482.631
467.824 19.658
27.708 9.739
74.602 304.530
169.570 135.714
335.525 213.019
410.966 171.809
431.433 40.476
333.762 398.990
298.183 389.685
369.058 0.057
485.117 401.376
140.617 296.987
397.517 265.591
369.666 268.993
254.611 443.663
293.603 264.632
24.191 67.583
4.783 337.511
104.993 368.156
418.528 106.701
307.638 39.576
332.488 276.231
177.003 487.570
122.457 175.427
282.590 5.738
188.133 149.440
491.244 68.221
423.021 441.028
338.548 302.422
19.290 10.323
17.902 443.151
59.508 101.901
374.265 437.402
363.063 168.463
372.812 5.136
158.565 71.266
473.489 72.789
466.250 425.793
488.311 411.858
173.506 221.456
357.943 356.712
466.104 179.875
68.796 441.920
301.168 224.540
260.997 348.693
195.421 253.240
434.074 2.059
20.607 368.512
339.808 56.931
488.246 202.543
314.884 370.454
59.182 341.431
489.285 401.206
229.128 50.048
75.631 249.709
187.181 448.489
419.045 147.021
429.854 229.363
386.561 461.959
203.501 226.790
429.107 28.522
111.359 487.906
274.915 22.194
334.488 429.234
260.010 251.851
463.805 421.383
480.112 25.491
290.931 133.376
440.165 398.187
64.990 416.860
196.500 92.166
427.839 484.510
455.396 321.998
204.937 216.448
399.775 390.951
271.654 364.275
310.611 145.763
250.468 487.275
106.914 281.950
7.547 342.282
460.951 440.712
412.982 189.947
388.495 382.747
373.188 420.831
290.317 207.000
47.553 197.098
488.901 106.854
268.085 182.375
459.886 292.500
216.229 430.615
259.823 91.540
166.644 302.509
444.574 198.930
436.796 139.854
11.602 167.734
390.097 373.935
211.143 229.219
431.741 393.337
286.416 241.606
461.930 206.065
288.841 264.021
159.542 71.189
496.375 189.405
331.537 51.105
119.844 335.229
394.291 438.987
138.306 363.278
27.294 227.959
122.260 438.968
309.105 144.123
179.857 211.632
351.497 358.937
64.643 397.474
308.252 470.076
43.893 406.981
295.631 236.846
129.940 319.497
241.876 183.868
196.539 252.830
160.024 95.589
169.338 312.932
169.049 485.383
314.054 499.888
99.603 462.604
434.029 165.976
1.759 173.726
492.536 45.349
328.926 208.032
88.586 259.426
101.448 110.109
256.982 351.172
399.418 264.356
83.890 129.387
206.087 232.952
207.507 53.209
85.513 490.272
382.201 165.493
49.260 39.246
227.738 433.329
237.869 222.251
367.221 384.015
153.320 65.766
27.988 181.730
255.899 173.107
458.905 413.477
469.926 277.168
345.514 59.921
268.075 24.557
125.672 164.518
286.988 41.329
406.443 408.294
497.488 255.880
223.054 6.910
