225.954 185.074
432.824 342.184
366.126 440.238
280.863 468.969
296.418 379.699
270.022 199.670
356.976 96.946
271.335 281.413
390.279 185.525
391.612 289.381
194.710 452.217
359.716 404.328
25.996 55.517
413.071 266.850
347.672 73.026
187.297 389.537
61.933 337.921
118.026 463.353
115.512 31.246
245.838 313.320
372.191 238.824
66.519 442.821
86.647 87.030
449.014 197.017
189.392 181.120
388.643 152.675
158.494 36.018
332.576 35.269
76.822 106.532
379.931 453.076
46.711 7.438
436.369 394.978
478.606 413.032
446.465 184.540
487.740 383.693
371.579 125.714
126.838 195.540
403.731 356.771
368.832 499.663
237.156 179.223
298.275 28.042
157.838 457.338
414.369 400.603
46.537 38.256
116.439 57.804
77.513 163.395
276.786 376.671
485.249 299.194
440.724 239.843
307.379 441.874
383.256 354.214
468.500 453.398
266.862 25.354
159.288 277.271
411.953 157.215
440.558 416.356
309.907 52.974
104.510 314.859
43.178 379.843
39.952 193.592
366.026 263.074
240.342 167.792
400.330 47.930
325.196 50.236
446.292 32.404
18.678 421.311
403.136 40.717
360.016 202.493
350.557 9.045
308.738 125.596
224.802 194.480
17.616 395.075
268.360 234.804
454.807 331.674
232.726 308.324
234.046 419.780
124.260 370.090
433.191 427.614
27.431 116.355
110.185 45.377
52.983 67.326
293.384 204.885
53.204 479.223
254.722 325.386
109.798 479.579
161.968 471.762
397.615 388.513
470.600 468.732
174.390 68.050
310.769 436.576
385.823 440.214
470.399 64.937
123.112 454.858
158.571 465.301
434.809 266.303
184.987 394.381
453.297 455.298
175.153 497.173
193.892 420.356
496.451 466.088
123.254 86.788
400.940 465.977
144.616 69.231
354.507 7.526
83.141 139.965
135.254 191.284
257.070 146.317
64.199 16.028
362.929 76.859
301.822 315.549
98.319 199.874
290.603 380.489
59.881 309.455
395.681 292.273
179.314 416.771
98.381 243.112
277.813 75.636
139.989 362.605
317.103 93.668
248.671 214.474
62.663 225.402
381.791 212.866
450.157 228.654
319.817 181.499
177.312 327.455
293.762 464.848
233.772 233.567
338.714 202.721
292.428 148.476
361.961 2.875
210.464 169.983
425.785 133.151
286.816 193.178
134.917 199.593
488.336 0.855
409.101 458.505
229.360 88.092
49.171 312.761
424.712 37.416
291.347 177.424
215.019 344.870
241.284 85.411
332.450 78.213
210.729 479.527
489.945 335.837
109.394 463.657
87.139 128.785
114.718 27.231
352.600 10.272
179.497 129.922
329.258 93.692
209.591 242.641
193.405 100.206
476.264 203.979
106.941 124.079
449.633 385.963
131.779 205.277
315.620 1.639
493.776 28.717
170.891 50.900
147.892 6.730
496.277 96.673
203.852 10.356
94.965 442.288
354.994 442.739
260.226 65.476
182.707 427.991
318.300 447.254
37.709 59.157
300.453 192.543
232.882 224.573
233.958 169.124
155.092 379.624
432.922 379.911
295.515 369.923
275.246 174.413
338.582 466.115
86.140 463.764
169.647 132.082
285.600 9.501
50.748 74.742
374.765 68.620
281.528 393.852
498.117 295.987
304.285 237.951
430.185 340.438
154.235 232.827
322.104 31.209
10.474 85.488
170.515 406.018
41.028 342.681
483.362 445.410
285.466 189.409
369.912 63.158
419.981 259.663
333.279 362.795
323.803 61.196
465.799 227.074
480.150 427.416
186.523 293.582
447.570 484.848
329.328 379.141
269.020 86.603
174.321 321.906
169.312 8.769
152.805 259.023
330.845 430.918
232.487 317.415
400.834 400.742
42.108 25.757
410.754 238.018
241.057 22.830
234.085 120.582
159.983 374.543
137.115 136.502
331.035 225.620
132.953 275.891
242.914 404.074
449.461 321.070
194.724 85.965
400.958 15.779
342.525 284.857
25.857 217.110
447.173 374.410
393.607 112.861
59.772 132.023
225.027 79.781
7.234 410.202
270.691 123.730
342.511 150.859
416.812 246.502
26.424 177.902
494.007 444.500
387.365 453.411
435.784 182.613
233.455 207.837
201.571 289.864
225.914 154.246
142.876 232.649
155.587 323.403
376.994 212.625
57.150 64.973
335.252 103.981
163.892 383.441
165.952 109.116
18.006 382.746
450.832 494.773
215.692 20.535
386.357 54.265
33.326 241.832
171.595 12.771
332.232 214.383
88.522 53.447
118.008 418.685
190.247 109.732
132.864 249.966
119.294 450.232
385.438 191.152
442.307 309.605
237.703 279.242
217.765 135.856
69.227 486.180
273.777 313.339
422.971 470.583
485.279 329.062
279.787 11.980
158.934 313.449
426.463 320.659
376.658 492.406
275.152 281.444
225.023 242.183
77.749 394.795
237.448 284.287
112.628 351.607
260.933 127.985
75.968 386.534
454.448 285.245
217.753 151.370
215.940 96.780
168.720 50.045
362.193 153.792
295.384 365.250
128.673 333.777
181.337 413.497
77.796 79.145
355.278 137.356
251.371 272.700
138.674 3.722
348.834 320.016
226.638 407.547
84.476 334.370
336.972 112.251
282.227 346.393
345.102 41.559
264.785 288.970
105.072 430.118
347.948 127.530
125.910 337.588
125.449 62.576
197.199 441.500
313.360 64.588
146.024 260.081
328.077 380.027
145.462 479.653
319.996 129.773
469.923 69.742
225.863 25.905
481.373 89.777
125.614 253.951
313.546 276.642
457.454 302.997
286.892 456.650
39.845 49.691
494.392 464.664
403.711 285.023
364.351 453.651
400.762 52.393
15.496 313.776
449.249 404.895
253.634 48.811
424.111 100.506
484.181 211.329
219.858 212.642
430.623 431.383
204.759 472.321
306.063 95.087
399.373 44.678
195.433 361.919
110.655 123.107
142.584 82.165
330.215 22.775
441.390 371.109
290.721 190.271
462.735 108.500
358.363 440.842
70.718 222.974
248.266 290.621
446.295 45.844
182.478 333.089
290.561 24.614
489.494 459.832
311.207 489.388
76.152 335.852
427.014 32.363
395.931 374.096
388.178 41.102
127.190 272.560
27.740 22.857
178.019 455.933
307.120 30.099
305.256 314.375
381.010 425.625
133.750 417.699
106.722 216.572
259.638 83.861
37.585 93.921
106.224 51.716
375.777 200.784
234.445 375.750
128.012 17.416
382.193 284.570
374.093 43.072
150.867 126.843
493.248 14.825
19.398 459.706
115.056 7.793
284.986 318.055
467.494 182.688
248.562 468.862
12.617 160.655
432.036 421.022
354.339 57.852
123.885 93.338
130.734 69.833
262.896 476.240
461.192 10.523
246.260 204.291
34.836 467.116
43.947 482.030
364.913 287.774
171.680 495.766
199.962 401.792
468.107 369.660
351.625 371.688
157.529 354.314
339.546 11.801
104.463 487.546
310.122 48.822
335.439 35.592
474.593 284.912
49.327 253.881
446.181 168.269
277.432 254.841
45.938 170.831
225.698 122.685
414.016 76.834
122.025 325.890
259.527 251.557
8.562 121.619
323.057 148.495
300.949 332.637
152.409 422.058
190.379 416.079
245.135 425.153
228.313 264.206
172.671 208.324
140.307 361.441
487.151 99.133
12.023 454.539
187.072 245.846
46.396 222.986
372.346 204.609
163.172 407.448
473.197 396.867
296.501 150.342
319.040 410.298
8.757 148.084
46.110 18.797
192.466 127.975
20.886 486.573
285.410 244.402
285.545 116.456
424.733 144.999
17.953 235.675
496.809 75.803
344.329 175.130
419.242 319.807
122.656 358.084
159.403 257.758
454.888 298.148
307.056 215.786
464.705 68.098
340.348 218.790
307.907 21.946
73.098 276.064
460.984 132.511
1.825 465.832
303.790 474.829
485.550 378.155
359.106 13.349
222.851 315.943
79.978 483.897
80.265 20.092
14.152 454.482
321.075 489.308
211.702 292.806
415.278 99.871
19.231 365.563
482.811 255.228
243.511 463.587
448.499 132.562
321.175 467.015
202.071 404.819
320.284 27.643
278.070 143.132
315.378 402.714
440.450 129.061
391.017 157.686
454.885 47.412
451.791 231.527
318.924 28.256
348.392 373.618
78.699 155.653
205.517 366.716
370.992 69.130
217.256 227.733
436.550 478.492
152.779 284.962
6.264 73.935
162.850 399.181
75.390 287.806
143.835 350.714
4.030 365.460
282.782 445.346
63.236 68.094
10.666 140.987
51.955 0.263
309.086 375.491
272.279 494.302
177.546 194.318
371.551 359.694
359.473 59.070
376.255 8.039
191.314 430.033
103.337 246.491
62.569 157.554
110.876 320.579
188.778 348.735
292.920 489.016
287.728 258.875
175.341 127.684
414.800 157.935
274.040 407.362
327.624 74.954
229.645 308.837
355.252 280.681
384.530 449.896
151.148 103.436
391.187 74.405
440.396 257.858
382.670 331.257
133.993 362.937
377.983 130.899
282.759 33.829
13.971 437.707
338.116 73.284
149.303 201.545
270.922 275.934
356.187 240.806
80.500 458.122
61.208 438.918
148.999 174.044
127.751 476.785
330.948 179.826
293.770 343.885
178.397 246.810
203.724 434.475
449.937 376.662
271.773 184.760
458.818 195.825
380.613 408.394
210.515 132.408
198.235 263.427
76.438 145.141
196.000 321.594
207.121 332.956
4.898 366.722
411.995 485.927
343.392 430.337
144.940 96.554
176.313 198.714
68.506 189.539
279.431 473.793
204.166 336.351
145.444 8.699
193.951 136.976
479.130 94.155
15.604 250.883
160.659 77.073
306.449 91.912
129.690 226.651
342.554 241.219
374.768 42.923
241.094 345.564
309.216 320.263
290.635 158.742
102.728 358.163
92.837 385.933
41.176 9.082
56.464 369.025
261.194 144.299
174.768 188.586
75.849 70.654
370.543 364.351
310.322 416.370
200.175 302.318
492.089 134.183
411.183 107.499
123.488 473.878
113.455 68.400
462.484 448.250
400.502 344.819
50.443 163.600
339.451 178.645
307.692 8.261
161.291 54.363
380.459 402.098
66.963 64.668
264.346 237.952
21.776 158.263
55.975 319.992
392.457 270.342
288.443 468.792
270.880 139.330
427.835 283.100
8.653 302.207
498.419 391.604
424.760 205.181
0.498 225.555
296.943 302.961
416.389 376.953
75.073 492.334
378.191 372.788
213.792 380.311
444.733 126.234
484.612 174.627
430.691 376.827
112.461 132.608
343.468 74.320
218.549 430.986
165.521 436.157
161.668 91.316
28.233 48.890
219.255 292.395
291.722 229.714
404.453 198.144
178.782 137.852
196.351 126.530
312.779 484.562
373.352 336.366
292.057 238.293
365.353 184.550
324.805 144.736
323.851 448.829
148.717 24.437
291.025 221.589
164.035 204.743
486.376 359.790
458.363 493.527
1.508 380.002
200.512 76.857
76.525 328.540
129.452 250.708
401.909 145.858
187.618 91.835
100.135 405.126
373.023 294.673
410.692 185.551
134.099 148.318
289.668 337.170
399.418 486.378
154.177 149.161
428.621 110.611
35.815 32.205
308.580 452.565
