116.723 402.031
197.620 100.356
127.532 283.620
492.542 104.300
203.443 55.988
11.331 52.683
404.749 109.578
181.231 219.212
309.191 8.697
434.906 356.461
468.362 231.525
118.090 494.868
9.943 392.773
173.605 466.064
143.165 326.737
368.064 496.150
203.628 216.016
233.030 150.516
35.576 465.649
423.580 239.152
3.183 385.242
233.836 8.591
433.315 396.033
370.287 283.025
215.573 365.666
64.163 19.448
169.821 413.901
365.434 446.350
351.346 417.682
488.429 354.835
77.685 382.976
7.864 398.368
243.241 308.336
374.808 355.201
483.096 382.038
499.641 165.342
464.745 140.814
136.478 327.016
283.273 50.232
217.015 69.491
352.718 104.425
55.333 312.631
207.650 215.553
476.406 132.561
155.989 235.942
384.336 61.115
147.710 396.478
301.643 70.860
107.769 84.373
283.841 135.859
237.932 108.199
39.185 97.065
205.845 376.593
421.718 366.271
466.389 475.273
257.023 342.562
447.560 440.989
432.114 89.349
147.699 219.687
463.283 266.985
108.507 333.885
359.571 146.883
140.151 18.903
116.083 385.147
365.105 258.755
151.807 450.994
443.429 491.260
61.877 242.015
350.187 214.607
326.324 248.708
113.678 342.755
437.104 377.362
126.919 286.519
469.783 133.540
65.285 117.167
474.088 74.633
216.100 452.500
77.896 132.816
176.631 364.905
209.822 397.006
215.140 211.424
354.044 79.432
41.124 266.598
190.515 177.735
127.371 369.487
51.262 488.792
220.912 78.167
416.064 467.773
482.506 491.340
401.930 399.300
447.954 180.493
290.357 440.082
64.495 355.319
368.584 96.805
213.761 469.261
202.140 326.119
238.540 277.831
64.663 382.868
177.304 127.209
186.051 444.881
307.746 355.392
420.409 225.468
254.386 48.327
68.199 449.649
388.247 385.014
64.936 243.862
334.940 36.229
394.676 56.749
6.079 403.592
412.856 360.514
18.039 182.380
150.684 469.219
98.381 304.112
459.153 148.633
85.229 28.670
424.029 420.678
16.443 306.884
223.587 385.764
381.462 139.601
18.530 295.709
46.172 369.252
369.369 73.121
306.064 270.773
472.636 436.469
403.476 114.009
426.370 133.900
172.929 202.500
259.874 485.964
211.130 254.913
364.220 179.840
267.399 283.948
91.446 234.766
412.222 98.282
342.700 54.378
41.416 332.831
404.862 382.747
66.258 472.401
491.306 379.382
103.724 354.418
372.263 34.823
412.180 285.545
26.992 310.329
275.468 291.651
396.639 215.695
33.700 347.361
412.616 79.876
6.799 38.244
139.901 345.849
77.306 241.844
458.210 412.245
296.771 458.124
335.540 271.763
413.529 276.063
179.675 469.443
359.105 365.090
293.386 127.544
164.532 460.745
211.504 121.469
205.357 272.914
150.466 205.529
458.351 379.444
139.161 106.577
484.340 380.414
234.559 288.753
32.775 340.336
177.887 163.616
53.770 366.440
408.948 191.620
273.314 77.588
378.227 42.497
499.852 457.015
177.636 392.901
171.974 86.884
93.285 490.982
228.791 446.432
238.795 54.481
20.619 18.132
251.653 229.400
4.764 218.160
235.216 418.446
300.997 174.473
261.783 114.609
246.146 174.359
75.092 470.978
498.999 233.625
0.662 54.195
239.792 410.794
488.491 74.404
265.304 340.830
156.159 483.804
294.213 48.921
305.929 19.073
94.321 455.491
354.343 246.093
157.482 455.429
268.018 432.949
80.589 261.101
115.253 257.533
67.104 54.069
404.806 150.017
485.786 47.987
355.819 407.153
306.685 405.648
109.592 404.940
89.933 427.678
379.109 165.067
69.790 420.561
268.533 104.301
289.143 137.671
339.769 18.719
384.614 316.766
232.189 169.768
183.953 127.591
341.928 85.172
420.685 339.645
415.693 150.940
324.366 484.529
313.398 256.858
380.398 249.169
496.210 393.736
460.717 476.337
413.777 411.898
215.719 34.196
42.257 196.013
276.916 447.734
202.680 90.856
482.293 218.349
353.459 201.147
455.002 293.512
95.699 245.286
268.482 37.363
459.645 12.604
58.480 113.577
410.902 475.708
360.071 224.891
38.440 351.687
355.908 338.431
60.792 100.254
349.601 203.658
118.644 444.739
440.549 479.994
374.971 217.998
427.675 221.521
39.501 217.976
329.580 426.188
168.577 68.874
29.923 487.798
489.619 425.891
213.226 124.736
290.203 206.545
312.482 145.924
175.620 105.108
28.132 135.862
466.255 152.803
139.563 298.866
48.780 56.275
73.012 27.202
341.440 17.134
367.607 90.963
391.786 261.310
255.814 192.489
302.738 360.778
446.092 231.209
316.009 299.794
377.744 234.030
395.381 388.653
480.580 346.611
497.781 236.311
262.266 269.183
201.092 496.621
248.176 53.425
208.546 155.190
354.451 453.243
358.229 307.652
381.767 181.280
458.367 384.060
253.400 221.940
312.412 113.296
137.085 157.045
331.227 370.201
471.082 249.061
263.769 97.216
156.578 178.286
77.798 400.507
30.369 275.522
498.283 288.492
38.062 216.312
139.408 401.453
353.304 309.110
200.239 305.476
468.322 419.727
383.371 195.413
69.110 423.950
327.293 146.532
346.408 347.601
44.534 342.392
425.398 368.707
305.621 229.323
472.406 80.743
27.287 40.938
103.730 42.946
266.338 327.735
154.182 377.575
292.782 148.044
413.537 434.634
317.507 191.342
85.016 143.976
202.433 78.672
490.751 466.013
229.561 69.546
342.663 302.835
74.588 335.916
307.208 182.957
110.494 305.730
409.279 314.386
33.216 482.967
18.887 55.019
16.997 25.460
482.133 71.322
167.130 22.868
219.719 288.939
44.719 2.713
243.653 31.792
39.380 453.024
187.973 61.572
318.944 499.362
80.935 289.699
342.890 18.378
374.941 372.225
148.874 157.035
225.832 167.858
277.106 184.754
250.241 273.536
61.614 395.562
462.711 421.504
493.521 436.961
194.275 357.488
468.491 42.139
265.359 177.166
295.063 278.370
198.598 257.958
113.459 101.355
221.502 52.917
325.170 247.664
376.078 203.307
248.896 28.396
303.259 295.379
278.081 260.313
321.803 113.025
106.828 271.805
65.360 404.852
6.466 198.454
498.048 97.877
330.320 22.797
237.243 468.481
241.563 109.945
146.487 275.008
199.180 373.646
313.615 72.869
224.566 496.200
173.418 122.287
431.988 411.273
310.366 312.166
17.485 173.704
86.895 5.840
7.522 495.756
156.636 97.560
338.131 371.450
425.990 114.814
56.854 336.069
0.663 493.000
335.122 456.199
5.646 358.664
74.490 456.723
330.136 384.625
476.556 348.750
465.287 163.305
165.859 215.767
424.114 357.039
207.415 146.827
71.703 237.014
324.839 338.139
70.062 255.622
10.366 192.645
133.966 428.421
102.311 139.241
139.531 159.496
402.987 15.814
170.218 336.311
132.171 483.476
81.278 267.389
10.968 192.660
23.964 89.760
69.968 65.142
265.373 116.098
243.886 256.132
104.410 470.155
237.147 38.587
244.861 29.731
153.335 451.455
361.057 82.881
19.724 3.369
277.643 232.227
130.453 479.264
123.696 325.896
223.590 84.217
53.437 23.514
157.131 297.773
398.574 430.147
302.730 375.737
236.782 497.336
88.500 307.839
368.185 96.258
203.266 124.559
162.434 144.609
272.179 410.094
18.394 386.915
149.492 176.501
141.228 3.994
238.051 485.183
208.883 164.041
202.342 295.234
360.746 142.248
196.718 207.603
73.929 29.609
208.583 231.524
396.447 88.579
81.275 57.390
64.475 272.545
347.074 253.584
420.099 484.741
81.275 428.176
410.266 15.168
45.511 293.802
127.010 493.084
473.030 469.106
436.310 277.922
88.395 393.691
319.359 314.399
263.056 307.842
359.210 27.193
334.329 167.751
82.768 9.864
95.458 193.567
490.806 95.516
76.452 290.934
255.780 478.626
71.616 28.260
260.631 373.428
417.232 316.592
407.232 198.160
312.928 342.459
271.649 70.310
474.024 46.771
401.797 335.985
311.101 261.176
413.387 285.587
348.290 259.658
373.725 427.701
99.023 246.953
315.766 91.291
231.926 342.629
305.150 393.210
219.039 112.264
191.951 421.067
95.564 480.555
269.667 113.303
226.093 95.569
310.535 170.818
281.208 175.863
448.114 162.241
314.785 347.495
63.711 40.652
311.494 131.948
361.945 454.546
242.050 294.689
481.148 22.881
396.476 439.304
322.036 224.978
431.135 121.747
171.015 396.803
417.167 349.801
491.122 351.383
174.344 196.603
427.381 256.455
441.820 224.325
441.054 177.589
315.496 343.988
187.583 329.668
357.055 474.773
225.723 389.673
487.438 93.442
13.563 138.753
372.490 460.033
228.538 101.456
183.807 113.540
347.236 115.206
351.329 358.473
316.086 157.456
177.885 69.334
83.979 133.913
378.467 415.919
383.534 172.290
359.241 114.568
159.940 431.675
96.567 248.627
128.141 131.924
482.196 256.504
112.199 233.885
300.950 191.728
438.904 184.416
193.887 401.346
408.107 488.003
259.017 472.769
71.290 3.837
486.073 427.931
409.079 359.498
458.508 87.011
214.898 441.055
461.158 200.874
73.858 495.599
156.835 364.715
104.341 72.519
497.682 472.904
464.679 391.357
440.395 68.415
28.467 354.291
295.643 222.347
445.850 219.810
417.129 218.023
307.969 342.810
263.996 447.800
47.358 90.206
348.938 95.377
133.821 42.405
123.999 69.557
417.476 435.095
344.889 51.966
402.869 249.007
350.710 298.734
140.740 62.515
342.085 268.389
441.636 406.003
437.261 186.904
41.556 44.360
203.984 137.427
143.027 14.253
244.576 451.756
422.631 86.876
152.208 460.177
396.770 371.699
292.188 30.330
141.474 106.857
62.033 334.337
297.581 145.430
400.341 368.653
215.828 430.723
70.858 260.270
211.054 470.108
350.594 323.526
464.285 118.504
457.109 126.740
38.983 235.416
429.190 229.180
84.107 254.512
78.459 72.663
110.243 174.075
249.959 279.809
261.804 1.264
172.507 32.914
397.037 54.306
65.037 487.748
15.663 437.448
254.617 448.175
444.042 398.171
14.980 365.928
173.766 491.220
143.394 219.067
299.917 215.708
483.217 461.789
491.379 447.845
387.535 102.734
112.018 41.964
443.766 353.873
56.027 148.923
239.854 91.528
199.108 120.050
7.694 499.308
100.449 113.678
461.624 347.378
92.992 438.310
203.813 50.349
210.359 75.205
155.668 126.496
434.596 338.270
77.111 471.738
487.718 180.395
321.851 469.887
157.577 436.409
418.015 347.011
273.043 161.063
164.176 385.848
489.760 386.445
61.237 163.686
85.804 394.193
445.992 141.406
44.897 103.820
74.157 309.920
470.773 270.894
69.731 65.316
232.121 448.712
110.801 431.363
493.799 334.872
421.433 6.521
22.888 463.274
369.148 493.841
29.150 213.976
383.115 301.279
364.769 184.530
183.345 413.216
144.688 458.918
321.555 455.340
206.740 349.636
75.465 11.379
401.736 204.617
