449.180 433.393
291.066 176.810
391.041 331.206
490.764 305.098
84.525 216.950
274.783 313.132
325.741 412.041
113.112 236.646
411.686 197.783
46.294 180.380
231.557 279.915
82.405 104.525
162.361 379.194
51.289 203.889
85.746 280.008
78.445 235.266
88.496 264.615
388.220 105.636
390.986 332.684
55.516 450.989
359.451 375.437
427.595 136.486
282.581 497.878
68.019 386.857
373.282 480.488
392.891 396.743
400.542 0.048
435.320 367.500
87.530 76.402
425.462 121.841
65.733 161.681
421.098 6.087
184.153 47.505
188.569 61.145
424.929 233.037
1.306 486.866
464.479 160.416
7.409 462.933
487.094 321.858
265.560 382.046
346.882 17.104
480.529 415.989
134.518 28.615
408.142 106.471
282.216 146.760
384.567 448.615
85.537 219.526
231.888 161.356
190.517 98.503
137.674 93.692
78.706 99.536
376.334 292.568
329.990 393.256
138.477 23.964
310.462 457.282
266.720 278.354
187.782 354.045
132.943 19.409
71.314 247.922
365.338 47.321
97.424 79.304
224.542 330.227
62.242 30.628
247.800 396.404
311.430 375.689
231.235 352.668
162.794 499.522
183.773 298.582
169.718 46.993
81.191 162.399
355.141 332.887
375.999 378.558
186.169 137.927
113.455 106.819
135.484 148.953
136.777 245.137
341.917 16.981
352.229 72.650
483.924 266.558
317.514 477.884
374.732 143.503
141.859 163.427
430.956 441.126
119.364 52.028
17.553 149.300
348.612 174.641
250.447 384.490
23.916 360.415
208.079 125.865
496.049 446.072
308.749 421.911
159.677 261.269
239.618 217.233
189.352 398.991
234.620 286.468
22.732 457.971
356.255 313.004
392.192 458.995
388.974 107.643
21.421 345.903
181.931 59.272
299.051 204.412
126.634 309.300
375.978 162.779
418.464 177.972
318.672 136.238
118.655 472.021
287.852 11.923
373.952 223.505
111.560 265.285
304.219 420.517
179.423 103.201
395.228 284.879
113.499 361.452
404.920 479.227
75.903 371.205
67.696 78.784
315.740 199.937
22.522 390.146
31.511 160.368
240.701 359.521
264.627 363.008
256.057 166.067
240.911 467.854
227.751 373.794
262.051 457.269
280.531 409.620
19.091 48.418
233.175 380.449
379.041 417.571
60.007 210.657
379.719 153.312
470.357 385.062
467.893 343.862
172.568 272.072
345.915 433.778
33.851 270.766
47.405 463.154
328.847 323.530
61.962 91.712
100.364 20.165
479.569 258.947
140.959 119.538
158.483 114.563
458.621 284.833
434.935 28.271
395.120 367.863
198.632 353.776
250.940 214.224
183.437 262.436
3.019 237.294
257.277 335.247
223.130 479.131
122.041 441.319
236.716 391.504
159.753 277.436
194.388 431.424
17.404 316.307
173.756 68.795
471.778 292.096
177.954 182.287
73.578 126.014
354.490 173.207
499.979 397.546
1.683 337.804
170.968 129.261
410.327 258.332
322.153 75.857
304.781 452.942
209.317 459.607
30.237 297.710
364.650 421.683
233.771 264.745
217.673 443.593
122.353 141.743
424.311 160.595
116.179 194.899
212.447 462.316
120.451 351.202
435.903 11.122
41.976 216.215
492.878 481.424
475.219 273.133
142.414 70.482
232.708 206.516
176.764 458.944
387.319 144.862
435.995 267.317
422.243 148.834
468.889 30.720
117.345 330.951
212.279 148.331
280.794 19.367
367.244 267.588
335.445 115.116
411.590 357.621
308.283 29.144
240.704 211.161
362.210 353.240
419.017 427.259
42.827 420.875
476.836 346.068
248.243 179.874
139.873 327.355
400.143 377.897
350.765 291.287
90.399 405.737
324.154 293.139
387.551 431.629
413.798 312.539
282.426 131.695
130.473 96.813
27.932 129.233
296.940 429.248
206.689 211.426
267.104 254.289
196.632 354.095
367.994 56.631
487.101 210.090
482.030 176.763
152.097 90.763
290.992 147.486
113.746 264.476
196.413 474.755
374.971 231.110
80.494 487.528
360.461 413.787
4.133 28.931
15.401 302.512
160.366 55.634
414.932 166.740
23.581 202.805
85.094 92.742
193.879 393.401
240.684 496.149
275.466 35.827
41.176 423.076
101.982 230.827
307.872 47.181
260.690 224.301
226.874 296.125
118.727 30.560
399.699 64.548
104.236 250.262
434.948 13.246
475.156 441.349
458.194 270.707
467.434 311.038
391.871 215.805
135.007 47.867
424.396 45.377
292.704 405.256
125.476 311.631
168.831 219.528
259.765 202.913
287.817 74.879
224.953 267.461
166.229 456.963
450.844 176.384
17.516 162.979
58.918 103.845
216.826 209.903
321.347 178.076
217.955 491.917
187.157 54.989
383.857 267.336
296.389 243.560
68.920 18.768
106.866 133.658
491.190 240.537
90.955 325.013
267.857 377.697
416.316 42.915
238.166 59.204
54.774 493.383
64.962 353.802
454.491 161.959
262.397 22.723
165.342 24.456
311.240 314.835
243.908 67.494
329.561 252.256
240.203 491.135
335.338 40.052
73.586 435.062
180.582 63.358
266.554 47.682
285.466 40.419
341.344 436.355
120.271 405.843
189.449 474.034
303.109 155.138
239.681 63.490
402.928 437.845
484.535 141.875
242.045 34.897
85.656 497.226
377.870 24.015
158.972 349.445
65.625 290.447
315.505 300.963
308.634 198.064
63.873 358.577
212.778 253.153
162.301 139.895
100.144 399.326
115.039 277.254
413.306 274.831
251.598 439.580
427.992 47.346
358.730 451.798
326.812 29.499
183.869 450.701
43.548 400.533
350.868 446.949
449.646 44.811
279.575 479.698
157.161 478.246
117.979 161.008
38.884 473.260
24.346 498.133
150.608 495.265
288.819 128.253
416.436 477.234
271.225 87.009
232.591 368.496
377.016 269.220
398.094 331.440
349.594 310.928
281.107 483.452
485.937 162.118
164.692 434.948
320.224 172.252
169.799 215.504
60.518 296.887
173.801 250.041
409.028 179.693
50.993 363.696
258.436 328.614
126.113 102.883
10.598 367.111
77.562 26.291
408.129 448.315
204.368 228.460
91.144 492.253
91.074 474.723
379.391 300.834
18.663 407.500
125.056 330.194
54.713 31.140
92.926 51.804
268.885 286.395
301.047 295.964
462.386 194.052
402.885 373.650
140.830 416.237
45.997 307.883
229.327 88.831
341.958 339.262
294.813 235.876
423.535 92.467
87.439 179.153
20.937 204.414
468.184 354.022
66.365 84.000
114.036 464.121
275.138 113.494
225.702 182.186
180.036 306.285
209.062 152.013
112.174 92.095
403.036 125.360
172.783 20.933
359.335 418.736
292.318 484.776
186.330 158.581
308.619 426.749
279.569 219.823
318.057 167.527
407.840 402.592
86.984 28.735
139.286 51.034
113.840 232.497
483.862 164.197
371.652 295.430
425.888 95.908
336.326 237.987
411.418 388.688
184.212 149.059
255.842 497.834
437.202 58.011
152.378 6.138
478.992 440.390
171.248 127.366
207.009 193.401
210.824 114.060
484.130 355.261
80.175 297.103
414.483 146.317
369.087 123.005
364.761 283.040
170.000 7.564
487.071 181.672
362.266 6.482
138.882 185.996
218.304 1.464
180.433 55.142
429.507 29.204
347.972 176.853
269.011 23.010
267.143 182.591
239.408 370.395
104.975 499.199
492.848 45.500
287.283 391.534
77.856 42.437
36.520 473.230
342.702 74.337
166.162 254.553
59.200 359.248
440.994 244.280
218.909 16.011
317.661 202.417
176.611 10.893
470.942 224.073
392.916 457.262
118.115 10.656
214.854 383.572
299.773 283.477
199.028 495.088
419.228 94.059
175.795 197.487
220.511 317.497
4.055 17.303
430.921 102.807
285.126 314.767
246.691 238.801
151.782 134.981
338.730 362.341
487.880 383.182
149.672 239.370
492.853 354.009
40.068 156.804
470.728 21.689
442.306 181.053
48.920 430.737
49.130 449.771
85.833 131.279
247.715 344.389
451.711 410.581
158.280 112.365
355.462 185.283
382.843 70.806
213.653 80.913
303.988 186.854
36.239 259.512
164.604 340.651
422.689 93.985
485.785 84.508
24.254 491.612
418.669 227.501
305.251 122.923
257.520 186.300
147.730 260.461
398.285 76.534
199.680 17.353
424.965 332.340
48.542 186.070
259.879 477.978
162.140 357.972
410.825 215.953
397.522 481.054
143.462 114.468
185.722 44.239
460.295 471.569
177.187 394.331
140.879 433.272
339.241 335.754
108.273 289.647
15.123 189.005
406.715 475.388
441.509 165.387
256.924 41.889
433.618 13.811
186.684 279.983
209.845 109.840
273.228 420.259
118.053 493.962
72.588 322.507
119.256 232.533
446.988 477.767
97.381 461.294
346.912 35.538
381.597 394.799
58.776 15.660
202.606 195.369
468.547 42.771
181.752 360.238
229.009 257.824
262.200 431.509
152.962 334.603
1.760 253.306
445.519 257.404
464.339 6.534
32.911 187.089
212.285 223.239
158.712 384.199
197.432 431.396
19.279 181.021
51.751 361.404
84.034 445.476
365.058 138.311
443.401 218.259
162.922 66.336
335.920 368.048
166.960 92.160
488.774 54.570
262.590 281.819
224.222 392.936
330.140 364.620
286.034 342.476
233.126 201.657
34.092 115.807
257.097 30.539
295.427 193.627
188.617 78.857
440.275 166.819
136.977 108.580
113.322 255.919
330.100 405.595
402.981 438.595
178.773 24.985
248.378 207.154
70.085 417.817
149.552 35.436
140.278 220.199
379.580 53.033
260.194 419.700
235.571 403.624
486.144 158.201
118.434 364.579
225.305 309.289
101.500 220.641
444.703 80.296
402.509 87.106
243.587 446.845
355.115 68.024
176.341 355.494
483.074 298.782
340.457 451.294
287.619 349.122
160.121 37.571
481.082 40.359
31.390 369.653
490.749 79.093
473.232 144.280
134.179 357.197
380.763 290.106
400.228 176.156
253.819 40.227
167.707 421.225
188.927 231.005
6.619 183.654
188.191 140.393
66.479 490.001
332.724 366.634
318.697 388.507
361.185 309.982
32.991 287.016
399.417 293.562
114.375 218.067
33.634 466.085
137.369 237.711
398.398 38.643
26.466 2.713
491.187 441.680
434.922 220.327
98.441 365.759
266.115 410.951
390.031 39.574
16.146 43.584
272.762 320.779
145.673 453.938
126.501 484.585
380.584 461.186
498.109 444.980
115.517 465.307
450.333 413.206
438.766 466.157
184.580 370.799
471.464 110.315
338.918 337.387
399.808 36.082
210.385 333.958
281.322 305.381
29.500 181.206
464.404 122.171
63.728 62.773
327.975 322.579
438.734 353.416
274.835 24.118
232.706 132.184
259.601 307.361
48.200 487.569
336.321 189.742
354.372 401.352
150.296 97.262
393.247 220.467
476.368 129.770
174.115 282.608
29.065 107.621
339.140 404.910
19.906 20.812
409.779 12.385
13.121 51.579
75.385 69.075
121.478 498.789
188.149 67.140
62.014 456.094
33.949 444.641
103.394 112.830
330.499 78.299
7.832 348.660
415.076 451.420
66.380 18.551
