7.397 425.794
101.989 434.272
198.086 392.370
385.481 101.435
413.704 410.058
407.990 14.713
192.096 338.322
457.989 487.658
92.239 409.770
69.816 462.784
116.426 338.243
297.898 41.175
298.774 169.511
390.395 374.862
87.048 282.066
498.743 150.924
216.153 236.151
228.870 471.805
84.112 274.691
314.170 227.464
321.642 295.637
189.511 149.591
325.537 108.546
149.379 86.302
343.954 116.180
149.702 45.514
127.487 41.249
357.748 342.462
106.777 495.910
115.409 371.083
211.909 362.147
436.500 477.641
382.425 386.038
24.133 354.198
328.207 347.954
356.486 190.147
103.358 124.448
117.677 469.521
74.319 167.743
347.616 136.344
388.769 254.610
299.564 150.640
326.442 33.753
408.548 489.576
81.437 499.859
70.057 148.877
198.756 454.633
164.943 69.174
22.642 302.976
345.315 371.630
323.517 226.190
350.617 138.086
35.097 45.736
279.513 466.687
298.664 38.717
437.566 148.889
240.814 170.508
258.219 201.345
85.116 153.919
232.923 3.958
233.824 453.840
376.330 47.983
263.578 64.027
382.483 403.410
267.853 105.853
163.486 207.456
24.534 182.637
301.507 224.574
475.929 4.835
59.686 185.730
309.263 497.764
422.687 147.877
351.780 330.151
149.325 329.138
463.477 130.452
263.538 188.449
446.770 428.158
377.575 460.226
36.147 402.398
138.468 216.838
163.396 213.277
498.668 16.279
265.142 132.505
452.764 271.425
47.902 491.257
228.201 174.700
230.260 486.999
467.441 70.710
101.616 27.828
274.034 410.656
68.904 157.341
243.211 244.453
79.090 494.099
164.809 25.488
84.867 127.230
187.221 473.062
44.542 338.681
425.299 4.222
415.555 162.293
440.774 346.554
246.364 483.809
144.552 310.210
319.658 345.914
447.800 12.740
35.149 130.498
277.364 248.755
267.831 245.917
429.190 241.707
392.280 272.795
438.887 108.294
350.489 328.319
431.940 388.939
255.777 176.964
188.055 493.230
318.159 294.114
47.052 227.778
221.886 224.256
230.730 155.865
416.001 213.508
167.976 444.708
472.199 96.152
102.703 87.724
227.077 68.991
219.545 129.064
427.594 386.179
406.048 217.080
207.665 386.130
147.467 104.669
243.249 262.796
486.128 433.539
386.616 350.265
259.472 359.265
318.966 464.882
439.359 432.650
474.110 407.388
274.346 426.917
303.955 419.125
397.978 439.890
251.240 151.339
30.505 485.330
60.757 212.311
115.646 61.027
382.322 308.695
241.367 398.178
199.604 214.646
226.348 464.205
46.175 382.854
87.054 248.987
108.693 32.842
142.545 294.833
416.270 497.422
226.566 290.250
389.878 19.880
452.452 474.762
288.454 285.365
465.072 292.083
300.173 216.595
411.259 245.304
415.312 200.509
269.710 346.789
346.694 389.345
417.939 414.586
182.741 264.716
63.355 21.034
96.761 282.012
256.361 34.032
472.324 313.184
223.746 299.385
28.653 329.889
287.266 331.140
180.178 301.971
418.663 70.354
116.144 343.837
10.389 107.807
157.710 486.038
82.997 10.377
453.270 124.741
466.644 142.235
67.930 450.953
210.778 266.423
179.657 406.859
262.038 458.764
354.540 441.836
432.893 378.583
11.637 253.991
473.054 429.276
392.730 171.985
447.533 148.937
288.555 210.460
337.263 334.687
470.411 212.457
317.449 202.189
176.242 5.801
152.222 129.524
343.915 11.902
321.074 88.204
490.146 294.907
417.806 382.881
185.784 347.495
370.527 301.600
478.320 324.612
452.474 404.877
123.434 429.368
417.305 41.209
156.764 337.580
331.887 303.672
332.230 44.323
12.183 252.367
269.411 397.934
312.502 347.140
81.842 263.064
372.273 472.635
65.044 449.086
282.767 289.879
156.563 12.185
381.395 144.365
122.652 251.024
188.149 193.371
454.355 377.991
18.730 42.027
475.731 474.664
227.455 241.941
193.216 305.186
151.900 64.070
220.510 336.017
0.091 71.100
483.795 44.138
140.876 383.967
232.571 410.414
148.906 459.509
386.496 292.054
437.135 34.735
143.560 298.699
491.203 356.815
188.059 351.898
221.550 188.698
319.859 198.194
104.505 415.461
227.754 123.917
158.384 271.165
122.695 304.401
415.085 465.917
464.342 254.651
453.058 440.787
211.262 21.439
371.681 399.273
70.381 297.017
375.143 251.302
239.868 436.897
92.790 422.601
167.496 479.059
93.335 405.453
91.708 61.053
179.779 263.077
105.624 398.378
128.659 112.269
23.583 474.125
72.245 70.432
432.360 38.909
239.736 260.953
299.445 312.812
344.263 393.047
355.377 286.149
35.965 372.763
467.217 393.613
284.913 421.667
79.990 372.948
10.196 58.767
426.698 311.933
66.516 91.953
333.355 361.957
430.594 27.525
218.181 343.559
323.797 204.130
197.466 248.507
14.704 212.815
59.206 366.081
157.695 363.343
171.948 329.639
192.274 468.262
285.999 483.408
187.953 242.620
169.695 301.136
247.311 246.046
90.108 247.743
173.399 88.537
372.768 62.817
486.280 363.384
55.955 78.214
356.667 393.169
203.179 449.267
189.554 391.188
315.955 143.917
45.230 265.086
73.379 419.589
182.453 0.652
13.468 185.442
31.696 209.249
179.530 469.207
343.634 249.282
329.948 385.415
437.301 465.796
125.085 1.760
278.042 280.151
77.450 306.099
115.463 84.964
102.260 79.339
403.783 21.175
210.988 58.089
0.345 490.532
178.709 312.906
17.054 141.737
331.832 45.632
351.018 233.950
229.576 9.819
137.322 178.146
353.001 131.488
376.446 258.667
244.150 355.155
481.220 470.370
178.422 382.760
471.787 220.048
390.165 499.244
405.552 254.862
227.274 343.149
132.477 211.186
380.142 310.199
42.650 187.381
34.954 196.516
103.969 214.028
353.081 366.229
454.347 291.286
124.397 119.963
449.386 451.752
237.697 18.426
97.563 272.741
125.629 284.695
135.223 109.322
361.312 330.456
448.946 196.863
41.743 208.755
432.144 301.412
158.629 474.390
444.739 285.896
219.570 87.917
241.485 353.930
136.780 333.137
495.706 474.335
497.940 59.138
294.940 274.097
414.464 315.709
111.640 57.082
221.938 186.208
237.503 302.177
86.914 22.676
65.700 435.995
466.575 243.316
427.278 407.529
267.411 497.992
328.080 117.663
191.425 50.894
231.190 58.939
126.740 268.396
143.796 81.651
474.002 318.199
158.158 72.002
470.779 251.722
447.693 300.442
257.091 2.199
289.182 464.374
138.299 385.706
138.814 287.370
213.587 218.496
190.882 258.535
112.731 471.971
63.288 129.040
281.058 300.391
131.309 455.837
270.237 4.362
257.946 3.708
266.133 335.544
474.392 138.562
417.476 445.849
402.109 384.694
305.131 334.486
19.568 493.827
360.622 40.757
149.436 401.966
319.922 242.543
253.865 206.116
78.893 198.634
69.349 284.254
394.591 389.558
153.112 466.607
447.032 55.690
393.872 154.022
417.728 310.916
231.196 210.243
65.300 70.774
359.556 239.115
97.870 496.536
64.304 203.710
214.826 265.443
319.043 307.962
223.123 54.528
469.345 99.064
208.036 58.758
237.453 35.173
315.829 397.873
36.037 110.020
101.710 480.300
472.420 494.427
362.153 270.418
366.396 159.811
64.075 261.650
25.110 109.227
295.956 242.487
238.225 5.610
450.228 496.207
268.294 191.259
443.940 138.905
370.642 295.902
32.253 230.004
343.615 238.495
205.690 192.914
107.546 219.127
53.422 351.164
449.503 179.335
497.382 314.155
332.000 84.837
185.597 491.998
334.466 333.984
61.594 429.167
263.188 218.314
408.154 159.758
29.126 121.848
442.186 476.989
87.328 312.886
41.787 488.936
413.974 171.399
95.828 423.286
3.269 37.096
25.053 479.233
37.230 36.776
161.069 283.694
216.889 476.021
379.598 211.162
331.705 389.412
143.507 71.247
20.566 345.800
235.523 425.027
369.222 439.317
379.492 476.148
222.460 384.455
307.378 303.461
400.119 220.833
122.204 225.269
320.589 108.928
280.257 308.953
13.460 436.294
80.972 26.049
280.032 390.942
334.529 375.727
332.472 77.421
152.098 388.860
120.614 442.780
30.836 114.365
199.237 170.402
480.940 313.345
473.729 372.031
67.633 113.874
410.120 282.265
365.999 249.794
163.017 317.484
8.390 362.447
291.216 17.698
377.381 93.505
490.151 90.395
157.298 184.012
484.978 248.677
288.314 252.529
367.232 274.111
332.472 165.291
278.617 273.114
277.873 379.439
269.306 452.403
433.194 478.862
393.342 142.586
234.435 361.811
448.948 261.473
430.255 114.729
445.545 151.913
173.951 120.706
161.855 381.420
73.717 254.551
34.858 379.854
86.365 235.325
442.193 288.859
433.056 195.009
183.691 357.511
366.009 460.573
124.477 390.349
192.329 441.080
317.708 89.356
232.643 408.246
399.117 227.411
200.982 441.638
233.585 441.647
288.339 477.519
234.871 101.421
471.152 125.358
360.410 215.164
263.674 231.905
118.630 340.610
107.401 379.022
333.523 138.769
350.984 460.749
199.075 217.554
433.777 25.623
248.269 227.542
85.495 350.627
440.845 179.477
188.239 308.448
424.916 207.988
434.536 113.971
277.817 87.539
114.217 94.901
240.360 305.281
421.226 371.591
280.161 51.728
456.924 373.992
280.371 123.728
455.181 178.616
175.251 232.762
88.438 79.594
382.019 267.865
323.258 457.775
494.986 220.329
41.595 233.197
463.162 280.952
282.257 274.495
67.818 233.741
450.323 147.979
280.910 179.623
83.033 445.787
361.810 327.887
164.207 3.143
72.269 218.275
385.707 183.389
26.604 32.152
493.456 279.350
116.091 298.681
138.636 313.513
470.773 283.561
203.085 395.196
401.606 118.264
128.153 389.463
174.991 405.827
285.549 111.152
8.939 255.019
202.779 252.788
410.108 112.038
165.985 155.712
247.366 368.753
99.548 276.384
110.387 448.473
31.052 29.734
469.237 240.109
291.418 470.801
394.927 192.224
273.674 444.191
273.819 465.441
298.597 480.086
13.260 200.536
455.360 94.756
45.628 113.204
105.280 359.527
97.570 130.002
14.546 175.246
9.513 70.726
256.333 238.670
214.488 227.909
275.298 255.266
462.362 235.800
193.245 273.041
21.407 383.461
237.769 381.301
207.358 154.308
342.783 418.474
27.571 139.919
190.496 362.897
370.524 332.410
436.006 133.952
144.848 313.414
434.588 465.050
476.272 167.830
23.769 373.807
430.105 131.186
168.076 264.358
450.164 452.525
332.727 94.217
111.029 168.561
33.688 238.197
380.933 237.355
486.154 79.179
53.931 2.678
385.636 421.316
429.606 213.157
75.516 12.864
433.900 440.159
286.213 173.283
119.342 497.548
334.401 136.926
345.750 184.426
484.880 211.356
299.739 114.813
192.363 376.472
37.998 465.031
473.310 31.365
216.506 54.707
304.178 481.412
18.693 251.099
392.794 400.533
184.260 368.109
263.750 384.681
