345.224 73.060
365.516 303.909
225.952 179.860
422.051 143.347
448.517 18.177
485.847 495.443
78.691 260.552
296.020 100.793
69.925 27.078
98.972 194.385
56.557 153.203
192.909 458.855
207.839 356.684
331.763 164.789
35.724 286.703
124.995 321.803
328.402 125.198
65.919 82.003
410.202 172.703
19.722 34.639
193.671 442.933
189.171 385.111
227.502 299.839
458.102 257.335
308.830 89.892
389.748 31.044
412.855 246.216
8.128 125.925
365.356 369.419
197.583 421.680
498.430 487.142
198.768 456.688
100.080 7.739
461.629 7.830
417.060 363.340
349.806 355.917
254.816 177.214
276.593 440.860
198.987 220.936
170.962 361.394
64.387 132.320
45.521 445.343
164.047 309.505
151.734 302.167
273.773 128.483
390.085 228.037
24.684 497.159
136.782 435.768
53.238 413.488
185.496 59.104
114.249 488.891
2.446 382.220
22.602 218.025
190.861 3.148
375.671 111.501
183.232 353.067
27.047 59.084
118.313 177.263
7.766 491.218
49.012 154.606
62.156 110.684
96.586 1.653
130.195 453.447
328.540 411.031
156.274 127.755
341.704 63.931
151.829 99.362
15.768 65.253
49.605 343.763
108.699 397.939
23.539 376.770
364.275 200.924
482.154 301.541
322.144 44.944
326.820 191.162
163.646 248.251
204.531 394.105
470.515 184.435
360.137 120.929
141.730 328.387
349.304 139.683
382.849 478.855
94.606 99.056
495.953 63.146
209.702 169.970
382.617 153.319
7.077 460.031
261.976 130.387
300.708 0.830
258.631 216.302
221.691 349.048
106.149 197.370
349.644 385.857
345.706 142.930
301.821 256.759
136.822 6.126
97.562 372.559
356.370 96.980
19.190 473.681
265.565 248.612
65.048 241.046
71.181 487.663
261.388 309.424
32.076 37.384
118.494 457.504
10.322 154.808
412.295 59.872
16.626 4.674
301.552 294.917
104.841 187.045
418.682 42.790
305.362 412.595
65.084 297.044
404.806 244.428
242.487 293.202
319.123 333.421
420.201 169.216
69.812 181.923
183.509 110.669
355.267 236.494
108.677 298.758
238.681 126.738
431.875 497.715
102.370 50.174
112.203 198.975
328.833 221.950
401.439 42.419
94.253 446.163
307.498 392.057
234.839 405.260
6.820 428.317
48.232 250.240
206.619 365.258
294.252 479.147
372.997 360.623
257.389 68.663
322.809 103.919
147.861 310.499
172.705 265.443
275.622 3.053
499.566 363.857
89.169 112.216
354.160 178.617
105.752 457.872
113.249 419.127
458.627 134.257
217.587 293.603
306.672 156.278
144.692 72.778
175.166 11.887
494.524 279.773
57.605 194.443
12.482 98.342
246.832 109.988
207.885 268.363
137.956 443.042
298.750 266.390
139.236 6.130
411.598 283.981
45.529 203.397
122.529 217.729
131.169 232.409
195.903 343.847
387.152 371.951
37.810 474.521
455.250 343.115
78.831 333.023
291.774 62.323
101.768 46.704
424.269 371.268
110.257 111.066
1.147 299.250
46.146 37.108
262.474 362.369
284.407 181.991
150.225 126.587
212.926 366.303
24.684 71.793
216.851 406.197
436.098 197.969
386.013 449.146
121.106 442.449
180.671 242.675
11.716 6.916
283.531 60.660
64.650 113.434
10.336 326.068
341.620 460.336
60.702 35.981
141.136 203.727
300.714 251.735
417.786 148.330
84.792 330.115
255.938 488.927
179.012 171.348
69.985 212.843
96.510 26.181
401.126 198.846
360.594 20.658
369.483 233.275
124.384 216.517
474.166 20.826
36.747 342.801
119.857 10.128
194.503 388.955
31.086 381.827
381.712 379.305
381.173 384.260
96.953 498.334
157.711 333.493
117.567 72.546
407.104 438.949
174.453 222.651
120.991 344.165
24.849 385.034
3.020 287.285
112.494 409.029
431.948 466.103
98.517 294.121
279.630 43.125
386.986 476.635
252.005 436.715
400.231 8.717
49.326 88.571
85.942 138.487
261.694 445.640
172.048 99.114
143.026 351.216
442.724 315.961
241.218 36.484
390.738 234.925
305.569 0.611
33.255 217.535
18.913 220.122
21.472 450.445
109.128 135.260
373.976 23.785
44.354 440.609
460.762 286.481
104.784 208.536
191.213 76.578
183.300 216.363
431.380 224.118
459.906 134.782
103.835 163.264
333.069 365.911
498.048 149.873
440.723 407.169
362.634 339.513
192.994 17.388
174.586 24.431
299.498 131.858
225.795 310.667
482.948 423.856
298.602 201.661
317.185 32.469
492.958 42.846
9.793 126.436
153.257 428.434
267.877 366.531
27.299 137.897
377.681 450.030
454.709 181.187
102.301 258.110
269.714 154.660
177.680 303.256
298.242 249.519
163.792 197.553
26.865 18.178
80.577 471.142
104.393 189.383
82.005 439.532
354.869 477.270
186.735 249.905
222.184 103.144
69.184 65.479
266.042 388.176
326.090 95.107
2.460 244.311
262.812 160.252
245.843 119.295
333.033 83.620
202.170 285.760
282.687 105.210
300.704 2.202
259.191 186.593
199.356 167.986
34.284 161.304
439.126 310.181
44.747 403.966
208.652 108.965
81.779 387.399
205.551 118.444
328.704 115.303
134.620 144.643
22.805 202.977
249.367 38.653
388.872 9.124
150.084 455.232
170.913 218.576
365.862 430.408
261.500 236.210
22.356 191.437
419.463 48.724
61.206 317.575
226.299 177.616
296.692 264.778
107.483 304.412
179.031 199.035
24.522 478.907
179.997 20.874
414.630 382.257
237.695 287.211
115.251 52.895
49.392 178.499
78.820 494.764
344.822 162.955
12.728 456.939
254.199 413.464
443.941 138.108
194.583 43.954
449.310 85.816
338.019 322.136
70.127 438.729
294.963 293.595
108.310 328.160
366.216 85.070
240.356 272.417
15.880 484.284
460.731 299.719
436.767 56.787
372.890 155.596
298.258 160.296
488.175 490.818
281.102 332.091
53.537 474.380
242.729 148.086
491.601 158.113
189.371 92.649
357.673 398.414
297.683 180.097
128.667 212.375
323.939 39.163
447.992 348.432
281.160 14.288
424.739 137.471
301.165 437.937
334.106 224.312
189.196 401.714
215.225 269.243
191.406 219.380
55.086 371.644
115.355 271.857
484.472 181.039
181.278 368.430
496.646 308.935
355.034 119.317
499.895 296.698
39.087 459.074
204.176 133.290
303.735 267.848
169.689 435.494
140.830 61.552
315.189 319.286
337.899 339.940
179.807 261.643
67.552 114.165
79.464 8.494
475.949 130.582
174.162 67.177
461.320 214.503
396.799 485.024
483.699 414.108
225.419 368.357
92.464 490.363
249.361 34.691
2.023 429.343
432.040 85.795
453.341 222.510
495.341 226.057
289.524 347.671
22.876 329.327
168.833 83.940
237.873 45.652
106.509 21.377
153.559 19.732
409.720 373.654
21.647 486.052
286.134 183.070
416.497 303.001
454.737 495.110
103.456 285.628
150.607 280.796
6.345 182.419
152.990 403.627
384.055 204.064
22.968 390.550
428.306 166.092
361.450 113.038
16.775 53.219
208.530 436.165
320.637 470.939
204.780 445.513
183.210 191.386
81.348 382.270
25.284 327.591
363.167 257.576
230.882 128.886
327.572 139.888
134.043 356.230
70.707 403.932
168.491 456.978
179.491 296.095
469.398 273.490
101.468 451.756
417.312 24.257
157.808 366.067
447.778 276.338
404.874 306.517
167.926 184.902
497.629 265.820
12.949 362.998
151.384 402.895
222.643 276.757
319.794 489.431
324.497 140.170
425.026 94.794
177.746 278.706
297.813 261.483
382.784 475.781
363.865 85.042
400.469 209.608
246.172 313.542
163.992 100.515
206.905 455.892
437.049 371.715
10.778 246.787
241.816 332.578
262.164 23.294
364.974 1.714
54.334 149.917
324.042 122.426
144.728 197.500
239.655 384.052
387.909 185.237
253.777 154.906
244.281 475.627
143.402 383.719
218.562 229.506
248.476 80.970
33.429 377.235
95.146 141.863
392.562 182.535
446.670 235.148
147.028 385.029
146.539 339.686
318.736 249.946
471.249 423.013
38.709 360.711
245.087 255.221
418.916 404.521
465.773 382.732
336.169 449.376
463.141 386.816
232.599 95.607
82.347 392.090
412.883 342.636
345.665 465.778
3.579 393.962
490.932 445.588
95.302 78.213
473.244 466.889
362.809 76.298
405.555 401.929
202.907 274.031
237.652 225.670
260.275 138.902
58.941 169.733
150.473 344.957
353.950 457.984
484.847 71.961
231.875 356.510
145.913 405.194
377.011 256.559
72.456 296.063
65.039 338.382
58.350 379.614
225.549 447.169
257.601 377.107
50.157 496.193
449.529 129.920
8.499 362.992
263.305 119.567
336.028 487.064
474.529 76.089
5.157 463.907
187.637 188.468
12.040 199.044
138.414 217.590
122.641 138.156
456.740 310.256
257.165 243.759
184.758 260.362
316.626 365.811
177.798 213.465
24.277 336.840
53.089 301.111
422.705 6.110
488.080 1.239
37.513 90.438
42.696 268.867
224.968 151.450
271.799 65.373
447.501 135.208
310.786 143.482
89.993 313.449
355.491 409.862
71.699 240.549
497.800 375.366
441.846 249.465
332.305 74.903
242.728 156.388
17.004 349.573
283.844 417.296
468.936 407.243
423.642 256.367
127.250 330.117
412.224 193.388
269.728 227.899
152.924 336.185
167.780 424.803
349.023 49.608
269.462 275.493
165.318 34.542
66.160 414.927
330.478 310.965
238.148 337.447
144.986 149.583
309.693 488.465
250.950 172.181
487.151 346.191
324.094 5.635
215.464 435.969
113.377 104.371
398.775 444.924
101.835 318.542
388.882 468.152
14.057 279.859
120.581 17.591
232.648 85.630
84.387 378.171
55.405 162.330
231.582 238.834
400.726 86.016
387.159 52.903
302.925 181.270
52.107 182.483
380.764 492.525
368.994 173.145
245.208 453.985
428.623 146.343
226.958 322.626
172.584 211.653
353.682 314.394
186.906 345.879
229.446 408.258
302.073 304.224
373.944 327.334
359.145 398.438
477.785 396.243
65.908 29.850
326.902 385.691
246.493 275.576
258.130 467.139
284.015 213.397
181.597 73.776
389.526 469.775
450.446 191.595
40.231 483.574
392.485 93.425
392.515 132.875
390.588 402.724
401.209 220.784
102.988 14.955
360.161 160.438
295.719 257.035
163.171 395.909
414.205 343.700
76.071 88.089
372.948 414.064
30.551 279.888
96.325 10.258
434.802 81.640
240.184 420.564
291.533 271.211
75.433 18.877
85.939 348.423
184.597 395.229
128.232 343.041
131.211 497.159
496.982 39.182
456.963 404.182
429.653 167.398
44.151 145.139
333.643 242.079
191.299 286.085
225.935 393.111
73.565 252.631
411.445 179.696
110.741 427.497
487.832 449.412
211.772 281.895
377.587 383.261
70.452 461.162
342.785 218.859
90.428 220.344
432.957 367.399
240.248 278.058
499.016 469.398
391.776 344.697
28.510 375.839
275.877 283.371
235.745 108.450
48.265 373.024
186.960 32.038
