275.190 165.538
32.910 302.467
378.563 167.874
139.176 255.370
495.940 75.924
85.466 28.702
424.989 57.102
275.307 301.843
261.666 292.414
314.386 415.656
228.378 356.315
448.385 327.402
462.195 472.295
220.699 316.921
289.933 301.237
294.652 441.259
243.816 195.351
71.470 472.406
38.119 498.998
413.466 174.409
281.907 156.799
416.763 405.453
420.064 208.124
242.649 156.141
268.606 171.863
421.604 11.168
420.229 55.105
494.016 267.032
33.060 132.151
179.102 256.713
17.778 94.991
10.196 427.345
407.103 290.554
107.753 334.461
127.723 356.883
430.223 148.082
36.237 387.022
455.559 99.924
312.574 283.902
494.000 429.280
44.865 316.470
348.912 408.440
250.407 128.514
219.477 60.491
146.815 386.850
305.975 183.172
384.920 4.428
107.575 301.571
25.994 351.430
202.894 131.162
50.823 419.020
102.426 179.230
245.073 361.076
58.962 130.776
88.024 245.249
241.786 221.157
259.318 360.973
303.074 319.060
134.887 325.322
439.975 380.486
252.381 147.883
414.555 270.920
215.753 405.090
93.235 142.190
270.586 425.415
102.489 47.453
405.807 327.021
349.492 135.035
116.969 265.030
9.909 276.887
457.985 425.842
164.812 487.195
71.000 323.783
169.232 39.413
156.045 204.832
306.593 101.681
183.058 161.861
150.566 98.589
123.939 376.609
307.438 395.392
308.160 102.290
19.398 394.538
136.890 196.730
77.102 89.891
212.418 433.210
343.303 105.245
59.515 409.705
184.878 38.194
447.329 463.982
138.952 462.143
192.199 133.402
289.391 112.105
51.387 16.706
32.726 29.273
398.481 149.716
482.121 308.883
109.420 283.724
174.298 205.699
259.077 127.170
120.950 310.021
42.260 111.303
196.898 281.949
194.557 199.807
306.770 51.755
77.499 398.298
41.827 317.155
428.011 266.697
139.814 411.229
176.496 72.802
415.844 79.543
175.216 236.996
227.323 456.545
369.417 496.547
322.269 78.214
360.885 50.957
245.279 13.073
224.062 415.820
369.969 181.817
255.092 123.647
214.696 267.271
446.695 353.750
416.657 368.424
271.034 440.202
226.896 236.017
241.316 482.423
10.009 32.462
44.457 76.676
239.322 365.367
318.748 457.974
391.581 118.173
371.471 306.952
350.040 176.559
156.791 37.300
114.496 486.253
64.020 50.846
461.136 241.783
251.343 57.618
314.865 27.567
4.325 27.745
281.404 202.995
370.138 10.876
396.603 247.132
228.808 37.546
15.784 111.842
429.082 109.976
224.125 314.669
459.135 256.036
60.309 75.544
372.717 445.419
57.332 192.091
338.555 398.706
158.768 253.880
370.210 327.207
437.941 253.940
186.585 453.675
378.593 147.728
7.207 189.311
277.089 438.309
284.537 256.952
400.473 255.684
191.108 107.375
127.250 385.346
265.311 129.351
38.726 84.868
49.113 316.431
247.675 284.590
259.184 453.229
357.864 5.206
343.490 454.282
377.157 439.558
30.918 355.514
345.553 149.485
311.770 254.577
189.899 356.844
159.427 131.949
45.497 120.101
459.966 307.628
472.990 140.266
471.240 64.958
240.762 209.140
249.597 335.454
193.812 462.819
23.885 443.158
11.693 10.937
439.626 342.971
342.428 385.824
181.612 308.957
433.508 328.736
275.908 358.584
276.842 84.700
439.379 331.250
321.799 225.184
332.358 112.576
386.283 340.343
391.231 15.176
82.930 241.147
498.253 344.896
190.250 119.285
139.958 113.103
285.310 202.300
194.842 342.475
489.833 180.413
455.692 15.157
447.144 349.890
106.468 54.736
335.230 3.819
376.002 495.718
229.017 464.204
118.773 253.538
482.628 29.445
286.167 449.616
279.746 121.002
240.605 371.538
363.388 472.204
109.606 219.097
323.653 178.606
41.089 433.678
283.779 336.116
80.702 112.472
325.024 6.839
196.724 79.996
32.315 286.185
12.218 21.193
284.920 119.755
188.198 393.486
404.088 443.578
380.003 339.789
451.146 30.853
147.450 31.573
70.247 114.508
47.150 491.581
157.502 389.774
239.008 79.993
41.453 218.775
56.371 426.606
263.804 81.150
278.106 56.866
13.730 401.622
483.429 446.260
247.404 392.173
483.569 277.465
264.048 423.937
325.296 415.603
188.070 103.422
152.546 275.915
105.588 486.599
51.526 459.352
347.640 298.468
226.879 226.334
39.404 310.763
433.981 165.518
236.236 438.425
447.056 356.657
129.554 429.120
34.476 322.841
127.737 432.741
284.708 281.282
34.433 16.476
279.491 6.766
243.985 391.483
265.834 194.964
175.009 314.102
80.374 266.371
39.316 437.343
325.779 260.960
366.227 364.189
195.949 470.400
463.332 18.700
15.060 64.776
310.363 174.388
321.583 343.956
71.659 215.046
479.753 47.510
84.199 287.207
328.388 220.569
300.935 158.515
368.632 199.323
266.481 40.537
181.942 250.686
375.421 80.416
436.783 29.359
249.296 59.162
148.192 39.806
443.981 355.681
204.008 91.919
198.787 339.754
382.393 3.628
459.945 67.350
74.727 342.986
438.314 452.058
149.006 124.901
179.590 340.237
362.478 12.492
388.377 141.246
228.684 269.854
403.324 186.183
96.240 192.446
202.926 100.327
66.419 209.457
387.141 478.505
133.016 208.762
326.832 324.253
442.400 2.635
179.873 429.534
79.480 264.531
287.942 143.282
6.902 264.174
84.638 309.939
153.763 232.968
339.655 256.771
188.128 199.351
34.052 198.467
268.333 135.194
288.996 304.965
201.048 11.619
314.672 184.141
227.678 131.031
387.570 83.569
101.419 345.434
189.032 273.220
273.234 478.536
271.456 408.635
288.730 357.927
158.628 313.184
249.346 252.796
459.170 253.156
144.101 89.456
396.077 114.080
73.412 469.482
335.175 54.880
5.710 44.621
166.934 409.916
341.547 6.315
62.956 120.204
461.062 196.318
41.300 10.833
260.112 133.893
403.443 270.803
46.839 221.155
350.486 480.277
274.178 292.960
160.399 383.408
172.390 409.760
171.598 475.641
442.948 147.436
144.688 27.055
186.682 132.907
84.257 244.339
140.614 377.295
242.694 123.270
77.953 60.981
376.525 309.399
61.507 357.516
206.386 1.849
373.346 461.947
448.351 421.021
107.422 66.907
194.025 373.156
464.298 394.978
380.712 499.565
484.162 454.728
269.374 145.075
169.040 148.714
305.088 147.861
307.470 81.711
73.058 23.082
409.646 229.959
391.013 225.672
365.053 139.651
238.146 453.119
441.723 311.380
262.686 273.902
253.233 51.506
317.521 206.903
322.430 393.476
385.390 41.804
287.809 258.502
163.493 20.009
8.902 444.038
355.757 398.399
274.701 373.350
137.843 49.347
371.423 477.617
306.737 469.733
247.746 135.257
163.736 131.238
4.537 34.519
486.812 359.412
42.979 200.010
30.136 286.027
41.731 283.771
287.615 167.692
303.247 217.532
354.336 149.253
264.244 341.184
383.538 275.772
440.282 454.100
271.656 122.004
38.633 251.435
310.482 321.844
161.450 459.686
350.897 308.745
361.592 434.707
434.706 211.730
36.661 357.388
262.241 48.763
14.899 439.469
15.773 133.874
40.231 496.868
243.017 24.450
374.801 493.093
191.758 299.187
195.536 419.445
366.996 343.120
282.098 141.153
172.186 447.495
121.474 71.026
162.041 77.780
220.466 411.647
315.875 138.492
127.334 351.238
117.155 493.482
171.024 384.352
452.419 410.047
425.774 30.342
383.371 475.870
63.109 252.736
500.000 315.664
109.854 336.120
82.660 229.492
141.579 209.999
490.473 106.528
193.744 63.729
105.136 379.017
358.307 466.157
92.325 222.496
383.039 381.656
380.924 130.535
182.802 339.186
276.017 490.368
320.108 486.335
278.488 169.473
219.938 215.247
422.242 400.705
407.986 290.949
428.841 362.571
456.285 152.149
85.470 319.361
217.556 283.435
151.898 454.220
97.305 451.471
103.623 454.181
420.419 231.542
315.120 118.553
195.862 93.594
391.270 371.861
3.644 372.278
354.110 238.123
344.946 219.822
337.414 215.694
361.160 31.015
363.654 276.035
493.059 170.377
490.949 49.272
52.107 168.825
186.425 392.136
422.063 407.395
163.046 479.962
141.266 281.094
377.209 456.760
295.450 316.953
252.786 274.736
69.915 84.426
301.969 356.254
190.542 377.708
10.920 88.528
167.436 76.206
17.288 273.786
389.580 317.714
156.527 245.895
329.561 9.493
300.957 346.064
348.127 222.924
405.941 236.332
129.554 280.611
353.345 406.734
136.577 389.171
381.602 383.184
46.427 278.901
134.719 69.533
177.577 479.333
58.446 73.856
455.269 271.094
21.359 387.296
359.753 417.816
351.551 112.946
251.158 284.833
58.909 447.833
399.758 76.835
329.844 302.540
247.680 216.465
86.396 18.960
252.834 62.897
300.498 263.157
236.169 20.421
452.209 126.400
164.885 434.246
167.439 94.373
205.649 128.534
26.575 383.684
246.921 168.108
66.770 372.245
419.857 330.331
200.450 298.146
456.209 334.591
403.584 387.439
154.777 4.286
223.186 411.314
295.132 364.199
110.013 131.040
435.602 114.182
212.119 84.072
304.600 127.921
187.493 362.901
499.566 334.329
208.407 107.850
153.823 414.281
321.649 459.380
388.310 476.148
482.484 117.000
23.115 330.264
380.281 138.855
85.950 448.137
258.596 156.887
241.457 89.736
75.793 410.939
145.859 397.151
265.752 209.579
243.071 167.524
131.522 398.149
65.608 438.478
465.081 450.374
82.415 180.368
407.363 252.363
118.799 244.346
39.160 492.558
441.396 185.604
352.186 413.802
179.818 266.782
438.819 209.283
101.669 281.950
230.319 159.520
287.765 264.303
179.242 479.118
278.715 258.573
349.631 355.076
453.452 192.241
438.756 174.895
311.385 464.866
161.446 12.551
119.193 406.590
486.614 377.852
202.692 134.437
240.896 146.088
226.113 386.201
472.038 333.381
418.240 204.602
322.715 439.737
231.450 167.922
497.558 409.175
204.445 138.037
448.912 352.351
125.677 82.690
405.591 415.732
33.569 484.403
347.908 439.568
449.841 35.744
168.444 391.030
406.945 440.348
391.023 109.995
162.560 5.548
43.279 158.580
299.489 47.801
430.904 262.527
112.889 28.093
25.328 477.267
311.450 435.555
497.393 371.817
35.087 73.711
48.301 462.858
265.337 77.358
341.515 418.008
232.337 397.615
50.567 56.644
51.572 253.903
132.867 307.166
210.607 41.691
440.043 485.085
160.529 206.552
200.628 84.595
89.676 399.109
3.343 12.986
218.333 108.664
432.851 360.209
139.941 99.884
39.109 264.576
408.704 295.310
298.506 89.192
76.678 499.884
129.318 250.398
73.371 25.227
476.213 7.621
193.884 24.990
184.709 349.906
423.061 352.967
388.867 264.588
250.125 478.498
358.229 134.888
407.090 313.484
388.210 455.896
236.635 31.120
288.338 4.209
284.464 497.567
445.576 314.758
451.032 76.521
