125.827 223.202
453.863 31.523
363.964 95.143
233.075 177.142
258.309 226.210
188.245 292.806
326.199 16.387
378.969 182.468
423.471 298.069
83.165 265.440
475.394 222.501
366.713 26.348
80.158 427.413
386.239 125.629
387.094 11.138
356.183 498.837
410.538 373.408
178.444 309.987
276.691 475.918
123.505 6.859
370.584 297.143
407.893 160.473
323.583 453.810
487.824 290.047
478.078 153.762
113.700 366.423
343.588 363.185
424.510 29.567
104.622 52.178
75.482 126.838
194.699 254.423
426.518 100.843
241.190 107.538
348.689 469.508
125.055 38.128
357.774 364.659
318.212 344.323
457.264 9.569
113.686 461.296
312.470 436.188
139.457 119.807
228.535 33.360
446.960 256.926
196.836 75.131
231.816 146.082
327.924 148.852
50.670 81.908
180.460 113.978
491.732 66.173
294.182 18.473
47.434 3.357
430.037 92.793
436.632 447.004
459.553 219.502
399.778 248.375
436.986 50.414
331.562 342.003
406.161 199.176
104.226 426.708
434.392 477.431
40.742 454.085
250.265 436.663
85.726 413.164
180.467 381.187
426.181 27.480
39.565 187.867
316.782 106.129
464.388 382.949
305.934 205.971
189.636 491.893
479.557 210.282
473.367 423.152
292.499 26.189
48.165 207.010
373.864 360.474
349.929 397.836
444.721 345.786
241.762 265.840
340.931 305.238
72.603 118.689
470.097 314.255
257.261 170.460
299.230 463.910
92.944 73.586
181.577 294.463
389.923 403.583
149.184 279.127
336.328 49.725
93.787 382.952
444.861 463.470
411.742 103.201
80.167 97.329
7.609 378.867
241.543 234.530
78.787 59.657
79.985 295.084
293.780 448.382
136.923 160.051
160.777 64.301
219.064 40.484
337.493 334.664
141.687 143.568
449.712 290.929
357.839 136.449
116.765 52.511
219.441 189.569
453.995 148.518
408.543 360.659
348.091 462.861
406.025 256.404
384.001 174.745
395.866 13.333
222.164 226.199
419.396 388.227
119.403 58.917
130.571 308.366
449.168 394.443
68.102 438.583
394.416 482.709
22.260 226.883
211.236 468.328
126.784 494.053
329.085 129.888
222.857 201.634
208.855 461.260
329.376 144.703
22.056 80.913
89.565 142.370
443.712 420.804
473.472 342.006
278.286 182.371
90.261 70.731
229.301 283.280
127.248 353.517
74.046 254.704
0.402 62.482
39.958 323.542
476.568 53.071
322.838 292.329
357.299 196.774
147.092 122.605
174.119 104.365
15.864 77.564
431.763 306.657
281.459 145.471
437.312 496.089
176.817 474.148
116.319 395.665
394.090 356.666
269.153 135.909
172.866 51.849
264.839 488.065
170.063 434.146
449.803 439.069
162.655 335.710
165.227 196.497
111.529 297.025
128.761 240.155
351.213 265.043
83.846 25.568
479.182 247.734
169.913 367.193
146.029 138.627
268.671 338.434
193.910 178.205
481.611 475.246
24.608 273.614
206.010 224.888
60.800 229.660
269.059 111.769
71.151 447.947
446.774 86.586
160.773 103.873
491.280 400.037
322.885 209.295
22.475 492.043
23.194 474.621
73.841 299.091
245.059 173.593
8.884 314.448
208.638 424.703
193.638 383.336
489.068 304.118
196.138 38.080
279.268 365.537
9.030 250.607
359.821 254.432
435.455 111.071
399.849 478.072
196.436 4.107
235.437 401.493
443.753 58.198
445.334 152.312
118.750 116.946
271.232 399.530
29.457 241.219
330.354 286.874
386.444 337.964
422.866 288.463
67.750 124.538
447.478 293.734
182.690 227.437
257.267 392.419
124.604 18.039
457.017 97.062
451.835 77.797
280.791 359.313
255.031 309.762
365.035 346.086
391.301 436.434
86.622 17.395
444.800 93.761
110.444 96.818
437.399 492.198
132.077 137.096
464.775 169.403
419.773 87.534
357.768 28.260
432.991 322.750
206.931 11.242
140.947 303.092
233.998 243.062
495.497 20.840
252.028 204.375
445.928 112.207
141.301 266.267
365.305 188.294
4.367 412.609
17.059 468.881
291.701 83.100
241.381 261.992
135.898 340.783
151.069 353.171
87.199 449.767
475.506 202.722
219.152 377.059
463.603 311.827
42.392 232.143
117.243 487.565
205.914 218.905
79.097 386.103
118.977 256.237
212.708 171.055
291.926 495.605
41.626 94.785
116.292 481.124
151.009 392.496
360.581 123.654
27.770 245.564
385.313 425.637
380.513 210.847
497.815 160.233
411.394 391.388
167.249 280.744
365.642 405.037
278.406 406.577
27.309 415.035
15.127 267.870
278.204 40.268
84.395 313.141
121.363 233.294
200.975 343.648
113.012 151.377
151.990 275.991
457.229 277.610
242.448 461.300
448.091 339.734
262.800 156.180
404.047 203.697
45.536 229.712
148.170 152.678
440.284 224.845
48.387 177.695
0.320 141.493
1.195 355.132
448.444 290.478
246.319 433.489
356.065 432.882
45.883 357.188
47.222 44.154
220.568 250.353
277.009 338.006
421.852 131.573
276.818 365.396
45.740 225.961
265.546 321.836
288.959 462.490
386.111 497.473
298.453 406.322
1.721 129.410
275.244 486.426
43.444 57.855
104.992 276.571
165.531 67.009
216.580 275.913
203.497 238.998
29.418 327.300
2.624 428.662
373.002 364.261
477.409 149.932
127.774 473.847
291.213 421.797
187.545 353.125
112.933 147.623
385.078 241.982
47.328 92.523
469.727 324.884
202.729 66.063
161.432 452.183
248.549 5.758
27.442 114.009
33.691 290.114
402.992 462.659
61.281 447.962
146.323 483.096
257.023 55.050
119.910 75.082
284.484 463.075
304.044 122.998
100.041 330.325
102.074 324.145
32.963 405.185
323.989 295.870
87.008 157.738
263.958 256.018
249.245 169.009
405.429 64.737
44.754 72.290
69.245 71.946
61.325 120.037
259.306 45.406
119.210 129.641
40.170 139.992
494.290 314.042
172.377 278.342
88.421 402.622
294.548 221.324
476.130 251.303
499.419 159.457
376.531 226.095
94.929 284.439
121.936 96.707
277.442 216.032
241.800 344.102
62.893 415.623
3.526 283.875
394.554 305.563
85.900 301.630
259.630 66.887
174.054 25.340
96.458 195.738
377.231 433.534
52.545 24.650
99.632 412.732
261.210 417.382
423.221 158.979
431.573 126.711
499.148 130.148
151.871 41.141
402.184 152.383
271.267 305.253
473.838 422.890
215.156 83.862
69.202 46.830
416.058 406.489
359.258 190.383
54.132 47.728
441.498 112.401
398.393 316.379
375.636 303.640
489.947 418.238
72.691 22.906
320.778 375.082
11.049 337.851
389.042 102.089
292.024 68.938
389.636 351.932
466.333 28.831
13.358 312.570
415.017 272.301
107.248 345.406
262.070 191.545
499.259 76.464
411.595 184.569
448.829 72.910
379.982 351.561
322.413 342.882
59.356 40.885
367.516 296.454
174.049 106.500
360.342 371.005
97.229 287.936
107.623 128.073
59.282 421.121
418.855 222.150
437.728 39.276
213.760 287.463
181.441 173.469
136.131 258.457
75.420 211.879
204.426 484.051
144.128 306.229
104.086 315.970
155.955 209.615
225.490 259.577
152.057 244.908
71.959 414.914
407.705 457.965
332.069 8.010
399.119 124.114
194.826 274.809
81.670 428.126
74.416 158.200
196.950 241.375
472.634 307.544
165.971 66.490
152.167 268.864
47.997 351.738
142.071 247.215
315.338 226.345
457.797 416.505
151.931 318.040
212.666 183.640
391.335 265.414
186.624 133.188
418.548 116.368
28.585 358.929
224.599 258.014
458.812 244.685
116.469 259.165
252.240 66.856
133.989 109.790
77.076 215.388
315.644 283.290
410.810 1.118
244.841 97.459
358.079 294.051
496.664 236.743
405.530 112.097
77.234 398.281
455.413 86.705
143.991 141.036
397.515 173.084
94.107 282.814
476.923 50.660
152.026 12.512
303.168 177.329
229.110 325.743
369.464 376.043
439.705 330.861
173.124 324.575
271.397 390.256
201.242 288.245
288.999 135.862
458.308 179.862
436.887 258.924
269.695 17.190
152.865 49.976
183.121 214.669
250.254 434.794
331.457 293.404
65.216 142.322
455.344 229.667
49.991 183.232
88.688 51.988
312.843 239.950
356.401 274.681
364.845 21.093
153.903 357.947
461.949 366.302
205.031 291.008
420.543 345.187
77.329 323.000
200.320 328.595
209.542 162.518
49.576 206.583
45.421 454.020
72.406 436.671
188.738 440.398
141.703 299.857
212.670 115.452
266.292 47.527
128.689 199.228
457.018 34.442
434.772 165.361
240.534 119.708
346.887 146.500
279.253 340.697
272.307 210.697
264.465 416.551
226.107 144.388
336.922 282.934
0.621 247.675
42.384 28.285
435.417 464.284
35.166 89.913
302.754 159.430
32.393 72.743
335.756 229.801
49.753 126.081
466.275 214.380
289.623 307.147
124.954 347.278
291.856 164.044
91.729 86.595
217.379 31.838
321.892 109.544
19.524 171.334
204.445 50.042
372.843 326.390
356.558 301.806
6.184 461.596
316.976 444.981
359.536 17.178
460.347 173.167
3.473 204.783
236.433 152.569
162.647 335.990
378.208 166.782
33.433 279.322
176.784 93.194
230.564 145.967
420.072 314.831
124.046 483.323
355.982 252.370
145.705 342.651
359.037 416.525
128.610 189.495
241.734 74.203
248.597 486.308
153.400 63.886
11.300 276.193
188.062 372.194
383.488 122.244
17.389 285.924
367.643 286.978
371.466 94.344
281.484 272.599
466.116 444.519
436.892 283.705
496.154 264.742
316.342 192.904
322.078 317.943
194.264 351.904
76.458 178.687
374.687 102.497
173.702 429.012
354.948 242.566
129.308 487.068
353.095 211.405
318.112 185.285
235.823 155.612
415.612 495.234
274.264 205.651
466.390 249.788
91.425 442.908
78.606 179.410
118.867 475.746
393.794 51.716
251.363 153.670
310.937 334.052
373.502 354.051
117.183 226.664
218.648 230.568
98.671 73.896
86.321 28.752
100.371 230.823
25.728 245.575
416.661 27.455
187.039 457.875
196.669 318.579
314.455 82.394
66.352 402.315
101.887 1.489
452.571 141.598
40.451 374.396
110.501 343.895
87.291 6.025
199.639 161.768
60.403 403.367
362.244 295.167
80.902 195.298
246.819 101.227
5.186 381.566
317.992 489.307
99.753 423.065
98.615 248.602
320.172 138.964
288.811 374.649
313.049 158.287
200.954 224.456
13.638 333.844
241.408 391.160
300.874 396.684
27.009 172.817
214.023 406.116
94.825 269.653
12.576 199.593
64.806 48.974
77.928 244.539
3.677 195.331
180.689 125.307
179.514 130.687
170.369 199.264
147.603 17.811
199.811 450.936
368.145 17.827
427.762 132.895
154.501 20.951
117.362 156.392
91.895 228.014
336.574 159.725
71.762 163.837
480.830 392.366
374.955 150.865
136.431 270.755
182.652 70.638
483.566 381.985
267.275 89.907
459.207 153.966
448.817 0.321
81.123 178.723
469.136 44.220
155.729 176.760
235.595 184.212
