163.148 123.275
103.421 133.274
47.886 249.984
285.880 214.247
249.411 179.860
359.208 370.989
356.401 255.167
27.664 196.706
139.090 123.946
133.450 413.629
475.649 102.182
300.763 26.634
341.110 343.347
498.218 420.061
161.777 225.551
87.143 361.788
158.622 112.069
353.051 401.361
24.477 360.548
438.017 16.037
61.668 49.276
72.504 276.624
226.706 145.191
81.943 333.750
1.153 407.983
82.832 438.952
312.344 257.127
185.147 410.384
483.307 236.257
418.413 207.095
355.207 90.932
366.439 247.966
223.453 35.714
63.752 319.510
265.352 124.758
403.166 390.334
410.999 76.923
33.614 313.477
412.938 303.643
67.820 440.317
226.190 104.792
113.922 105.064
491.888 199.230
67.114 134.638
439.721 426.509
169.629 368.397
161.043 184.594
368.461 215.553
423.481 411.605
180.115 61.133
147.408 349.480
461.144 314.851
107.601 52.549
266.552 230.014
283.841 462.938
360.441 382.193
253.472 161.404
286.197 37.367
128.626 218.549
247.290 408.601
356.266 9.796
186.611 188.061
429.736 70.348
244.234 172.707
193.790 457.497
303.480 499.738
242.757 437.172
398.758 408.716
89.203 337.723
53.940 194.052
209.339 317.792
320.829 5.719
304.340 5.925
384.483 354.524
473.051 287.629
94.060 355.050
209.240 314.803
445.138 355.235
358.964 442.522
304.333 304.233
193.518 249.041
150.068 98.154
312.342 477.951
127.705 166.558
237.585 388.591
304.495 483.195
282.372 467.707
45.572 344.301
193.089 135.018
391.133 230.428
442.611 333.868
8.448 207.896
421.969 327.689
480.922 112.249
13.816 152.611
146.213 287.394
56.277 275.861
397.207 443.573
241.105 47.626
182.184 480.476
79.854 99.728
46.794 69.317
433.011 227.277
306.098 75.560
408.320 411.030
146.353 13.436
489.960 88.472
73.790 237.097
497.953 36.132
369.464 405.258
352.115 22.776
0.416 43.353
135.622 240.767
302.133 169.078
163.479 318.711
395.221 127.159
325.883 2.840
494.797 260.197
338.686 164.737
198.220 19.288
235.142 198.722
68.906 441.114
81.407 439.717
133.452 24.616
322.038 72.854
191.900 46.635
253.855 174.477
455.419 194.658
267.228 59.518
306.709 397.232
268.890 476.996
318.829 64.467
456.137 374.837
149.280 445.455
262.469 58.838
167.834 405.713
356.497 160.087
103.130 297.105
57.505 84.828
318.620 232.353
119.491 243.645
381.758 366.077
241.561 323.977
53.571 208.976
92.812 180.071
425.352 496.379
442.993 111.559
376.702 80.457
442.077 297.172
458.325 349.817
276.684 179.720
496.437 78.157
131.862 131.355
168.178 444.572
24.739 264.332
218.725 192.191
219.191 340.263
473.724 206.340
56.533 464.321
2.938 408.867
177.449 450.624
404.226 477.939
109.831 245.458
145.094 303.993
407.448 37.891
230.277 157.205
206.825 112.815
277.116 95.097
260.089 182.300
364.276 297.183
23.495 336.165
8.153 497.857
188.000 180.286
261.333 87.854
142.913 253.384
479.169 280.213
495.427 34.179
312.086 281.625
348.040 42.724
86.415 390.810
229.367 383.563
440.659 425.747
340.873 98.507
118.347 421.539
177.238 252.221
439.961 233.811
493.620 448.806
85.336 17.345
186.120 297.935
90.034 494.045
157.494 481.247
269.205 132.907
122.896 194.200
219.506 310.714
136.652 204.862
255.183 461.541
416.509 320.323
468.535 44.766
159.352 402.232
258.151 42.560
318.746 480.094
403.781 366.245
441.080 357.116
485.498 228.643
91.677 423.853
265.233 58.457
168.051 220.944
230.773 276.234
209.035 36.901
75.240 304.817
245.664 81.810
486.103 257.698
225.447 0.204
362.424 184.541
154.331 438.740
329.951 399.009
203.810 69.341
384.355 226.527
336.687 241.121
130.828 142.910
378.784 202.807
11.422 11.987
41.776 242.121
41.825 90.096
364.781 191.191
138.351 425.322
448.041 412.884
489.684 349.721
15.658 50.234
18.597 430.401
205.930 19.733
56.097 140.623
51.667 95.517
453.541 273.886
293.361 138.360
161.217 439.913
179.168 49.599
344.713 386.124
69.145 141.087
296.678 291.823
325.208 407.892
86.895 215.036
268.559 369.024
328.174 433.053
18.117 161.277
486.960 169.856
335.998 373.459
359.634 180.265
307.784 186.366
471.529 143.863
259.256 13.006
68.755 326.245
79.829 46.550
277.594 4.532
297.489 166.847
340.918 432.483
124.128 333.189
325.348 395.522
211.757 134.252
9.929 174.889
318.043 207.893
247.478 143.716
235.645 296.867
194.758 193.768
0.829 383.250
122.769 389.903
218.868 74.868
383.767 367.461
37.906 276.297
348.620 94.733
278.299 234.657
8.389 410.803
115.320 297.450
499.651 140.924
91.206 15.147
139.199 274.010
20.774 490.891
294.105 169.356
328.405 462.677
245.956 157.763
171.669 213.091
121.718 473.017
290.510 117.974
353.836 4.483
462.193 423.708
12.383 340.275
8.956 357.039
342.974 113.699
315.770 475.320
167.488 310.708
96.133 175.339
136.602 120.178
397.736 459.315
89.137 399.659
79.970 112.530
350.884 148.563
251.756 73.924
481.259 328.488
132.547 483.934
250.870 370.471
10.595 48.701
79.477 151.842
109.160 334.865
37.797 346.295
422.205 302.566
288.197 394.493
333.674 472.634
347.256 370.188
128.452 250.378
182.300 339.680
329.930 252.914
380.561 270.719
322.238 205.298
83.873 290.978
310.078 40.604
496.621 249.600
290.632 183.937
196.481 1.233
387.315 287.854
136.446 155.109
61.741 474.183
463.321 172.326
382.033 96.917
498.156 25.571
471.513 8.032
167.401 78.542
8.412 45.348
331.340 276.222
370.913 18.043
328.356 433.922
71.884 245.670
437.388 244.905
227.189 137.440
260.749 364.543
119.260 475.494
156.026 276.615
133.973 478.652
6.324 247.604
66.296 26.553
184.939 198.840
329.450 367.724
331.085 390.365
298.283 194.286
496.740 148.920
169.322 203.711
443.893 87.700
149.063 250.062
45.284 408.549
120.586 5.609
206.048 371.330
257.902 443.544
2.447 440.575
219.673 428.856
103.628 39.142
37.733 13.712
44.081 420.398
256.492 493.426
88.353 452.297
43.900 34.320
250.493 37.721
327.431 403.840
148.092 316.756
413.406 154.586
220.356 141.174
105.827 149.489
276.610 155.097
357.171 333.994
139.076 35.494
165.539 73.394
283.085 183.835
272.662 3.624
397.366 113.233
333.663 317.088
307.927 143.231
409.682 310.877
11.613 93.486
188.598 1.977
356.191 289.344
352.530 379.396
346.791 91.423
195.264 116.698
468.798 329.349
324.170 69.322
287.404 452.379
208.799 371.721
73.557 318.115
494.959 402.150
296.552 434.524
309.863 468.292
487.565 166.139
176.118 469.573
287.606 245.957
79.386 156.365
197.828 136.824
116.912 222.867
116.224 431.247
269.265 335.763
472.158 190.285
153.514 108.326
184.898 446.664
256.770 231.333
275.168 271.030
466.347 239.290
183.332 9.787
347.283 102.001
449.613 427.149
305.741 410.976
124.414 155.386
297.069 27.771
350.198 2.333
294.822 138.912
474.441 363.762
390.900 106.087
45.594 74.134
258.205 167.759
499.563 412.671
352.831 249.083
322.669 256.845
115.045 116.149
19.513 419.186
285.021 233.791
238.651 302.509
442.691 168.666
143.612 197.544
157.469 68.589
404.626 291.456
347.646 275.358
220.504 148.953
264.937 193.564
476.005 439.735
151.766 166.982
209.305 1.509
287.080 330.962
487.911 206.799
315.437 200.884
269.846 399.177
62.093 144.063
343.655 133.629
205.681 438.648
249.110 65.495
146.781 344.220
208.136 291.880
452.734 484.718
65.628 293.542
399.496 124.518
137.259 254.794
392.397 156.349
102.866 436.775
344.208 282.913
156.956 282.147
75.810 200.006
443.578 258.965
75.133 350.362
317.440 271.196
447.580 170.928
47.613 201.891
125.073 255.579
491.560 93.272
315.220 464.545
212.729 127.548
91.412 315.558
416.211 303.523
76.659 290.033
383.157 20.983
306.490 13.582
364.660 143.224
48.718 271.501
178.673 233.302
312.675 212.963
135.258 83.185
205.866 313.451
15.948 147.462
361.866 497.429
390.980 353.486
168.923 157.833
486.551 417.387
205.964 195.211
1.663 403.315
164.229 105.141
134.318 269.290
361.493 77.484
42.499 88.031
100.232 167.964
160.905 104.144
178.712 204.819
491.145 372.340
91.354 155.190
436.392 101.501
351.901 409.532
201.645 261.601
251.796 399.366
272.946 244.214
218.078 128.365
183.493 94.352
448.404 363.344
244.184 327.593
161.238 107.667
460.628 96.190
129.705 84.398
174.903 20.573
463.942 215.951
139.940 48.711
220.760 437.370
302.988 335.366
422.058 111.087
182.984 174.332
252.059 240.619
251.555 86.014
37.824 317.324
359.420 285.789
86.188 401.128
303.049 217.339
227.718 262.204
202.210 430.706
363.903 213.661
221.495 30.540
233.905 41.706
387.969 481.439
90.765 160.599
270.838 235.172
151.703 161.614
23.012 457.899
127.795 334.572
408.380 437.992
195.134 116.478
249.890 449.684
1.553 191.210
214.983 292.145
89.569 459.304
390.809 199.416
206.828 64.496
123.889 287.046
167.835 82.661
382.746 68.262
9.494 309.126
157.384 155.886
46.402 202.360
105.677 91.626
17.915 397.726
262.345 99.525
346.321 68.639
71.324 142.846
226.711 301.319
496.585 255.784
155.868 444.960
303.508 232.100
468.133 481.824
470.078 171.830
432.713 36.659
233.637 71.682
387.762 69.683
251.763 102.627
7.155 337.960
81.590 256.752
108.465 23.389
252.364 228.692
475.613 424.788
90.682 218.269
93.202 163.134
264.862 435.290
322.882 369.292
313.562 69.454
370.892 490.310
222.782 435.262
54.809 241.040
227.383 207.638
395.417 291.427
214.866 426.531
498.823 218.434
407.105 22.209
363.148 473.014
442.559 138.020
414.806 471.467
466.011 218.468
330.752 211.604
287.131 131.108
292.297 420.535
346.640 219.803
342.045 159.641
118.653 362.124
177.164 66.036
459.362 286.131
272.732 242.681
212.569 116.291
404.523 348.580
130.629 491.515
5.546 185.789
290.109 176.262
374.306 483.593
100.319 497.948
193.472 2.276
230.757 170.052
442.266 146.164
164.592 69.070
202.162 24.873
304.580 142.947
430.722 141.782
222.252 298.075
380.753 273.119
92.473 452.618
25.064 293.509
155.825 278.288
36.512 329.308
330.004 169.057
430.298 226.272
262.470 361.696
206.584 113.425
155.542 395.845
455.493 384.110
499.699 285.782
459.524 39.602
265.632 469.122
187.924 486.303
449.831 299.459
174.102 167.287
445.288 210.941
185.452 437.935
59.361 478.231
254.582 174.463
215.055 111.017
226.547 142.230
429.774 312.038
183.650 495.310
422.290 12.041
490.362 399.354
