354.265 37.664
237.401 303.097
254.926 27.242
299.424 31.641
150.990 147.055
83.329 99.881
335.387 218.139
70.736 216.256
410.864 260.817
15.426 370.384
252.910 356.553
204.699 204.254
492.001 465.344
248.120 483.139
106.142 494.540
98.622 337.622
217.073 130.927
23.603 215.558
294.450 335.860
332.501 416.979
183.932 277.823
293.773 379.007
336.330 248.128
493.420 351.157
62.575 7.791
405.310 450.250
201.507 61.717
102.161 245.187
122.865 315.592
468.736 295.881
157.503 214.113
433.901 397.412
227.326 6.307
252.020 191.040
205.077 311.035
111.117 83.355
57.034 58.437
74.693 263.186
234.776 43.207
442.536 124.675
356.443 386.449
390.526 18.223
285.555 355.583
404.562 201.617
198.371 480.602
120.975 121.816
253.673 13.521
113.578 398.215
306.219 255.648
490.646 492.844
454.862 101.504
286.109 402.117
486.293 442.872
299.902 111.960
211.015 365.321
379.838 268.467
297.979 85.316
486.011 196.225
288.047 154.518
432.437 2.653
213.938 348.484
240.592 197.346
94.167 338.411
261.187 16.849
301.749 140.733
61.157 202.961
353.649 264.204
400.118 256.145
375.416 45.076
7.079 477.493
318.989 106.644
495.966 274.469
242.667 336.525
208.362 307.239
132.091 127.313
118.360 266.688
136.974 498.297
451.979 213.501
483.322 24.148
109.352 210.417
450.503 149.000
407.082 485.239
429.480 166.441
196.150 56.375
50.551 178.757
339.005 336.809
149.312 116.372
389.359 402.795
401.509 251.679
192.088 231.769
247.959 85.689
298.413 220.854
393.721 140.307
137.140 356.343
238.468 391.262
62.891 208.810
307.832 121.994
221.114 357.597
419.514 164.800
438.231 172.968
282.626 233.465
498.545 127.982
408.396 397.026
2.549 370.310
257.948 60.406
221.081 312.868
485.484 162.637
81.695 415.568
363.511 202.854
43.031 477.913
74.236 79.966
304.625 316.346
231.577 140.658
163.222 243.427
499.014 144.886
365.940 234.911
3.373 253.133
325.208 391.339
147.913 246.618
96.729 398.619
38.257 117.740
479.379 187.693
71.676 259.783
480.922 56.315
255.735 168.944
487.942 23.435
165.727 256.151
145.646 7.493
377.187 468.798
427.561 139.047
371.782 228.204
14.379 345.545
463.321 456.360
205.422 123.110
295.148 125.533
499.511 145.880
165.767 117.774
89.942 354.555
493.983 137.349
186.763 56.100
121.040 275.430
392.855 315.228
300.419 398.941
468.401 424.725
101.337 44.990
450.302 138.521
110.879 11.280
252.209 378.778
192.323 459.579
75.791 450.683
160.850 350.813
229.616 204.779
217.746 105.203
126.495 80.385
263.743 333.747
386.362 5.749
31.786 21.549
274.796 321.041
194.829 267.286
445.613 55.480
401.496 68.758
135.417 80.941
231.957 73.782
472.153 198.462
220.709 45.058
160.921 367.685
159.481 17.794
458.100 206.274
70.899 410.017
196.714 240.885
102.728 98.167
54.674 87.846
264.247 122.059
347.340 232.570
417.414 431.283
52.783 409.029
290.075 98.603
25.501 161.373
327.736 143.524
479.480 16.420
108.027 248.088
131.655 153.168
186.455 162.166
159.289 282.157
121.487 331.704
170.013 337.721
498.873 109.661
283.542 314.035
72.300 156.697
310.733 171.218
376.368 360.343
285.296 6.772
50.859 30.945
140.674 340.799
5.398 45.953
403.730 144.101
300.756 370.951
279.823 444.389
414.111 374.493
414.639 432.843
204.737 299.917
378.925 340.076
407.480 167.464
297.142 155.242
153.674 158.411
27.542 330.107
403.619 144.379
405.888 108.376
153.669 30.670
445.733 220.836
286.662 40.368
289.352 176.668
96.614 250.277
318.293 467.631
128.814 175.024
11.141 22.415
424.032 155.660
402.168 121.041
281.674 246.550
428.850 452.955
217.124 202.776
355.429 54.650
405.678 127.555
147.317 42.125
237.162 60.630
41.274 401.263
89.041 444.889
81.317 289.758
71.004 150.473
465.326 216.286
166.743 201.366
135.400 363.727
416.067 398.912
315.173 64.628
138.022 263.705
304.787 16.277
174.892 241.971
436.082 301.389
60.882 338.361
230.785 333.482
280.152 146.685
247.479 39.499
80.852 275.599
496.806 91.153
166.938 75.986
316.290 212.747
405.344 467.425
93.127 419.398
95.985 434.837
482.912 431.557
332.100 32.282
97.206 249.631
158.805 127.529
171.397 472.361
377.865 19.143
363.689 270.826
288.876 349.130
157.802 329.982
109.467 208.525
486.114 314.794
351.895 168.760
318.440 100.654
120.893 338.301
209.556 39.279
211.775 151.604
390.205 219.542
408.928 270.590
366.657 365.356
193.601 126.147
283.000 240.519
499.967 228.017
448.540 480.595
388.015 117.036
395.765 231.604
237.243 79.486
222.645 293.961
323.762 432.990
254.083 134.705
268.808 354.053
165.022 126.236
333.891 409.550
394.485 265.062
366.661 34.094
395.903 281.632
121.007 399.592
145.240 205.515
214.154 62.690
273.300 387.172
33.779 206.290
498.078 374.291
433.732 87.163
23.599 386.294
298.686 64.014
357.961 299.556
135.339 497.137
20.183 267.073
352.041 304.768
123.134 333.342
418.377 54.164
412.257 268.222
221.000 456.801
365.435 1.974
302.558 435.502
299.279 226.317
460.252 200.501
304.993 456.472
262.963 355.294
384.051 78.431
379.140 417.933
407.253 437.578
84.812 176.255
204.135 423.660
403.264 333.313
401.191 93.659
329.940 179.695
295.452 155.743
337.738 457.847
196.636 325.567
98.973 394.618
335.554 374.655
48.842 356.756
95.365 214.224
367.108 254.816
369.633 38.615
138.189 459.217
256.223 171.035
227.939 206.553
97.320 82.112
312.435 256.872
482.835 234.897
253.714 359.631
382.277 223.689
69.933 432.133
453.050 77.557
19.828 111.244
460.553 463.132
43.295 224.855
189.709 376.280
367.229 286.494
58.142 371.203
454.755 357.734
311.170 331.105
373.014 146.668
401.172 23.975
110.331 293.056
385.451 89.722
26.007 132.944
471.830 190.075
207.361 111.989
417.821 106.912
192.242 322.773
351.406 278.716
35.543 80.169
221.282 321.076
471.894 106.513
379.463 302.053
438.989 120.385
499.030 252.669
258.265 128.007
302.014 201.923
309.334 446.559
439.212 382.957
346.788 429.642
68.391 20.656
135.577 201.665
349.299 167.002
172.678 471.816
217.709 266.340
246.414 249.645
91.005 365.367
422.051 462.833
443.420 81.759
269.612 168.602
405.211 187.484
336.324 417.545
142.920 307.904
35.174 82.564
153.480 354.968
260.371 151.357
378.895 41.031
416.205 449.001
69.550 269.776
240.846 409.132
14.646 455.745
432.465 382.245
330.140 291.044
40.036 236.777
165.415 353.543
362.540 434.039
236.596 415.409
168.563 332.522
343.857 438.458
268.995 54.880
5.393 265.358
201.916 14.107
242.902 125.171
102.058 10.893
216.480 466.740
112.525 232.460
416.630 345.732
41.322 147.433
1.263 111.607
72.551 314.747
88.379 224.290
417.432 436.746
168.088 193.644
466.505 105.317
2.468 401.612
115.251 422.827
160.375 428.756
341.298 80.679
84.417 168.784
2.351 381.757
422.333 186.852
275.620 48.212
26.165 192.923
104.071 288.444
373.809 140.857
385.731 308.366
272.064 446.828
153.776 40.231
273.391 314.594
360.034 19.736
318.038 480.918
467.377 391.332
260.316 140.398
144.623 274.918
37.505 456.122
344.557 89.526
141.593 30.731
423.782 83.420
95.334 301.023
151.730 91.504
102.160 286.376
447.117 202.574
267.889 457.401
263.470 277.047
310.486 443.516
94.399 89.067
317.159 91.892
182.190 81.682
85.877 488.357
82.543 189.260
114.286 457.485
155.434 209.796
404.495 277.106
325.672 256.489
200.769 499.915
480.529 459.708
443.326 258.402
435.142 420.112
174.010 61.724
127.400 482.312
450.664 428.169
217.107 280.532
155.062 197.218
402.850 51.101
378.523 257.228
490.600 451.001
13.272 82.865
41.736 197.742
334.774 485.354
303.636 277.209
69.118 446.353
118.531 242.143
339.501 145.916
322.370 311.726
179.423 87.302
429.852 452.477
255.206 243.060
348.125 238.004
252.936 357.284
365.215 302.070
158.046 383.688
377.510 37.215
123.301 252.517
208.515 146.169
361.053 220.408
30.077 158.860
372.118 48.432
287.293 261.880
105.368 121.682
304.297 100.071
41.551 410.714
376.523 262.161
412.812 73.534
365.375 449.947
452.186 40.361
213.532 261.047
8.717 289.760
22.425 221.644
212.553 44.385
11.063 109.444
74.239 406.008
438.289 40.746
383.146 305.429
55.847 80.355
307.593 468.090
401.351 221.139
407.004 22.106
284.305 489.618
325.437 30.201
30.003 132.633
433.019 127.336
263.421 188.307
373.483 250.711
370.537 41.187
77.532 182.394
63.601 47.843
309.134 48.480
343.481 351.273
499.946 289.192
159.068 267.377
236.541 246.845
478.908 431.512
150.204 337.903
34.401 2.650
358.070 416.967
16.999 8.849
284.230 313.257
273.904 20.434
30.341 414.152
129.378 281.159
470.756 186.573
144.235 495.923
434.156 415.343
167.375 443.572
164.044 430.231
233.700 268.601
275.164 239.356
201.119 130.113
231.309 246.957
423.806 308.640
29.173 221.719
113.907 437.904
385.310 163.215
144.505 176.047
408.313 185.660
441.149 348.567
332.392 5.900
27.039 80.794
212.267 471.130
283.846 175.778
18.542 355.582
431.508 437.400
360.694 198.973
348.042 237.500
432.577 26.396
309.217 396.543
359.231 34.373
129.802 339.713
260.194 166.430
342.345 17.497
196.704 147.668
319.394 384.122
118.597 43.567
468.632 84.790
14.776 37.660
434.499 263.335
219.386 208.177
99.841 443.043
233.076 243.357
179.953 302.362
377.023 126.007
203.136 336.162
186.349 151.982
27.666 382.007
412.902 335.338
290.547 286.664
293.184 116.974
102.145 11.541
348.870 224.989
443.370 164.092
100.854 190.165
270.172 121.281
19.525 224.027
248.056 123.174
244.456 225.523
443.080 44.209
328.905 442.116
416.145 146.734
165.260 421.555
103.236 398.863
459.820 2.337
228.770 153.316
433.798 329.870
108.035 202.649
223.457 487.600
23.437 410.753
372.905 182.176
350.663 485.096
230.526 97.207
159.470 443.154
397.468 74.826
306.653 366.162
99.149 448.224
172.401 406.099
337.627 139.398
497.678 97.715
495.786 350.626
384.459 294.403
206.912 151.195
72.213 50.045
91.811 295.662
368.693 364.330
451.955 17.340
404.491 303.952
339.438 217.540
51.529 227.173
64.141 320.354
335.878 115.057
480.414 101.275
497.942 256.139
16.011 379.977
384.840 181.078
278.283 53.016
7.936 123.987
230.938 63.302
448.932 439.020
487.743 206.181
445.552 407.751
134.274 259.290
317.683 207.688
83.009 161.597
66.061 162.172
