473.386 20.835
36.964 418.171
491.269 328.773
59.458 150.447
455.207 246.247
42.384 474.641
5.223 258.577
128.690 308.567
46.001 421.285
55.870 289.387
337.735 151.725
83.502 410.737
293.216 439.142
379.860 363.554
433.485 16.411
242.356 442.303
177.522 462.744
372.918 48.158
376.641 33.857
450.065 292.160
206.381 95.408
356.180 194.941
196.228 205.621
48.884 295.631
319.996 431.637
303.502 369.112
73.838 110.448
297.476 249.195
323.097 440.570
9.208 57.522
261.273 483.278
3.696 191.907
270.254 394.301
341.290 303.867
20.011 203.971
295.752 60.454
58.205 101.504
414.066 84.701
188.826 151.578
327.380 403.902
450.193 46.200
180.847 97.766
29.062 271.136
30.661 332.885
479.610 425.707
488.248 436.553
133.213 194.452
170.899 154.488
392.237 126.193
261.252 40.128
296.816 242.395
218.875 120.855
116.892 237.652
253.514 249.098
457.361 213.247
110.485 459.064
33.053 271.852
300.359 230.524
33.250 498.008
365.704 393.966
384.072 410.767
291.786 233.531
315.752 150.786
144.857 105.255
5.206 6.719
254.354 283.930
204.154 426.870
247.799 322.441
209.196 429.223
497.688 18.699
168.017 87.025
292.621 133.772
403.845 22.276
377.198 313.824
230.368 239.033
406.359 140.046
460.530 395.023
209.180 172.131
130.439 334.522
148.265 139.689
12.350 279.624
342.069 407.151
335.468 415.981
182.567 222.654
151.878 129.751
475.839 385.107
432.112 461.804
401.078 170.497
79.158 201.144
16.392 187.897
169.040 436.325
185.720 318.160
373.511 114.545
169.066 184.400
270.615 211.449
366.677 181.542
198.214 57.000
434.661 204.174
127.136 30.894
255.854 169.167
65.916 302.847
209.787 453.427
176.640 408.849
5.301 499.116
165.898 284.864
355.317 160.750
185.264 71.982
436.868 336.113
392.660 435.036
25.222 72.347
455.372 415.241
361.217 82.992
208.653 143.877
192.505 395.441
226.610 493.682
472.144 268.643
349.308 374.632
218.774 342.919
9.253 445.811
61.275 342.515
409.264 401.708
346.632 477.429
449.471 334.687
360.468 37.528
102.590 402.437
469.188 129.204
62.929 248.637
12.426 181.007
105.908 467.854
361.655 317.538
275.294 243.949
268.025 0.034
378.338 197.563
170.644 71.098
398.400 25.570
126.139 254.372
331.223 1.657
101.200 384.986
421.140 144.065
298.799 264.698
268.554 445.962
294.286 120.639
420.844 362.890
330.353 14.991
417.904 262.240
51.124 453.512
126.320 393.681
333.204 323.480
386.472 116.389
315.763 279.905
475.789 498.290
305.409 143.393
307.940 389.816
460.313 75.132
452.153 37.113
277.001 191.585
417.718 441.441
109.874 303.197
65.069 105.985
433.994 86.636
234.856 149.273
148.410 303.597
142.819 54.381
365.656 154.358
453.190 312.044
213.567 252.675
282.883 214.215
392.741 387.439
11.579 174.772
332.805 402.600
426.682 50.326
43.640 84.463
101.284 489.629
368.813 209.377
42.712 392.132
294.096 471.755
340.716 412.580
186.845 329.131
218.598 157.392
392.321 295.996
189.355 469.477
400.541 387.184
2.481 392.027
404.195 413.926
258.253 466.980
126.563 281.777
349.209 262.704
183.189 493.747
148.669 293.369
367.914 387.022
487.860 457.461
81.810 299.656
189.710 122.605
75.848 491.990
449.208 198.634
165.912 470.656
1.394 379.662
79.056 49.538
271.150 273.434
489.666 404.875
129.223 211.696
52.880 71.072
471.576 62.068
12.891 107.573
490.677 481.089
326.203 233.349
497.277 122.361
442.673 305.576
30.078 330.166
81.085 164.872
162.733 456.505
361.920 189.585
27.840 347.515
301.059 59.284
112.185 469.855
397.742 162.089
436.113 379.300
129.595 338.309
314.240 196.183
371.450 30.612
203.547 136.966
76.864 145.796
215.771 362.781
272.854 223.066
410.318 104.224
67.802 330.063
150.439 99.828
137.887 167.652
427.602 54.341
45.217 345.250
452.162 311.891
52.457 98.183
440.689 487.142
159.916 468.691
495.250 409.649
385.375 131.521
473.745 402.608
433.250 460.054
118.239 123.743
432.888 255.659
59.961 38.125
372.712 169.911
231.387 48.851
403.797 375.109
287.231 34.078
344.555 443.403
429.257 339.239
224.403 204.984
368.355 243.342
363.260 221.929
423.724 134.773
234.751 383.386
483.690 449.464
33.110 8.271
287.316 223.672
11.566 130.623
300.387 185.006
210.530 219.553
418.570 36.169
99.119 379.355
182.038 267.811
433.403 128.309
153.943 260.086
35.015 346.082
283.570 182.973
379.088 94.930
86.904 10.931
214.135 16.441
44.985 257.720
335.812 271.532
73.920 433.809
102.771 62.120
233.072 342.825
454.647 139.931
4.673 104.570
182.775 422.839
9.176 87.125
205.241 443.810
413.759 54.749
492.746 437.313
171.388 432.690
401.198 190.271
174.931 336.807
123.362 366.824
63.381 499.954
266.682 197.558
380.420 175.764
292.065 159.073
408.153 278.814
11.868 324.409
15.822 377.044
317.095 395.004
256.328 139.443
97.806 362.252
374.212 56.473
354.517 307.227
409.025 194.448
422.835 202.440
136.901 322.335
235.738 106.802
83.720 407.336
235.692 408.612
309.610 432.792
284.338 438.535
361.574 224.044
199.625 230.943
52.328 303.911
141.235 464.902
434.321 25.323
36.692 260.909
118.053 197.989
425.649 171.013
382.018 430.131
409.183 19.513
41.752 346.136
304.869 486.787
334.671 391.594
193.994 167.585
370.062 356.115
467.716 350.571
471.827 101.542
412.318 132.662
174.940 377.484
440.277 54.451
145.278 312.301
386.261 184.990
167.784 15.623
253.963 98.177
278.572 122.298
321.402 355.084
315.510 6.905
188.513 205.355
66.720 34.940
424.610 120.868
262.419 179.442
131.362 137.562
405.189 42.324
164.404 104.607
136.019 45.045
322.740 158.918
213.946 392.367
424.609 128.641
92.472 90.320
413.662 170.267
86.322 70.472
317.959 75.983
198.633 80.078
288.377 426.786
125.819 472.376
126.367 184.431
142.741 95.359
76.774 251.319
435.182 180.485
336.137 268.727
346.168 465.638
346.032 129.187
433.738 109.654
318.211 303.133
168.304 473.370
451.259 139.671
471.418 188.964
414.381 254.988
224.353 268.700
267.424 279.083
322.259 123.298
131.590 165.733
383.478 124.274
166.894 333.799
461.568 226.552
259.915 463.974
434.053 100.448
25.946 376.311
309.123 404.167
175.267 34.929
448.663 299.114
379.007 344.408
304.725 457.479
483.609 162.049
486.161 261.106
211.795 487.807
331.987 11.000
253.119 409.807
482.028 397.378
336.393 413.250
461.516 341.593
228.764 446.064
194.459 261.886
279.815 95.734
452.142 287.691
335.979 165.610
278.718 4.086
126.620 35.233
380.630 170.983
196.206 426.775
249.641 253.307
303.235 341.580
38.699 487.611
191.600 159.876
376.507 122.588
417.201 183.516
95.676 487.772
132.541 462.834
21.898 79.422
465.815 125.095
197.799 271.500
222.915 141.777
60.001 135.731
353.639 225.481
334.805 393.127
174.290 275.257
307.865 364.935
474.720 151.145
44.074 83.772
329.734 298.097
195.925 173.761
495.339 487.726
368.126 456.757
108.248 215.074
276.089 186.529
301.002 301.548
417.987 299.063
130.842 348.932
118.020 187.810
209.840 134.404
472.250 339.358
472.944 178.856
334.730 290.027
52.146 99.090
61.529 402.197
1.932 30.846
209.065 114.036
419.724 462.979
39.695 325.413
279.489 103.177
182.555 56.925
384.722 413.585
352.293 289.706
451.897 90.362
231.545 25.453
116.145 19.584
175.400 289.054
214.596 166.343
497.213 390.314
81.394 418.213
40.819 435.418
141.494 167.437
497.418 264.960
134.689 160.345
106.846 216.390
363.792 271.675
178.114 138.013
267.083 346.382
245.929 6.804
258.244 297.722
487.537 31.891
417.653 161.392
393.275 62.165
135.581 293.801
279.258 29.863
156.724 152.831
243.603 437.934
93.843 172.515
355.283 310.850
102.129 472.653
394.448 275.387
180.159 331.847
493.741 492.819
348.720 169.281
43.862 395.197
298.622 449.876
440.460 343.263
254.166 2.339
207.700 488.407
303.454 54.895
427.521 362.130
140.723 99.709
328.483 129.202
180.292 404.157
158.718 85.116
446.944 289.080
311.554 139.225
45.751 26.186
236.943 62.542
356.029 167.196
300.807 332.628
71.568 25.760
121.459 416.905
429.549 136.540
47.351 447.771
381.658 385.159
443.756 19.582
336.653 298.221
307.275 361.546
463.288 40.667
470.865 57.945
291.718 391.885
145.030 248.143
151.592 96.925
293.364 220.182
254.604 319.951
394.555 19.064
163.575 169.280
483.360 414.360
39.551 308.502
257.041 371.321
40.619 15.374
98.279 367.978
19.639 30.746
425.696 258.928
481.874 435.729
244.802 51.510
396.763 74.981
177.240 228.933
25.041 475.092
443.248 133.277
229.814 280.515
161.670 287.327
224.564 197.415
423.019 375.401
317.635 213.792
439.397 245.476
42.491 300.206
444.671 264.419
198.503 71.582
484.198 259.463
35.997 21.728
202.830 10.128
3.373 444.601
145.075 370.134
168.554 286.325
33.278 103.483
496.483 114.687
469.436 381.513
64.717 418.074
54.249 189.531
156.400 73.349
335.487 178.414
60.227 413.603
458.784 350.718
343.227 38.679
359.712 188.604
405.952 375.558
112.967 8.651
198.930 44.149
434.795 367.877
487.032 139.833
302.337 75.254
128.862 80.302
87.075 285.426
218.836 35.323
18.192 398.261
206.856 250.838
145.164 351.208
374.417 387.351
365.029 188.894
47.545 113.076
478.235 270.488
99.719 285.174
429.564 284.880
6.737 280.719
143.376 473.639
58.244 168.836
353.181 118.535
374.306 452.835
14.331 413.750
75.541 162.147
337.598 355.725
188.219 359.668
212.632 262.276
177.562 42.007
120.507 216.882
271.211 309.583
360.590 15.630
268.772 429.462
241.160 456.795
486.639 463.157
291.785 118.301
271.201 15.639
323.948 466.284
126.632 14.693
146.917 165.666
97.516 55.411
479.715 0.657
238.913 373.052
228.545 232.940
151.547 255.492
278.066 410.584
109.333 228.105
67.104 349.294
192.743 407.704
225.368 118.882
329.844 343.551
447.985 317.486
38.208 87.197
443.116 214.252
174.653 451.660
104.114 255.912
482.090 117.536
114.247 141.511
222.696 378.632
281.833 427.639
422.346 274.851
24.636 315.538
224.712 124.160
121.423 468.658
53.303 79.741
453.126 463.023
12.085 135.299
461.357 212.511
308.871 401.813
10.173 41.381
290.888 3.782
439.862 281.339
81.151 478.779
278.298 348.536
439.343 332.711
374.398 426.083
399.080 242.857
358.398 91.566
89.686 415.685
445.812 208.214
206.675 333.346
71.421 311.157
49.284 273.450
432.006 354.491
