101.457 46.664
228.893 425.565
44.925 348.231
244.732 371.835
12.735 102.672
75.921 72.000
240.745 321.810
258.362 499.354
408.172 262.423
163.723 350.094
373.299 409.681
74.248 248.719
430.177 38.206
297.452 385.663
67.434 9.469
385.855 217.477
440.814 152.188
40.577 359.007
200.289 13.380
497.523 123.875
398.930 58.585
34.196 421.695
146.549 64.900
109.129 271.667
261.796 352.701
70.233 132.566
100.520 252.551
434.990 335.027
384.708 241.518
178.873 101.046
57.956 179.743
141.942 380.332
277.796 488.553
138.588 25.728
382.568 246.504
35.021 408.796
304.299 436.439
63.232 251.820
470.033 0.259
394.056 169.598
60.214 208.820
480.201 261.792
166.344 397.217
3.916 470.925
263.390 170.682
212.126 401.476
334.096 122.349
253.065 136.316
31.508 398.372
408.057 370.184
109.807 340.003
389.239 147.442
482.729 469.596
451.746 310.834
456.420 281.183
482.157 94.184
94.664 450.765
113.127 3.262
383.380 379.164
233.739 271.667
171.636 476.446
32.628 138.961
232.406 20.746
170.789 146.553
40.496 155.428
191.031 277.100
409.270 348.896
47.619 326.037
221.227 13.632
418.857 422.537
248.522 199.546
271.004 3.611
226.912 120.651
444.947 289.331
373.584 345.307
205.783 374.484
279.216 36.581
61.218 464.073
45.362 357.107
100.420 216.893
222.769 467.789
459.139 160.489
167.905 416.037
182.035 436.754
95.471 214.550
194.331 71.935
66.909 124.258
295.549 450.468
215.474 118.143
119.943 261.073
402.591 470.482
461.398 227.647
129.728 17.329
456.986 191.929
231.994 180.981
69.710 295.259
301.186 21.843
438.040 295.533
161.873 0.959
425.000 201.770
329.185 334.821
244.946 459.009
462.605 250.320
26.736 103.821
216.101 293.352
190.529 158.262
258.676 320.362
360.512 376.956
472.327 8.575
459.940 282.971
304.954 174.068
357.848 234.540
128.811 322.815
56.494 468.041
439.295 264.924
305.547 160.360
203.617 380.999
14.583 38.917
486.430 31.961
9.864 254.425
329.220 472.013
256.396 239.380
113.956 216.900
221.605 484.044
267.675 173.801
200.378 123.146
9.799 412.596
212.264 217.621
369.497 236.066
33.580 378.650
115.236 352.011
382.548 74.991
158.041 90.959
403.713 151.513
416.373 423.794
19.861 488.311
177.685 379.101
339.252 274.595
292.312 446.712
347.255 383.299
134.585 225.836
466.959 365.468
6.537 94.445
476.422 457.800
268.037 150.418
274.590 432.279
431.679 123.489
102.439 226.630
284.970 436.550
335.009 327.631
355.325 28.265
432.731 109.419
94.158 394.664
106.652 431.278
222.044 143.446
426.207 321.827
155.923 287.453
172.383 264.118
138.290 394.282
267.102 343.320
10.536 7.346
199.300 225.077
161.630 212.610
368.907 415.425
389.912 157.345
370.526 393.206
225.494 41.562
101.034 218.621
38.387 469.288
32.078 294.540
418.733 117.434
453.892 153.587
426.889 350.289
348.670 76.055
156.874 374.226
402.368 275.953
231.061 176.830
299.877 153.050
73.034 403.918
285.367 187.022
15.291 464.322
421.419 327.429
389.760 255.085
416.424 166.802
296.262 475.227
421.822 267.751
324.988 37.448
77.961 303.747
348.365 434.451
327.187 452.650
26.570 315.774
270.529 386.260
38.178 252.737
92.877 23.418
229.731 383.158
491.822 122.592
232.203 439.151
408.532 348.758
181.965 394.042
90.859 99.359
93.379 420.265
214.835 384.434
214.999 466.585
258.154 294.984
201.620 406.883
359.583 478.081
250.049 127.964
493.636 200.935
373.253 359.058
230.020 411.468
286.104 108.365
275.903 318.290
497.555 35.307
390.780 451.218
450.767 337.847
273.172 4.500
77.762 342.962
491.492 133.665
98.295 15.993
347.249 302.048
146.991 456.429
123.964 182.846
47.685 83.899
89.500 491.048
31.023 231.529
119.410 42.296
322.612 71.224
139.876 195.274
192.635 107.161
192.359 248.437
418.160 279.742
185.764 384.387
119.010 177.712
494.827 118.770
352.986 321.032
232.235 233.142
281.060 459.019
375.293 97.374
418.869 88.405
105.139 307.704
223.332 73.719
455.356 140.617
429.758 287.815
157.124 263.648
336.408 179.165
393.021 471.501
254.799 115.794
204.392 76.230
169.329 202.941
266.484 357.042
36.265 196.826
499.447 407.990
147.629 406.642
108.259 276.454
153.873 167.010
453.205 214.850
213.634 130.304
282.934 289.035
256.488 198.226
310.244 247.052
295.569 33.469
220.201 335.579
123.731 346.723
129.398 492.890
11.278 388.872
296.590 277.787
192.064 499.265
387.211 394.462
481.861 391.649
446.881 91.658
242.003 364.214
394.442 179.221
99.367 376.565
200.201 284.667
459.630 102.374
62.093 6.615
149.320 108.042
394.252 175.053
178.417 142.152
207.774 208.824
119.066 121.342
444.247 173.673
385.418 22.525
118.569 172.195
431.964 77.058
104.710 79.855
473.386 315.149
323.165 2.374
107.980 221.379
31.967 478.882
98.457 294.612
174.422 21.198
161.257 32.636
278.389 163.637
418.267 165.055
377.499 469.748
302.000 485.907
84.482 406.807
116.053 440.839
60.665 254.997
297.829 62.232
77.693 463.713
14.244 332.653
62.709 200.672
263.561 429.544
412.483 408.226
77.284 45.286
315.875 494.558
88.648 381.953
341.771 349.463
20.860 25.784
382.828 157.699
424.582 77.591
462.802 8.042
45.000 341.800
327.574 493.595
331.716 115.972
257.512 42.053
314.475 93.990
303.300 146.140
118.579 56.291
305.088 258.179
148.768 67.451
147.442 380.668
137.611 337.778
486.644 87.049
68.103 255.241
366.091 469.234
392.667 458.353
260.792 252.230
293.297 335.107
388.344 221.954
416.945 245.607
445.019 201.429
101.882 176.501
406.745 376.215
178.974 461.156
199.502 429.583
185.699 89.522
181.122 142.447
258.273 17.550
484.967 137.681
227.558 117.489
211.053 318.021
393.223 89.487
59.238 149.110
250.586 66.876
456.900 36.356
484.556 114.265
343.817 443.440
85.696 483.389
343.351 328.595
263.042 278.401
140.816 192.937
136.060 389.719
99.657 341.343
229.521 451.352
370.331 402.611
179.415 351.759
44.278 169.581
100.683 297.664
243.469 225.219
198.590 116.036
136.144 189.565
15.129 342.640
359.276 348.790
467.089 452.202
396.223 204.624
95.588 19.786
71.263 16.007
472.826 189.198
486.133 347.175
312.490 133.859
100.412 33.579
135.489 463.130
338.442 96.009
156.192 55.803
369.040 341.034
350.841 2.948
12.426 54.332
486.804 353.332
411.597 95.085
159.080 192.042
163.656 479.895
108.151 313.596
465.792 112.653
228.326 459.346
487.426 364.695
175.117 136.053
287.348 214.966
107.816 339.382
261.110 416.466
430.393 189.288
230.338 439.630
17.912 412.107
215.055 159.765
134.760 270.456
2.847 119.539
136.569 358.393
97.740 41.905
30.948 216.798
435.217 424.960
403.488 495.325
383.055 323.989
450.723 3.282
446.230 240.276
33.775 452.907
10.568 279.695
316.993 46.660
379.660 117.119
258.951 189.783
471.837 187.395
15.503 381.013
124.456 9.361
344.252 344.825
392.368 65.766
106.334 481.317
155.838 388.410
53.900 463.101
484.476 327.231
52.603 277.727
393.900 3.322
175.194 226.650
482.624 277.062
329.808 206.311
93.044 28.499
425.301 169.763
413.505 239.678
456.416 174.149
32.868 432.808
41.739 33.748
208.072 37.053
423.319 433.896
141.721 160.639
224.568 295.186
482.726 119.534
11.547 343.978
97.453 438.730
466.096 490.912
480.261 195.672
366.758 387.290
446.098 422.909
1.878 445.616
372.137 18.195
29.822 342.760
376.327 27.188
140.361 180.742
107.648 358.702
0.235 294.689
303.293 244.755
58.950 221.800
30.725 15.757
366.751 146.215
297.276 91.734
435.262 152.416
441.390 209.741
35.471 258.015
131.174 397.290
369.803 196.026
121.243 65.741
120.517 15.617
251.976 235.276
396.394 142.059
241.322 130.394
219.201 63.847
187.765 37.413
432.575 212.895
346.046 189.251
290.430 373.455
315.997 101.423
119.057 204.856
466.558 13.082
142.754 141.126
481.534 255.831
487.590 208.000
392.668 288.513
259.076 149.046
71.117 153.805
337.982 472.130
302.882 480.746
122.399 82.435
442.528 334.916
463.880 15.822
261.368 336.132
317.071 10.983
100.541 63.643
178.114 312.114
173.382 274.395
339.109 237.969
256.089 329.740
162.093 138.314
415.269 410.587
76.168 203.175
303.242 156.598
245.941 60.817
161.363 313.689
69.897 290.008
160.603 308.047
61.269 429.590
139.352 115.246
118.924 152.050
318.486 9.196
326.322 165.229
95.622 153.968
373.561 14.381
235.401 169.061
185.224 26.756
355.207 389.417
356.073 423.961
210.872 101.377
104.711 262.476
322.476 3.652
207.856 88.209
159.387 258.435
139.473 74.596
276.069 331.532
400.554 352.584
88.378 490.207
6.522 303.996
100.754 291.287
86.254 290.516
356.004 478.332
120.243 232.703
21.365 372.437
389.238 352.811
99.605 302.433
54.795 247.080
364.512 346.225
76.789 220.967
8.344 29.666
222.510 235.879
380.954 477.686
257.361 40.747
386.988 436.475
341.395 250.193
306.017 329.797
208.279 216.777
434.481 390.257
132.386 240.003
413.240 360.447
268.816 279.003
0.665 289.022
213.486 492.700
22.979 170.544
226.653 54.675
132.766 48.991
127.074 275.595
494.920 34.432
416.184 95.686
186.756 0.403
6.071 491.833
230.290 380.917
149.550 371.397
151.988 217.054
224.663 23.722
466.870 49.745
278.064 437.647
438.251 132.971
90.742 114.935
67.948 102.696
51.463 308.966
21.179 212.857
34.103 349.413
382.719 435.223
95.264 114.004
421.346 17.018
171.657 374.778
47.423 295.344
380.586 153.340
224.449 99.053
268.577 39.511
296.816 17.414
22.269 211.007
476.778 462.811
198.266 138.014
83.158 262.856
351.717 319.378
24.257 289.601
11.480 334.725
362.450 313.858
466.393 436.808
306.309 126.323
231.064 481.771
383.013 116.540
340.858 446.957
167.310 460.116
186.945 44.688
352.406 433.608
359.777 288.736
403.332 464.950
328.869 456.007
416.241 217.300
277.903 448.582
253.656 275.299
86.535 372.732
28.247 342.858
486.410 322.447
184.077 268.874
219.172 454.320
277.639 432.980
127.048 3.160
497.345 94.181
181.979 196.918
63.687 372.285
482.162 106.898
418.385 496.716
450.610 394.420
11.281 333.420
385.091 175.199
42.717 363.633
294.505 373.474
54.394 77.378
442.382 499.188
354.439 442.113
482.084 476.263
425.144 183.646
356.950 461.867
449.047 254.457
158.224 21.765
360.689 268.261
49.487 124.269
30.980 203.802
37.054 140.559
197.355 256.674
329.236 27.739
