221.286 499.156
437.467 28.651
151.570 466.096
306.244 293.393
397.522 56.736
267.990 410.111
25.850 95.654
289.087 215.192
419.096 176.156
354.480 168.146
167.506 135.355
161.848 484.742
454.540 83.549
274.301 443.160
486.216 206.040
111.642 97.524
335.062 177.339
139.977 240.286
487.119 25.584
337.885 396.371
252.081 329.972
466.083 142.888
361.507 491.464
103.885 180.699
265.295 45.732
195.747 476.809
208.429 175.686
187.406 369.972
103.047 431.424
18.756 132.449
92.828 208.689
125.476 412.999
488.078 262.487
319.545 320.500
453.662 212.354
18.663 413.450
212.624 444.255
397.608 99.695
71.028 120.046
52.530 487.191
21.214 438.944
494.612 340.945
190.643 347.097
309.174 95.987
247.468 245.294
186.887 480.366
144.030 436.981
200.421 421.588
317.937 481.787
167.431 57.562
427.016 183.270
124.405 320.260
391.326 270.955
126.929 158.956
135.750 456.470
21.634 305.782
276.987 116.777
168.397 457.691
327.402 127.793
114.795 335.174
495.220 412.449
191.629 483.019
22.173 104.867
355.600 355.786
491.250 262.737
51.040 12.740
327.756 395.880
233.724 311.130
281.980 132.992
45.941 348.102
2.591 340.924
462.085 341.772
128.956 323.166
64.363 340.575
463.848 318.377
122.676 289.337
351.796 97.183
245.378 133.893
329.044 437.992
224.989 241.508
289.481 277.355
449.441 334.787
434.732 442.918
113.760 74.082
4.210 310.385
362.725 262.728
401.911 167.951
370.979 185.694
420.203 248.179
159.368 465.286
76.287 261.273
218.193 7.173
234.347 420.618
9.337 232.760
337.869 141.376
430.976 326.070
249.008 55.085
31.114 52.523
99.415 175.201
123.556 397.892
349.229 56.997
200.471 407.948
168.845 52.068
258.354 279.250
128.518 450.214
449.620 15.106
388.182 375.595
51.847 185.341
192.932 127.533
393.358 222.959
149.987 401.654
195.585 443.149
57.953 279.599
304.556 203.326
493.629 32.983
193.460 41.975
450.158 328.376
191.504 39.543
114.055 371.563
487.785 128.939
229.369 400.150
239.621 383.199
376.669 98.359
194.838 143.480
249.045 484.379
62.408 227.532
301.798 451.618
95.774 418.319
450.053 448.457
185.657 392.294
243.420 374.200
388.994 305.279
241.333 396.759
389.178 496.958
447.883 96.124
63.676 428.218
140.417 174.131
299.674 163.203
42.159 230.202
252.194 107.388
12.730 123.195
41.905 409.358
48.905 364.184
419.291 278.047
239.910 356.374
439.273 212.741
196.800 83.563
153.748 318.678
428.869 343.448
136.719 158.760
46.797 478.853
194.147 394.424
36.767 118.887
315.159 229.658
37.014 341.873
482.697 148.759
283.069 299.531
352.461 331.386
484.287 322.005
155.012 382.412
155.713 158.806
192.610 328.180
102.881 456.169
119.991 51.035
21.302 363.795
470.492 427.903
101.653 95.965
381.357 127.273
415.759 399.653
285.079 89.920
29.830 390.669
323.349 399.996
378.003 214.108
63.534 86.188
398.150 17.978
125.451 156.558
487.496 276.161
360.876 256.903
288.216 331.149
497.841 262.574
111.922 161.180
110.160 398.644
22.353 105.865
235.261 162.195
60.840 176.981
281.258 38.863
176.878 495.188
174.494 226.976
166.620 437.781
154.203 362.523
356.577 220.729
2.479 163.239
339.727 73.754
389.997 305.211
112.990 263.462
267.527 397.600
176.081 218.060
214.452 52.889
319.783 51.867
210.058 87.972
461.282 154.570
344.693 463.732
214.069 112.384
159.109 231.216
413.949 297.727
55.799 49.725
207.975 374.377
213.804 40.049
32.175 450.298
102.122 304.398
320.476 215.883
337.747 104.350
492.530 193.822
70.661 319.599
165.651 415.836
267.467 345.164
395.831 300.177
291.260 129.008
359.607 100.376
141.052 116.118
117.665 33.860
489.867 418.431
470.580 290.230
67.094 210.476
312.198 481.568
297.260 356.053
257.016 464.833
219.661 245.229
159.520 249.774
243.831 181.604
432.291 51.723
240.132 475.873
246.728 139.901
101.064 49.859
368.077 117.197
165.055 456.177
5.193 244.539
314.650 407.240
195.506 418.141
31.360 335.774
356.233 219.329
417.894 2.267
130.755 77.524
395.359 355.437
231.578 103.643
137.751 269.853
13.640 17.543
80.261 54.504
399.481 144.532
220.081 494.072
56.674 148.379
461.761 303.878
349.718 409.319
177.779 411.231
475.262 476.905
48.791 5.033
314.072 25.244
379.250 255.374
134.592 416.161
275.881 229.714
4.450 105.329
227.449 242.873
96.711 325.186
289.754 414.779
474.568 404.845
25.433 184.982
455.814 47.770
183.392 95.444
148.255 380.126
386.542 339.668
340.683 196.542
132.587 11.439
303.979 266.873
243.259 148.971
144.727 151.508
114.144 224.464
220.528 311.434
129.122 110.333
275.925 65.520
415.055 15.633
220.582 250.075
362.361 128.862
55.728 117.828
450.674 385.726
352.001 261.510
44.038 462.938
19.685 71.772
247.351 78.800
91.251 189.102
163.983 7.809
460.868 55.997
406.964 286.516
75.381 59.779
478.708 321.232
383.514 121.397
495.219 114.541
48.564 323.998
267.254 63.155
65.385 364.284
266.582 131.040
93.364 428.419
271.438 143.225
162.501 119.647
32.438 189.871
490.427 474.920
458.822 89.094
274.949 483.136
253.370 28.326
49.729 239.011
141.236 309.825
208.059 129.460
228.404 375.218
270.244 5.046
256.334 355.402
352.096 203.241
43.362 422.238
463.287 243.678
488.937 170.750
118.092 98.963
299.496 378.769
278.989 216.679
361.252 473.907
38.725 399.655
106.909 150.053
495.122 385.871
432.187 320.557
277.012 147.342
59.635 118.325
28.154 417.390
337.469 306.015
15.327 435.290
12.025 276.432
300.450 41.614
499.874 29.379
198.571 178.678
328.675 287.384
227.673 354.319
17.396 76.882
183.061 4.671
376.836 96.124
143.899 13.307
165.795 21.844
457.712 435.980
470.510 49.241
318.221 352.504
476.935 303.546
417.435 231.258
464.051 283.410
295.494 242.579
46.392 103.706
238.641 311.821
281.224 202.339
496.972 29.083
29.056 44.125
152.887 310.432
16.908 215.989
299.060 404.354
82.840 453.504
204.659 83.230
253.588 215.255
229.367 245.673
231.037 393.506
215.569 337.200
100.952 51.683
440.447 78.306
323.304 475.340
31.106 136.116
10.668 142.382
186.473 387.623
344.049 181.371
130.366 174.990
8.120 261.483
254.252 318.789
350.057 455.306
180.564 125.271
89.652 303.994
172.961 207.000
327.921 345.859
183.560 244.670
467.295 34.198
123.464 39.487
134.309 339.058
179.064 222.764
116.434 223.544
485.420 487.088
437.684 300.752
278.270 43.751
240.109 487.874
162.035 20.450
217.767 107.287
228.322 46.125
357.994 262.449
33.232 116.553
27.001 366.920
191.866 333.300
24.957 458.725
90.280 372.525
136.550 273.494
216.441 17.618
267.118 66.176
380.059 171.950
261.872 22.660
131.484 219.269
422.140 44.425
262.656 191.089
154.260 496.118
323.586 27.989
9.012 382.450
102.919 355.983
483.420 79.299
406.295 429.625
441.813 410.192
389.856 143.018
22.699 395.748
153.538 432.402
351.917 112.407
140.992 171.531
449.693 297.701
347.373 482.630
491.828 313.030
264.131 124.375
375.977 172.664
278.841 449.954
90.020 178.789
161.306 66.247
125.684 112.084
133.589 405.265
147.804 150.127
244.433 224.137
327.751 107.665
496.830 44.659
412.547 320.763
475.340 50.356
376.287 262.933
474.431 446.347
59.760 398.428
283.272 190.664
131.791 45.206
448.327 485.045
457.188 170.804
42.335 429.592
6.662 468.697
157.254 247.228
397.702 357.995
65.897 107.300
56.181 225.477
91.934 368.769
194.727 186.113
195.813 444.384
160.388 213.168
89.085 324.910
164.122 129.015
428.119 139.089
194.803 359.673
447.870 215.744
201.548 374.263
118.246 205.816
196.984 92.330
350.655 200.294
71.954 314.824
142.461 326.754
321.334 117.105
88.721 304.355
362.373 286.530
104.249 387.656
349.068 18.463
339.625 485.808
193.945 259.043
80.364 257.370
139.582 41.310
184.490 152.490
331.868 137.182
203.463 223.494
133.960 322.574
206.155 349.403
386.920 255.848
235.037 247.596
29.436 30.705
481.688 49.121
24.540 195.147
477.853 425.059
189.928 96.825
214.449 339.342
242.481 120.011
452.364 449.652
326.256 316.614
214.674 387.384
33.663 291.586
413.073 185.914
386.720 225.697
163.193 35.914
80.977 321.409
212.803 308.739
221.830 61.922
146.036 273.473
40.087 103.216
385.869 239.458
152.102 411.735
243.218 324.347
402.450 383.170
23.952 390.750
190.561 111.120
367.593 234.540
464.466 483.183
378.355 376.807
59.666 226.569
418.248 376.665
432.636 214.170
24.435 152.708
368.296 372.081
292.829 200.527
80.567 78.671
95.170 122.328
462.120 97.038
148.655 478.247
463.842 403.697
331.891 340.674
205.586 328.548
432.250 387.573
357.518 378.829
336.397 495.099
115.697 211.995
245.431 266.005
155.024 244.019
70.593 449.918
173.250 483.003
143.781 95.928
93.474 216.740
170.352 234.800
48.912 375.405
175.437 443.807
148.765 226.709
25.263 283.819
316.500 316.795
438.880 55.579
287.709 301.222
221.838 488.791
286.560 44.905
8.878 282.006
65.391 106.143
373.811 77.295
258.756 203.218
44.485 291.610
163.264 121.002
442.776 468.757
322.859 47.401
426.722 483.306
496.206 53.793
327.394 187.146
336.521 198.777
288.158 387.116
379.994 71.121
122.866 95.971
96.729 430.273
30.859 165.518
483.551 89.612
351.934 88.092
6.013 337.156
443.514 452.149
138.746 59.281
218.613 325.168
432.820 150.333
414.833 360.387
415.308 282.953
221.692 459.808
98.651 227.359
166.094 333.545
163.601 447.640
29.808 259.350
411.907 193.653
66.428 125.575
12.333 416.420
59.619 461.379
174.124 329.910
488.380 406.038
221.165 169.223
141.349 455.914
163.664 315.818
128.275 52.051
45.884 278.729
173.630 314.843
226.859 499.732
1.783 352.232
40.146 207.579
106.600 14.165
163.482 31.090
166.876 312.986
447.327 254.263
195.441 55.987
241.083 107.626
370.701 287.103
412.267 124.638
94.556 30.324
263.863 32.659
37.160 135.619
39.518 85.987
459.688 59.004
50.013 119.379
266.815 156.271
128.410 172.000
424.906 149.128
198.839 476.614
52.690 228.845
272.499 177.639
470.372 234.011
431.749 1.749
148.293 260.981
338.246 157.167
329.038 283.254
311.799 496.879
147.715 195.020
332.231 142.912
163.621 310.276
297.631 405.379
145.511 242.418
470.793 356.320
448.615 465.804
399.698 95.674
60.755 74.810
386.498 260.515
224.024 485.123
472.783 303.312
103.235 230.382
429.209 95.198
207.025 91.166
