294.002 306.550
165.520 118.060
312.143 33.950
319.592 160.686
432.340 31.969
26.621 36.810
249.429 404.010
122.272 479.135
213.727 481.250
266.254 244.264
194.829 494.975
240.525 217.117
305.663 259.880
407.222 344.217
444.488 100.132
268.539 345.839
470.625 34.274
307.501 243.639
164.430 22.670
380.100 197.415
253.609 149.087
361.312 418.321
240.879 447.674
48.406 312.341
250.446 499.011
62.619 1.537
261.604 193.897
499.120 439.178
437.341 235.288
56.518 478.164
344.624 473.095
90.317 233.960
82.754 48.660
495.225 334.611
148.844 467.569
99.733 155.275
378.691 334.310
361.166 296.099
226.526 146.317
98.846 401.956
104.929 351.230
216.857 193.767
68.436 96.096
142.923 220.682
427.114 43.009
419.726 438.642
22.846 85.118
201.050 459.697
98.097 253.360
396.481 152.044
231.820 63.745
299.881 477.006
77.744 325.587
465.856 52.513
434.187 496.950
412.722 409.052
426.393 287.805
264.252 83.634
70.802 470.477
272.455 328.547
69.948 188.860
114.195 261.634
320.738 485.240
218.708 50.734
47.292 94.924
345.263 387.361
155.856 495.915
215.027 487.381
478.265 448.005
23.889 97.969
494.245 349.055
280.612 489.083
197.567 107.083
85.151 348.498
157.413 352.787
1.236 176.167
138.209 188.462
152.807 256.282
75.612 13.396
33.754 138.865
155.786 259.958
405.054 154.549
395.239 4.806
475.001 72.291
145.373 117.520
5.180 51.222
404.993 226.642
215.180 76.385
462.287 342.948
476.060 76.507
282.510 22.881
311.144 305.285
323.583 320.263
109.438 151.340
58.317 102.920
491.516 28.041
433.674 276.516
492.840 47.112
243.228 358.479
262.730 5.457
489.315 350.193
78.956 291.772
466.489 179.902
405.361 330.419
312.751 36.949
345.892 61.463
277.011 148.978
212.107 23.753
158.026 190.909
177.444 149.806
106.535 255.576
68.799 378.588
378.466 376.063
377.983 442.068
386.283 343.537
214.875 491.058
208.771 475.896
441.096 168.909
275.562 402.002
41.762 387.846
324.438 485.655
420.002 348.556
135.902 104.406
270.039 161.829
299.241 161.250
81.992 89.939
418.164 180.684
342.625 340.263
252.775 354.987
178.778 192.501
161.253 77.164
23.100 326.826
286.409 36.432
1.674 342.433
319.973 176.363
359.158 134.336
372.098 136.528
149.819 146.947
208.214 18.035
250.697 294.705
147.326 132.887
49.969 117.474
391.913 406.940
287.400 202.809
195.938 490.417
78.742 451.434
484.184 68.392
94.418 58.581
411.644 296.003
73.359 116.465
459.775 374.101
42.213 293.170
234.373 112.442
430.037 33.067
110.394 446.825
299.343 49.851
460.940 277.702
142.623 321.362
331.527 454.691
186.437 451.251
20.664 389.502
490.935 37.164
199.392 262.017
274.810 367.014
368.665 146.203
400.864 126.911
342.902 244.566
181.853 425.652
272.556 443.288
105.894 19.430
207.817 256.564
119.008 203.280
195.045 411.457
11.933 214.490
447.124 214.944
455.081 318.883
487.575 300.165
397.464 79.639
408.616 13.535
226.218 164.921
389.175 185.665
272.061 466.728
287.526 417.259
258.802 395.327
115.471 400.133
95.351 438.211
267.235 480.171
34.307 354.200
139.077 153.281
303.680 204.693
176.370 58.463
36.251 188.880
63.943 33.572
367.803 463.446
214.454 403.501
386.965 332.708
54.042 340.927
363.703 378.457
169.983 428.100
436.638 200.099
489.722 277.274
426.425 159.331
390.360 2.478
117.680 261.537
195.106 7.209
130.529 492.761
172.131 490.289
130.452 72.029
159.681 477.742
379.541 401.186
360.517 201.780
90.495 72.078
243.454 425.866
36.840 72.001
304.341 360.161
244.799 301.196
315.825 212.711
129.461 402.950
14.247 140.681
96.752 190.720
71.913 27.107
33.358 313.890
33.244 175.640
435.031 85.255
252.221 230.961
489.438 274.227
250.455 462.302
316.692 207.382
393.620 151.441
445.335 464.544
457.963 354.440
32.308 98.858
328.214 139.662
381.080 380.040
65.474 269.685
484.115 330.702
66.694 28.978
265.377 399.221
22.718 225.712
258.955 424.073
311.259 47.313
355.540 358.541
343.383 175.966
336.912 270.133
235.766 464.444
97.026 250.654
73.714 90.182
188.201 279.041
141.038 498.373
169.965 102.659
74.012 453.178
71.860 245.774
409.531 430.393
302.586 92.921
434.981 160.739
427.446 154.395
329.534 60.086
101.838 184.198
60.349 281.350
175.095 97.927
154.469 89.732
448.358 477.347
437.188 267.437
370.441 360.734
143.473 489.935
222.363 271.969
359.569 128.206
339.979 487.694
495.115 437.789
101.827 141.582
325.530 298.190
72.684 78.423
135.600 490.884
320.553 416.210
91.653 496.780
228.890 246.912
390.947 191.961
406.595 165.682
426.793 46.708
108.229 495.136
77.592 403.423
424.433 154.164
377.425 45.960
240.445 391.758
262.013 53.426
494.678 182.111
33.276 1.802
12.795 397.333
13.093 279.072
16.561 237.869
22.168 374.667
87.471 111.691
397.470 80.445
133.832 211.219
450.017 37.043
179.153 291.427
303.628 331.408
95.685 190.496
439.102 323.415
484.270 481.452
417.248 33.810
445.126 13.870
184.951 434.982
214.763 3.121
397.926 169.797
160.644 84.408
124.856 462.787
81.979 38.362
105.438 266.791
246.070 489.011
86.304 397.090
362.829 351.762
207.214 33.503
159.529 290.116
31.843 442.885
410.989 475.416
471.766 364.323
31.493 139.199
111.444 158.459
182.083 75.581
476.065 20.581
433.793 324.211
371.689 120.116
393.070 68.534
43.330 198.612
120.342 246.825
77.457 47.060
34.972 68.884
26.934 44.629
130.530 303.547
237.860 99.982
341.721 45.477
158.961 272.425
304.914 423.219
279.379 122.651
335.253 410.141
187.082 415.870
182.868 365.999
252.124 425.847
280.422 367.410
147.214 379.052
386.695 277.589
266.497 196.147
296.508 31.624
205.020 365.906
356.643 282.436
223.094 402.392
203.192 267.368
375.392 128.384
167.622 395.305
6.016 328.047
142.315 430.019
305.442 54.976
200.431 205.196
254.470 420.647
130.009 30.401
104.437 395.205
13.235 448.425
386.956 428.023
112.833 419.014
432.021 480.092
180.797 268.198
128.390 197.678
460.963 420.826
187.827 78.701
467.959 317.070
216.940 418.247
466.406 448.597
29.304 274.011
403.549 320.147
290.452 204.188
344.619 492.035
402.919 249.434
62.567 257.868
409.470 319.983
9.793 176.344
374.623 346.277
455.976 139.010
364.656 32.321
70.659 308.591
71.525 383.002
33.404 233.474
363.983 355.792
295.527 100.097
471.940 328.931
43.578 70.253
472.200 431.136
385.049 203.835
55.543 374.076
382.322 297.044
496.854 273.340
255.526 311.619
347.129 418.779
333.146 234.682
444.831 305.525
204.700 301.747
312.137 369.968
488.478 408.054
327.662 45.753
231.908 336.330
265.441 115.724
310.047 364.380
446.369 335.972
368.800 71.791
448.420 375.444
370.146 390.145
177.312 252.637
393.072 65.731
308.206 439.772
346.611 38.156
37.497 268.315
59.612 87.551
23.223 262.284
410.566 190.087
97.005 222.033
22.593 275.616
488.429 172.441
430.119 185.976
289.977 392.163
210.651 440.872
396.271 456.905
152.556 30.332
143.500 328.937
339.164 182.947
86.876 275.691
25.158 218.845
79.406 469.035
197.102 153.450
66.425 119.057
7.984 321.316
374.035 122.604
419.097 351.818
69.089 148.332
323.814 12.034
68.638 127.610
70.427 396.858
248.235 258.140
225.387 205.141
90.558 289.339
102.035 3.727
126.161 187.541
235.843 130.401
475.661 88.852
80.990 369.376
297.396 348.547
481.003 412.266
174.784 175.227
384.060 409.966
401.965 304.320
206.742 293.438
165.686 214.244
413.037 189.068
363.461 199.684
19.752 394.946
132.851 329.489
35.494 436.815
346.635 456.184
433.196 440.723
270.239 368.108
123.208 63.582
124.961 57.925
141.702 136.914
23.305 137.430
80.553 240.709
94.591 199.978
169.146 340.963
374.343 188.911
196.593 345.488
133.656 317.805
55.346 283.856
297.199 141.992
245.591 459.894
117.068 38.526
83.165 140.657
269.940 477.905
58.714 405.822
273.937 36.509
422.201 134.467
479.668 275.804
288.332 458.923
156.717 435.139
380.397 329.493
493.265 493.406
139.789 49.200
340.443 231.905
122.228 228.729
261.312 272.634
460.632 378.612
47.637 391.928
105.474 367.805
91.583 249.525
479.931 27.862
196.445 338.636
84.583 280.119
463.741 283.105
484.185 377.815
477.919 417.593
333.038 16.948
134.195 378.598
293.946 371.878
7.019 263.541
468.434 14.360
322.266 417.651
470.412 255.861
286.095 246.662
29.564 107.603
253.231 441.812
224.769 261.684
128.834 455.413
53.576 282.282
146.155 493.972
187.488 243.899
230.501 148.561
437.833 230.056
302.926 175.761
414.688 374.076
336.030 50.444
52.357 228.475
202.796 63.619
471.656 362.564
148.214 250.849
456.496 242.329
220.032 71.598
341.968 18.700
354.945 257.856
493.140 235.202
398.601 450.466
40.307 131.628
152.482 352.985
422.893 198.117
142.191 436.603
137.405 472.527
148.322 138.006
255.686 28.403
131.574 332.484
108.212 33.733
130.182 473.669
384.396 308.601
170.765 95.962
428.547 475.183
491.362 172.549
289.574 297.823
294.860 454.174
272.302 327.725
243.874 427.636
333.574 12.233
436.038 31.057
250.613 205.320
261.963 334.777
204.441 137.023
417.704 227.731
51.427 355.187
18.901 122.354
257.284 36.339
476.887 259.834
441.725 497.751
22.291 402.725
105.695 270.862
445.202 258.133
37.217 387.209
56.510 30.427
3.595 74.990
153.664 399.970
365.591 293.205
408.467 285.726
83.941 238.594
209.226 253.885
423.671 402.094
365.955 226.956
82.892 341.568
288.743 425.998
491.058 46.870
442.242 195.371
229.006 259.534
336.792 477.393
362.972 259.400
84.844 163.595
178.016 326.216
325.649 110.680
374.156 106.349
20.041 206.942
281.241 361.613
96.015 264.612
433.223 292.378
68.587 436.676
219.659 330.167
249.642 425.510
251.639 262.599
138.305 275.604
242.613 108.118
406.350 120.318
267.596 204.893
200.692 484.825
31.621 236.853
106.863 449.520
326.493 22.175
430.348 329.849
100.020 330.203
230.543 301.164
343.769 287.212
114.867 423.031
15.491 460.904
184.141 0.155
249.550 272.532
418.433 70.969
211.180 442.397
196.833 347.625
262.996 400.548
84.074 465.033
489.220 284.515
17.603 157.207
17.078 219.303
272.097 70.889
367.674 9.638
498.310 390.430
376.545 418.969
164.159 222.551
73.359 323.037
243.906 64.675
430.252 132.628
146.820 470.479
432.793 85.049
97.672 75.699
144.673 235.386
172.823 64.596
