205.004 173.161
193.772 156.389
461.767 155.876
424.969 234.228
156.913 152.010
86.410 324.858
46.718 235.656
483.761 165.760
432.416 164.732
36.720 328.809
470.792 383.698
186.652 299.157
96.185 495.402
141.670 164.583
458.422 436.599
227.101 323.236
310.894 136.855
305.251 253.026
311.777 465.767
233.648 63.980
215.743 414.631
389.161 363.847
189.749 232.448
467.252 304.258
5.233 369.100
288.135 454.127
388.399 55.871
315.278 343.179
308.120 112.906
132.424 361.658
253.634 309.143
352.247 3.787
225.459 226.139
429.262 26.690
286.800 345.120
379.696 165.461
443.211 468.612
355.504 34.991
62.403 380.218
449.397 135.522
300.406 273.505
206.099 482.989
32.662 358.932
370.067 288.146
61.886 463.379
473.096 47.905
23.694 393.848
449.890 111.683
277.491 144.527
116.676 330.643
462.209 109.604
48.945 368.409
264.665 287.059
322.554 315.071
4.817 495.887
449.732 288.833
326.648 302.433
285.924 443.592
328.708 86.577
54.252 42.640
231.470 228.007
35.843 67.568
226.534 180.438
385.601 29.715
383.744 183.027
254.011 162.821
190.679 489.001
258.294 109.158
373.592 106.670
341.024 383.955
263.946 404.703
203.123 218.837
86.952 404.516
280.179 84.270
465.781 365.190
391.454 470.482
476.019 45.837
88.708 255.465
3.953 102.651
410.870 59.697
12.099 45.891
119.523 440.755
128.918 46.731
393.939 82.924
288.055 29.864
234.782 453.965
452.177 215.084
371.034 481.083
367.918 461.938
349.116 294.222
317.138 155.052
31.767 295.526
117.183 84.441
409.806 444.895
446.662 155.239
336.405 147.473
106.754 58.508
38.921 335.472
267.115 200.564
378.751 244.479
196.341 368.922
237.801 157.661
308.279 186.745
483.812 19.490
300.879 115.963
425.019 447.242
182.605 398.514
342.124 316.499
334.023 345.736
365.741 473.291
64.553 167.006
102.637 251.705
377.977 374.077
181.781 237.007
127.204 11.912
399.010 189.124
497.838 197.779
288.605 369.361
137.186 80.551
205.957 95.716
219.014 328.664
410.460 428.427
63.833 470.432
167.960 14.562
419.966 41.951
347.408 236.598
414.606 44.500
462.289 55.454
373.952 312.392
238.489 254.191
151.922 340.631
7.041 459.592
105.567 337.162
361.844 267.194
3.236 197.180
184.668 296.568
312.553 424.751
309.358 387.701
106.835 410.146
130.886 300.246
492.669 235.838
68.266 438.361
489.793 362.350
170.202 358.588
311.609 325.329
29.267 142.698
265.812 441.985
402.447 464.332
233.591 318.582
111.306 88.316
243.935 46.951
253.515 349.091
428.113 8.754
478.114 426.249
105.031 361.875
18.938 165.432
65.196 284.348
35.463 419.636
496.993 0.673
325.091 54.030
352.205 222.479
128.848 290.195
31.689 198.742
303.652 30.997
462.104 88.576
117.697 27.415
78.450 249.307
219.839 36.267
23.093 264.695
104.434 313.829
299.533 328.660
289.678 167.122
258.493 449.592
199.134 379.907
430.330 381.226
85.614 296.451
470.518 217.255
182.108 371.269
286.041 226.422
119.062 105.329
33.820 211.108
249.261 18.360
427.645 177.844
254.231 82.529
228.521 153.493
351.335 62.228
4.685 156.186
401.081 317.585
463.809 208.116
406.045 197.363
153.852 406.318
442.267 358.152
218.434 198.864
289.793 20.395
407.682 414.870
255.333 231.094
283.354 356.506
354.680 322.997
90.979 481.865
110.120 236.973
142.664 78.980
475.098 25.172
389.769 313.122
202.726 129.665
443.035 61.217
193.859 317.542
178.167 475.498
248.896 175.802
129.398 381.082
247.347 288.332
391.882 444.295
378.876 34.050
181.387 359.593
434.105 24.778
219.164 252.672
220.992 357.866
25.426 459.947
251.839 464.139
307.761 402.453
320.842 307.679
150.722 133.851
225.607 334.875
121.401 351.032
56.988 443.223
95.972 40.063
131.050 282.289
467.894 471.439
492.899 246.138
205.892 126.295
28.161 406.313
368.214 257.031
332.805 283.271
202.412 176.815
177.992 261.024
253.597 426.312
98.966 288.823
175.398 323.516
211.264 106.160
386.021 266.475
158.080 352.559
55.195 446.321
333.088 363.832
431.765 445.098
403.558 468.117
374.782 310.895
140.639 474.759
346.760 330.585
76.314 271.361
463.339 78.906
492.865 106.151
287.450 326.207
494.764 398.395
475.626 425.052
159.890 460.806
418.080 209.142
113.324 228.741
134.510 408.253
179.133 412.905
481.335 164.160
118.528 3.193
248.363 74.034
146.164 255.458
336.638 419.348
330.316 142.277
152.173 27.364
105.708 167.730
235.361 226.083
397.787 328.237
305.742 155.562
423.095 102.369
332.155 130.236
175.749 222.940
399.206 340.275
46.539 56.655
471.986 96.319
177.339 308.354
135.880 76.623
483.682 80.481
255.409 417.464
299.455 378.618
394.831 60.881
170.250 303.737
384.559 327.146
278.818 122.153
463.663 204.055
107.286 311.812
328.900 388.952
480.960 330.513
68.190 447.987
224.449 499.730
138.691 278.633
449.224 321.926
343.104 258.634
359.608 5.610
334.046 145.407
208.471 303.139
128.392 465.147
118.584 189.380
278.919 479.988
462.893 163.049
311.921 265.976
104.951 486.676
127.755 168.268
215.333 161.618
292.980 440.212
414.287 274.830
127.530 181.655
45.817 408.074
326.149 43.804
74.606 54.517
417.435 442.799
69.701 459.559
459.531 217.655
266.594 315.543
346.940 296.853
433.857 302.422
277.233 173.398
447.698 11.542
491.848 335.197
312.712 351.089
311.883 242.016
2.246 347.912
223.572 428.385
24.503 440.232
325.539 17.310
186.171 324.356
365.052 218.302
416.404 132.392
141.054 17.832
89.660 294.895
16.942 51.973
236.388 438.076
6.617 248.245
282.682 471.165
229.358 498.800
300.376 202.567
337.281 321.143
91.046 395.876
479.961 55.808
24.388 293.245
344.201 454.983
457.160 233.359
34.587 440.397
274.057 38.509
15.083 12.929
469.499 387.297
225.612 80.382
432.295 2.500
489.890 314.629
225.287 240.195
461.248 292.139
350.498 414.332
28.093 436.018
245.411 203.060
249.082 457.503
471.501 184.134
194.485 188.074
110.798 45.569
417.201 178.626
429.941 193.426
106.803 71.761
346.662 99.854
300.894 53.647
117.701 324.466
207.744 495.419
400.195 466.108
452.713 49.146
380.140 239.419
66.506 369.561
156.745 484.889
371.337 4.606
133.406 19.792
1.202 271.650
285.640 111.429
316.625 265.815
334.151 101.542
291.921 270.929
16.702 481.512
302.728 83.181
199.075 94.063
190.433 19.202
102.746 125.059
35.596 333.532
192.322 287.414
425.825 463.648
208.007 283.944
261.414 380.892
204.052 425.463
81.442 411.398
263.393 454.713
118.371 348.177
166.345 245.797
390.241 244.118
417.525 230.298
229.889 311.206
246.682 388.934
83.893 360.246
427.152 258.921
171.693 70.967
184.582 494.312
16.402 62.198
359.458 109.589
299.004 54.043
210.095 241.196
229.424 420.016
379.121 396.969
187.423 276.844
416.058 401.305
251.311 498.830
420.311 102.261
181.287 462.594
258.515 470.538
215.870 95.027
289.299 46.308
185.912 13.417
243.978 98.791
148.993 406.826
425.715 100.332
151.635 327.282
344.077 187.943
377.218 240.360
433.959 15.567
186.974 109.106
208.230 484.571
132.153 465.340
296.395 490.881
147.750 439.234
74.972 335.823
288.450 211.855
410.144 361.842
478.101 370.901
177.568 66.040
239.927 216.464
54.130 148.849
80.632 322.631
326.897 35.232
88.554 467.867
238.852 78.107
459.065 349.735
167.847 196.160
373.732 294.951
154.806 394.370
70.117 418.141
21.628 322.639
55.971 76.939
440.702 259.961
248.379 105.938
33.876 76.910
9.060 295.251
296.228 331.193
437.049 123.608
83.696 321.519
365.410 251.350
477.410 408.854
438.142 345.375
494.006 201.155
297.384 240.557
95.845 79.719
108.012 40.467
373.818 0.354
493.480 147.636
491.875 175.892
375.936 296.940
418.344 468.723
200.355 224.375
282.650 300.744
326.061 58.285
442.978 152.252
290.279 107.009
407.575 169.574
121.418 217.654
480.911 86.523
478.000 139.251
56.732 206.062
477.988 49.367
390.861 74.215
295.218 236.503
37.479 466.182
66.825 255.789
213.803 16.920
95.979 330.481
166.007 333.129
246.242 199.254
453.265 306.849
357.363 50.859
26.812 334.538
209.352 252.343
83.951 466.477
319.632 454.593
304.902 443.190
335.995 483.001
117.540 53.606
181.229 448.846
366.565 138.232
61.747 46.023
45.128 418.187
254.946 494.236
309.457 250.850
236.866 299.872
426.216 377.921
442.233 65.932
192.166 80.595
216.982 158.621
35.663 235.575
268.973 420.554
446.760 338.018
111.640 56.030
188.093 381.542
290.066 83.932
187.019 29.982
489.609 416.003
473.681 152.081
151.982 357.810
303.297 378.624
414.557 235.788
369.457 246.787
170.879 217.366
104.043 8.111
239.410 254.527
345.225 428.339
379.072 386.793
453.329 330.271
76.828 302.357
30.191 350.353
96.874 232.507
214.257 343.541
189.242 312.920
493.870 258.083
157.320 186.616
241.367 456.334
23.244 406.458
104.942 493.452
60.010 352.252
487.629 312.006
440.126 155.628
473.993 246.857
218.866 256.297
121.890 83.252
287.490 235.317
140.745 56.021
332.141 39.567
328.910 325.591
19.064 286.237
303.731 206.939
388.836 455.063
322.453 302.605
256.924 332.462
449.551 161.099
180.533 341.621
173.495 193.548
330.969 295.753
320.853 89.877
12.549 59.776
98.846 190.879
200.543 200.213
397.212 421.404
257.890 53.171
451.621 475.205
109.855 398.579
152.588 254.000
388.814 294.158
393.860 258.781
289.489 423.070
295.031 419.296
465.162 401.845
21.408 99.899
43.480 173.579
126.334 436.870
307.651 93.293
362.478 255.326
157.686 270.083
426.871 128.680
397.391 1.718
68.650 108.908
40.370 129.882
68.980 312.772
362.010 171.328
95.600 396.679
196.597 121.638
248.339 4.031
369.100 362.263
230.235 323.767
360.825 56.242
278.937 191.340
302.324 70.635
323.171 252.332
107.088 294.743
81.909 23.925
250.438 64.794
85.043 5.906
307.218 63.052
293.329 114.400
384.044 189.410
316.199 205.781
169.589 201.387
122.724 123.519
221.176 368.678
61.577 137.245
298.803 435.633
122.699 193.772
164.560 49.166
105.662 295.070
36.238 412.545
235.021 253.024
423.140 485.968
11.583 62.431
156.045 213.530
266.042 22.076
146.744 335.976
329.297 80.631
364.264 424.487
20.680 392.703
31.393 273.041
443.094 479.264
232.758 355.516
305.298 222.541
62.316 109.268
349.180 456.937
491.820 338.829
137.245 280.497
28.772 154.140
392.492 119.125
108.868 461.303
34.809 329.338
104.161 215.938
