182.156 204.908
475.646 170.252
158.103 228.837
277.355 91.102
369.543 380.767
369.935 193.376
132.692 388.322
76.060 192.823
497.992 494.588
242.158 209.591
210.504 16.567
258.893 163.771
185.118 374.825
472.170 48.598
407.599 317.824
388.153 275.794
367.674 66.282
156.468 443.076
217.256 235.512
467.778 336.197
76.692 124.988
234.483 161.570
442.005 13.608
207.407 209.632
165.043 446.479
50.231 290.205
234.364 113.909
478.654 55.704
449.818 135.088
87.802 268.077
36.850 398.598
483.830 369.677
45.663 425.970
379.692 131.121
190.407 106.878
226.940 20.448
211.282 104.701
317.068 105.143
100.736 494.854
181.462 249.608
59.917 160.018
186.070 415.946
119.610 419.102
117.197 72.617
409.434 350.755
26.198 166.973
361.121 288.608
476.367 455.621
403.782 36.142
477.227 418.918
101.888 303.256
211.314 460.488
290.384 479.923
220.716 351.412
223.902 114.245
6.860 197.111
102.513 312.140
214.835 119.462
42.655 485.937
5.496 18.342
99.660 462.873
177.120 246.107
282.017 205.967
269.564 351.129
125.607 294.249
118.905 57.849
128.861 434.166
76.542 390.499
438.864 369.190
163.459 311.322
42.115 475.056
16.685 22.786
38.382 223.318
356.698 313.780
43.629 169.505
278.399 390.715
114.184 136.017
491.806 72.641
379.863 280.117
397.734 98.127
133.293 205.443
73.540 220.874
423.510 267.901
430.922 213.907
92.079 38.285
392.967 429.676
93.960 353.941
285.044 499.202
392.823 277.929
294.046 257.708
202.048 220.455
201.337 124.168
482.157 97.991
345.893 140.314
343.972 31.733
127.264 84.634
230.741 478.347
186.690 43.163
101.198 220.578
130.697 262.760
116.598 415.140
205.035 474.212
316.799 412.398
276.437 169.112
352.058 59.574
21.719 495.867
296.800 307.926
382.647 18.256
344.860 154.338
435.870 149.869
77.377 179.483
369.812 319.650
429.898 368.253
339.863 228.270
376.548 192.165
386.528 50.869
400.624 382.263
461.642 487.640
63.401 2.758
448.809 238.349
313.164 51.534
163.273 93.553
490.431 249.144
295.269 239.291
287.738 23.046
425.529 463.192
464.778 436.342
94.221 83.469
43.592 178.321
351.945 472.459
235.883 112.176
48.647 189.193
412.980 49.542
224.817 132.516
307.615 318.001
440.884 465.091
156.034 250.476
304.689 262.784
436.399 207.707
433.018 472.881
263.910 241.951
440.073 427.277
323.582 482.805
428.546 209.979
84.601 476.952
373.074 204.451
405.110 436.778
60.113 49.767
380.206 195.069
362.099 359.244
158.389 432.568
456.657 357.837
15.933 390.384
224.671 200.529
104.265 326.053
474.497 136.843
26.686 56.491
494.609 201.244
239.378 363.023
184.049 136.982
129.327 161.582
90.368 401.466
230.734 469.900
97.482 49.559
387.970 306.623
408.560 55.246
319.347 111.902
401.971 385.761
439.175 370.934
294.666 52.724
368.635 393.080
32.135 284.275
496.364 408.604
37.123 167.968
450.962 401.037
151.453 235.518
389.260 27.685
173.687 216.691
244.971 426.337
130.952 279.884
284.442 214.953
191.143 331.818
376.404 221.347
250.705 402.395
297.075 389.735
275.597 324.307
260.489 466.059
86.078 80.989
282.919 120.336
72.830 15.198
458.253 278.224
406.007 76.221
321.705 499.206
179.888 42.313
30.454 91.227
154.602 324.268
342.449 449.124
234.978 364.776
255.876 418.462
252.813 260.609
481.830 4.883
45.574 314.478
450.411 195.879
411.488 448.361
470.972 227.349
105.063 287.612
381.402 467.615
115.649 268.130
102.255 93.939
490.462 426.702
488.953 79.043
355.276 346.818
291.812 57.751
476.360 220.892
357.821 143.559
455.691 314.266
205.594 380.575
478.964 350.181
307.150 9.008
462.772 13.621
149.757 110.787
284.744 82.680
206.867 80.449
37.952 465.822
150.947 242.392
344.208 161.770
486.592 382.412
478.440 352.015
159.478 385.548
303.822 139.266
387.847 85.439
386.543 76.569
108.827 288.091
278.979 174.173
163.658 40.358
268.387 439.300
63.865 79.542
185.060 173.111
241.946 30.070
485.365 372.998
251.834 218.390
108.165 211.892
230.914 368.620
94.374 207.430
53.095 331.556
129.284 96.254
408.249 16.447
294.134 403.063
38.449 90.254
304.011 3.071
224.046 272.862
298.470 109.235
35.596 339.390
470.568 248.537
284.769 223.762
499.288 161.146
150.900 5.181
270.176 41.425
213.406 43.411
191.003 234.602
12.540 466.834
259.789 496.300
331.014 259.926
460.113 112.435
193.855 198.663
222.553 241.395
271.301 473.751
295.675 484.410
235.278 251.171
76.429 393.830
419.610 159.176
413.472 123.147
467.756 192.010
387.520 466.631
345.816 443.328
467.287 297.773
292.682 18.731
132.105 352.087
489.955 275.422
98.431 338.779
148.826 451.228
207.064 71.191
389.280 412.125
315.279 159.157
24.535 184.579
481.283 97.297
13.777 323.521
310.637 281.854
490.894 175.260
402.911 142.619
469.713 103.006
365.225 150.343
215.316 314.131
57.625 193.777
80.091 414.380
429.658 454.276
173.626 328.986
371.591 287.831
209.630 267.237
54.194 120.010
239.850 48.927
346.979 339.998
220.531 25.981
163.685 434.993
161.141 397.994
156.414 180.362
157.904 411.675
90.164 419.455
458.888 184.480
194.282 27.653
329.805 108.788
426.747 192.245
54.685 271.089
195.860 339.533
331.346 487.299
244.128 293.945
413.520 455.693
386.743 192.910
63.036 267.998
313.507 76.523
402.936 275.101
42.715 150.672
223.368 99.650
163.867 298.606
17.139 84.340
204.768 372.413
10.075 468.525
491.076 498.401
189.291 268.680
346.260 119.437
42.345 345.564
247.417 405.332
369.244 122.059
133.453 208.056
369.927 128.250
155.111 76.038
162.783 273.917
240.906 70.401
434.568 362.535
201.113 151.536
165.750 98.369
453.978 168.524
377.573 444.806
49.970 373.073
425.433 463.718
59.753 209.491
392.181 257.154
496.646 142.829
479.859 98.862
174.584 277.316
280.181 221.804
326.678 488.274
42.071 123.831
189.593 283.244
431.245 111.749
248.567 475.262
131.197 37.314
305.573 267.478
316.271 74.771
106.660 132.648
231.058 15.915
250.525 184.114
405.714 240.944
288.610 456.390
473.599 187.858
128.504 334.988
428.653 199.876
103.581 492.779
261.408 418.380
47.566 261.722
178.998 46.885
446.547 395.703
250.397 20.595
247.863 40.743
417.640 349.571
433.124 309.115
234.329 342.694
371.467 88.147
300.148 112.851
371.209 182.429
408.502 83.353
348.759 224.498
83.535 483.152
431.071 460.674
47.089 399.501
368.907 472.856
360.846 400.640
87.807 257.906
487.017 113.224
498.128 401.469
442.387 329.410
305.715 376.581
363.150 103.246
10.375 17.680
395.803 450.443
56.815 172.109
159.762 26.957
91.828 439.275
486.584 326.118
121.566 378.634
198.478 224.457
254.410 413.703
197.715 39.054
208.036 208.608
361.083 204.613
312.483 311.482
199.396 454.073
315.846 337.132
63.554 132.618
478.109 9.039
194.989 321.677
244.724 26.390
155.761 254.016
211.315 372.391
273.726 78.452
87.854 496.252
327.819 22.970
273.182 88.536
349.351 255.489
270.437 186.790
53.805 148.613
89.978 323.151
45.774 495.300
200.804 495.654
152.641 241.261
381.638 134.419
143.495 263.050
107.945 415.988
134.386 194.794
167.228 151.017
200.868 96.244
398.285 49.353
377.453 42.149
75.819 454.416
239.894 457.862
25.493 10.877
153.984 0.729
60.856 219.567
67.798 292.712
395.953 194.914
32.629 488.157
263.216 236.778
177.947 152.232
94.505 138.120
411.881 287.733
30.229 89.825
499.301 234.484
209.172 135.980
160.102 97.997
70.561 251.335
293.004 274.455
414.795 370.185
152.704 94.117
480.446 193.617
136.988 116.193
148.750 264.719
342.271 278.624
263.112 190.147
362.438 231.195
326.556 18.746
138.709 150.671
38.292 395.559
175.445 274.023
219.918 62.465
469.512 69.826
252.314 320.913
96.087 232.984
370.227 418.675
29.572 188.084
455.078 217.085
18.172 154.644
230.092 12.459
233.876 315.487
356.782 441.917
128.232 405.289
243.758 136.991
446.274 138.685
125.348 243.509
313.417 175.975
346.574 84.036
430.856 173.746
158.375 69.537
365.906 205.429
128.182 429.859
192.848 403.345
162.371 186.129
8.394 123.182
167.730 163.486
291.038 90.763
51.577 499.890
5.259 67.529
222.633 39.952
339.596 465.803
423.009 73.976
187.310 321.040
385.469 160.164
304.555 197.193
218.550 366.970
424.570 320.853
55.659 61.820
79.694 271.479
373.306 380.037
320.210 255.791
25.401 484.751
466.762 383.477
435.036 136.211
444.908 263.070
175.412 452.485
206.634 223.947
253.842 290.400
221.383 387.340
5.053 499.612
277.324 446.038
284.014 231.383
401.749 119.340
314.995 33.017
173.437 33.497
298.359 21.925
227.822 89.565
487.069 45.329
148.479 491.524
308.857 395.887
47.344 337.773
284.499 241.615
138.600 77.855
157.449 139.633
50.930 472.787
212.380 132.813
63.680 325.067
326.430 335.739
163.356 123.089
152.557 353.680
328.652 125.955
296.294 157.478
491.776 156.776
138.934 283.450
151.978 269.590
398.835 304.196
140.993 274.012
332.150 155.768
320.413 44.292
127.711 460.199
164.032 31.579
128.643 38.188
325.570 117.219
258.691 426.790
106.724 184.753
447.992 394.482
376.581 269.481
420.505 163.401
358.367 349.931
291.642 84.348
113.886 155.642
128.964 196.150
119.587 433.333
479.843 380.921
460.893 495.082
5.584 255.127
62.785 443.534
239.438 344.284
397.071 435.257
146.876 303.191
240.320 84.175
296.544 452.127
409.775 82.144
331.211 292.742
201.259 426.723
155.736 384.920
157.552 319.548
56.393 227.399
367.110 348.159
327.823 155.671
64.233 498.742
234.790 492.145
461.897 164.453
395.639 130.182
165.522 203.912
200.744 27.524
498.538 314.947
331.646 355.294
133.293 42.402
120.230 241.057
198.507 270.937
352.482 23.092
337.858 330.649
118.984 329.650
339.227 432.833
99.177 98.711
405.321 366.288
474.127 276.343
53.875 305.900
392.242 50.235
494.447 247.702
149.490 270.494
445.716 31.074
77.864 400.999
53.739 49.756
142.078 445.163
268.717 279.494
477.557 182.150
159.601 221.710
294.917 437.262
355.766 51.985
295.113 193.544
449.329 489.973
103.324 326.066
468.770 331.180
431.971 226.918
89.264 148.051
109.540 53.673
175.615 73.632
467.407 28.415
445.902 155.263
274.665 244.220
100.483 241.276
388.389 425.135
345.941 292.623
208.262 111.597
402.121 256.053
20.991 299.152
364.731 59.044
279.209 108.538
329.600 72.345
321.078 308.293
251.986 128.532
