10.064 238.190
162.459 177.079
304.176 66.814
231.105 113.891
337.209 58.087
361.044 62.128
472.195 59.661
311.694 139.991
443.450 161.210
168.562 198.625
190.183 76.426
150.040 234.240
472.609 74.293
301.263 247.536
14.549 175.074
457.325 259.224
114.255 200.852
203.018 30.918
467.991 199.825
243.580 182.232
292.944 275.800
55.722 498.493
464.838 218.915
458.161 195.041
486.973 122.798
213.325 119.446
4.210 94.756
136.803 368.577
430.107 6.342
309.365 212.894
168.423 384.829
365.774 112.517
184.615 49.176
386.764 422.481
193.055 53.831
174.447 443.162
114.905 151.199
402.082 372.771
134.013 442.217
135.719 327.364
457.145 421.896
229.690 250.619
157.361 434.465
364.876 351.682
99.439 325.170
199.864 344.287
388.400 150.073
253.523 350.059
386.144 445.812
312.356 407.928
334.006 326.925
181.952 74.323
5.820 26.739
85.318 284.979
38.324 346.462
76.838 477.132
190.330 148.199
48.003 367.103
219.927 97.442
370.177 326.012
391.524 216.295
418.460 393.827
365.395 357.301
8.566 173.446
211.589 55.238
441.435 152.021
437.178 69.405
6.695 89.961
446.710 151.494
440.226 144.742
349.567 431.325
113.176 467.117
212.346 462.608
455.154 90.397
189.811 328.944
145.950 249.988
416.377 471.455
455.748 457.280
317.627 351.841
174.206 449.571
438.887 237.033
285.380 57.211
417.321 369.695
485.864 451.306
141.070 356.402
459.942 27.579
315.108 496.213
355.202 102.156
46.897 13.605
301.977 435.269
439.812 67.478
179.453 70.478
71.993 494.041
446.714 491.132
379.244 261.407
478.956 336.931
231.264 370.849
305.482 473.078
312.683 414.609
376.714 11.291
327.167 401.135
113.835 299.110
229.115 386.433
477.480 347.209
262.530 232.618
96.876 355.585
461.675 119.235
117.212 349.077
128.921 57.538
279.424 195.462
18.075 291.882
306.483 422.354
358.098 32.128
241.709 59.576
205.839 75.383
110.942 263.752
66.252 108.987
425.563 63.320
66.556 362.936
363.778 332.484
490.068 387.397
199.676 60.495
107.780 406.434
404.747 9.413
98.533 116.291
68.731 400.814
359.475 265.211
2.447 177.187
13.530 355.011
21.948 102.845
300.136 473.103
350.507 189.669
155.694 278.711
441.923 364.858
413.050 21.784
159.385 250.548
489.092 409.667
24.439 14.257
376.466 162.439
468.283 339.395
35.043 320.388
401.591 5.869
426.167 202.778
21.667 340.491
4.930 187.805
428.946 484.225
395.527 406.585
170.412 221.898
394.740 192.856
186.629 173.478
12.558 281.575
468.555 153.516
308.779 220.761
81.186 487.608
11.626 219.147
251.109 68.448
87.973 131.678
312.607 201.560
497.929 155.788
60.165 161.248
479.876 71.596
21.035 220.461
319.594 46.567
261.313 128.065
54.264 292.109
89.487 340.520
19.800 193.040
466.162 408.049
384.411 77.084
347.003 379.696
250.538 182.323
481.961 107.875
50.102 257.166
282.037 209.971
292.818 141.522
279.691 308.164
29.832 390.792
372.196 492.231
375.771 146.650
74.292 343.408
496.519 247.590
361.584 166.646
482.756 392.145
275.280 107.196
91.584 14.990
41.876 450.238
399.726 455.399
88.125 361.429
90.751 199.194
403.483 161.145
55.860 283.187
158.807 159.956
190.642 207.668
245.760 362.313
440.622 392.353
415.126 487.485
9.238 43.824
33.090 37.065
270.626 247.896
95.405 381.012
58.766 269.430
302.411 421.625
353.188 442.924
357.414 224.396
182.109 52.889
256.138 79.660
245.197 164.015
443.129 313.576
215.442 353.990
265.607 277.923
272.214 34.495
213.291 190.457
344.939 462.495
124.898 125.863
253.186 464.109
467.453 18.869
243.596 491.326
120.857 215.855
395.882 132.429
177.741 359.570
12.224 292.554
136.433 425.511
168.815 105.745
120.514 261.560
214.358 336.317
471.514 193.259
460.660 111.116
471.430 492.636
301.921 353.954
395.309 368.024
132.099 254.514
23.486 219.624
343.314 73.197
75.863 69.296
273.471 155.030
33.760 266.074
456.617 425.438
428.765 316.241
347.270 470.118
128.843 216.729
364.646 123.306
292.398 417.924
71.777 247.067
384.706 453.723
478.985 404.903
37.868 371.312
86.583 125.017
424.756 367.346
482.784 174.601
278.999 354.989
475.015 59.211
337.584 340.394
371.855 77.013
90.534 34.659
89.877 119.543
226.545 104.816
4.832 463.030
438.811 171.175
187.570 434.310
276.362 12.081
156.109 303.689
446.088 489.014
204.367 496.733
337.658 373.249
16.912 298.853
339.536 375.140
219.914 44.516
493.083 482.452
102.898 470.147
66.601 124.089
22.438 128.127
473.483 51.479
86.865 106.873
188.903 70.826
438.236 330.050
167.443 480.507
327.443 192.593
8.752 45.557
154.809 87.744
469.178 180.496
323.472 183.974
100.205 205.063
162.811 51.729
54.991 41.564
15.864 89.224
229.302 307.620
210.262 41.529
479.404 459.979
376.937 456.852
326.562 48.920
6.680 44.024
55.057 88.523
489.275 17.730
231.634 232.522
411.088 448.584
8.107 47.879
96.817 366.535
215.798 200.653
481.691 421.244
79.475 140.731
462.728 74.170
85.602 309.079
55.249 278.261
83.784 315.905
424.107 81.621
102.239 416.627
44.851 189.357
369.642 364.108
69.761 493.808
329.841 353.981
344.643 159.039
376.145 72.848
71.563 343.774
357.138 150.137
405.769 205.920
437.609 282.779
496.102 91.596
347.031 8.239
199.806 196.244
476.602 21.547
148.911 74.163
359.626 396.359
321.988 200.082
142.529 276.856
52.705 85.500
358.909 245.592
183.167 16.517
419.512 308.444
5.435 169.749
254.856 481.589
462.275 127.143
172.306 85.033
479.965 389.815
13.398 489.471
219.610 81.164
351.616 369.714
277.927 135.994
208.502 436.994
200.653 112.205
349.232 220.101
400.576 305.423
15.432 276.779
35.632 372.818
65.160 44.388
70.785 423.391
362.147 310.243
325.305 304.489
56.724 184.288
209.451 396.367
316.998 237.473
261.505 157.161
89.216 77.553
135.331 46.271
392.755 322.838
114.924 136.765
387.479 418.664
131.253 228.742
442.532 263.849
92.453 294.444
46.721 431.852
235.964 83.554
135.142 372.731
41.462 88.251
330.344 374.621
237.362 68.643
131.432 431.474
50.952 334.675
95.930 212.911
468.297 355.734
236.073 337.153
27.279 183.110
315.793 184.233
336.774 181.963
427.847 155.576
71.316 446.567
350.392 0.155
232.079 309.657
185.670 246.541
341.879 126.848
52.553 441.847
101.115 445.906
216.129 408.807
325.622 381.237
332.371 293.328
494.239 79.019
30.689 426.354
456.760 182.888
151.682 261.159
346.928 397.512
210.106 71.063
192.777 364.351
316.738 394.143
286.439 229.162
249.879 464.029
354.057 274.682
215.020 474.073
122.479 481.685
60.135 426.063
232.690 66.421
230.040 226.902
315.494 111.779
38.348 282.496
75.845 189.305
431.707 59.299
207.669 153.122
147.395 460.671
44.358 284.765
295.593 265.027
436.547 346.296
15.817 305.358
332.760 34.592
337.425 361.414
470.234 360.833
239.247 269.159
177.171 458.590
129.384 456.444
434.462 74.728
486.870 435.542
161.526 287.927
498.555 449.316
9.588 451.525
278.007 155.698
244.354 254.382
496.944 111.992
122.460 478.108
473.462 47.577
100.235 428.697
120.986 411.904
356.477 396.966
24.104 160.864
249.152 486.959
491.498 471.277
286.891 492.492
304.844 278.009
428.562 147.664
471.439 281.653
405.776 132.656
424.994 204.356
239.854 139.952
468.803 194.095
376.168 384.305
95.677 175.125
349.106 5.550
79.786 137.122
138.011 479.756
47.951 447.415
321.458 218.967
444.300 10.495
193.917 58.514
315.629 169.754
48.017 302.136
36.323 432.119
419.669 258.968
250.510 258.932
405.979 161.094
381.797 33.632
199.277 9.012
379.418 222.635
284.168 476.500
498.648 466.188
178.885 465.019
98.232 71.428
207.115 164.744
415.772 388.336
318.981 36.348
233.959 397.001
234.027 2.759
398.701 213.349
128.343 258.467
208.440 458.072
21.339 387.509
443.774 342.499
202.313 285.146
453.054 494.434
369.240 241.727
322.431 336.643
439.905 181.231
341.479 401.606
314.015 434.004
261.090 192.049
365.501 428.678
437.997 307.362
325.990 36.717
151.462 417.667
136.364 262.721
479.262 14.237
60.437 381.970
389.190 35.563
99.004 16.880
107.765 351.601
354.278 300.980
411.279 226.903
272.935 319.974
481.865 19.206
153.859 143.450
18.643 450.737
29.135 108.146
480.114 251.224
26.578 191.673
338.281 377.853
172.416 157.879
387.149 240.427
498.262 323.955
54.522 323.794
440.138 455.159
212.509 73.903
408.448 459.699
308.410 209.564
216.986 344.309
474.569 205.034
424.018 162.906
11.028 338.101
411.425 471.170
216.491 27.814
37.769 374.318
32.414 446.146
306.191 247.793
473.045 405.015
318.473 117.933
183.043 328.317
313.050 456.527
397.166 47.336
415.865 288.664
30.891 423.658
348.957 112.240
4.180 106.534
248.422 317.246
266.196 359.239
238.384 291.115
121.543 387.681
152.728 37.054
494.414 320.639
268.463 469.837
489.627 270.744
334.525 403.994
100.734 359.994
102.844 85.987
436.813 23.851
177.126 81.737
152.761 44.120
400.395 266.059
232.178 243.599
428.114 109.938
234.800 29.166
65.258 229.262
279.642 439.387
121.841 54.925
159.605 315.097
92.498 215.570
274.994 468.103
347.474 365.412
266.462 227.374
101.670 462.311
240.515 111.530
271.779 476.417
377.656 295.069
109.554 341.004
100.136 274.691
355.867 190.031
433.025 41.201
188.119 437.728
411.400 68.309
100.173 240.658
284.797 12.183
496.339 107.611
116.088 181.593
464.233 396.370
150.417 457.335
98.742 472.760
23.958 471.933
52.654 98.981
350.096 128.632
99.177 176.241
22.175 307.332
147.876 433.465
316.446 29.328
116.037 29.431
103.723 206.860
39.608 159.669
410.808 278.129
246.482 149.560
405.917 201.846
182.835 331.922
114.510 494.151
466.716 98.362
23.506 16.429
155.819 5.233
455.495 319.634
30.708 37.465
120.474 418.299
55.017 36.389
203.447 24.052
316.123 217.365
125.016 268.810
145.046 374.222
239.634 47.934
445.285 143.251
314.404 265.654
399.226 183.402
132.687 327.379
96.787 120.787
49.315 84.250
342.072 348.426
458.648 102.751
89.297 211.482
388.520 202.943
86.504 346.238
456.478 139.534
478.411 243.741
213.871 221.247
82.334 460.337
194.668 186.101
151.373 341.251
446.052 302.846
473.585 273.486
10.711 154.290
22.376 313.157
212.603 392.630
316.435 208.379
175.630 336.052
317.551 429.544
166.890 217.697
479.885 435.924
108.954 94.276
82.040 34.552
