358.241 102.693
317.607 180.729
421.424 200.178
300.080 497.653
203.741 20.971
473.514 86.645
199.047 249.075
167.888 495.841
210.988 344.175
208.591 413.166
42.694 409.624
30.646 76.675
465.371 376.846
452.413 283.764
166.573 405.708
96.719 341.473
453.463 340.387
274.630 98.256
485.476 166.135
451.998 237.403
130.721 452.605
237.350 148.805
51.673 99.588
205.858 2.577
441.252 396.675
16.626 439.175
433.948 130.600
43.461 131.871
170.869 332.513
365.724 245.688
295.849 217.746
406.301 235.604
200.618 136.192
178.105 266.125
136.132 182.595
436.686 62.527
364.938 249.598
285.132 332.773
405.812 336.659
393.894 89.416
449.987 98.100
139.221 394.804
263.241 470.122
117.707 275.386
182.827 378.925
77.393 183.704
65.800 209.233
315.134 161.957
286.480 473.001
63.246 492.090
32.169 304.188
193.098 249.346
267.786 233.121
220.191 14.386
57.767 341.259
93.719 161.758
248.928 8.057
153.231 190.497
261.759 1.097
210.625 327.733
236.809 24.276
118.221 1.999
153.210 134.671
475.370 326.192
434.664 97.707
168.520 249.233
171.309 277.141
357.097 492.349
19.612 246.965
184.361 234.012
306.332 404.201
98.938 492.204
239.281 286.547
336.966 233.562
482.217 60.820
239.152 110.313
121.687 25.247
378.400 228.764
428.506 261.357
189.149 281.562
41.067 82.413
382.128 404.218
164.976 43.469
45.206 220.756
30.889 384.488
181.380 337.189
73.142 26.738
132.819 52.908
319.383 357.000
390.108 135.362
468.692 458.990
349.684 167.286
274.178 257.349
497.202 357.796
277.266 365.435
95.081 381.288
412.689 319.346
205.386 171.374
232.747 244.782
65.066 145.621
45.903 126.787
123.445 446.340
175.464 334.104
85.617 146.768
193.843 170.110
262.848 356.676
132.002 428.709
470.861 356.094
458.086 320.273
169.810 135.421
98.511 444.057
37.581 204.176
233.108 68.524
472.343 344.676
318.926 426.468
234.943 257.956
476.490 67.003
284.760 181.224
367.619 267.573
268.818 402.028
295.259 182.912
266.585 37.649
120.357 495.727
195.559 462.920
274.325 451.370
234.123 355.794
111.111 203.944
252.238 316.037
447.621 159.214
77.111 299.132
287.863 497.068
37.536 429.651
366.924 331.659
204.494 372.814
36.346 302.855
35.279 259.706
201.536 98.728
438.249 109.052
263.048 261.367
442.514 2.490
315.106 473.199
215.541 445.549
74.530 447.860
23.560 208.090
86.110 266.891
416.624 91.248
47.463 41.317
149.414 301.556
157.209 466.182
80.043 121.639
303.366 50.551
498.967 380.566
173.862 96.477
8.275 312.130
165.926 409.932
426.136 328.200
49.806 216.510
350.081 365.769
108.029 43.367
140.534 445.946
330.552 166.378
374.118 483.010
41.958 163.896
328.913 257.860
278.202 179.552
65.968 182.994
207.228 64.146
31.747 260.298
129.406 159.265
419.083 271.628
427.317 264.098
67.335 438.482
223.117 246.279
439.518 407.015
75.276 318.560
443.303 345.394
230.726 226.185
206.971 98.694
252.845 191.723
198.240 94.731
262.873 119.962
312.237 29.957
1.656 476.452
430.176 136.731
434.982 57.661
298.204 159.494
396.208 412.342
155.804 386.681
370.273 206.086
18.592 100.345
413.040 355.140
253.618 23.991
297.339 283.840
8.982 49.171
261.564 311.380
97.257 25.072
35.025 172.598
467.803 59.851
466.444 368.531
109.296 87.400
438.400 446.259
59.656 25.681
202.680 155.950
459.632 145.619
399.748 103.606
20.245 131.322
269.788 98.677
494.024 316.149
306.946 338.643
335.598 91.030
438.017 146.447
179.276 414.768
329.187 222.877
306.509 316.222
112.901 13.323
269.312 9.535
191.662 436.606
215.178 123.411
24.336 283.864
315.803 312.667
172.702 233.969
336.305 194.532
91.588 286.265
248.565 265.671
236.448 7.242
209.828 109.664
374.346 80.827
151.351 298.637
446.988 131.642
252.423 286.522
490.976 312.559
180.678 135.719
236.084 325.582
199.105 21.876
123.028 384.872
197.359 268.292
42.018 195.311
241.674 218.109
198.139 252.225
184.504 7.879
135.400 439.178
373.692 74.725
249.225 378.250
56.522 156.726
310.233 347.128
22.040 44.251
457.184 103.449
282.735 431.559
283.672 27.766
221.740 109.369
132.616 247.108
306.746 352.484
16.090 357.754
346.606 417.244
225.498 313.503
363.794 101.381
418.003 289.773
168.176 155.893
299.526 92.877
259.569 15.793
2.853 111.239
210.458 20.525
106.390 375.409
342.780 86.403
82.113 245.516
98.296 87.656
489.183 400.424
438.112 2.804
187.071 16.401
368.522 383.184
416.879 193.513
137.752 213.114
464.367 368.383
257.830 227.350
340.987 261.085
219.667 385.850
48.997 428.546
169.139 25.090
329.522 369.344
175.352 12.905
224.196 134.572
126.006 263.785
448.328 475.669
172.203 442.137
196.729 346.086
493.484 474.762
247.857 131.272
97.968 172.809
467.149 382.224
70.984 89.507
320.040 417.829
370.919 210.976
376.072 35.122
440.104 490.380
440.002 187.083
238.126 134.015
233.363 267.705
193.369 29.659
84.189 394.811
241.886 471.723
26.711 11.453
443.530 182.804
143.137 148.279
372.030 404.291
104.200 161.934
88.784 126.649
7.789 124.369
305.026 293.883
90.742 321.618
204.140 232.107
154.695 83.763
366.543 216.536
319.905 60.266
447.297 236.623
93.064 162.557
106.248 272.528
193.572 275.513
222.212 348.689
135.743 165.771
457.079 487.457
233.567 88.388
14.054 328.433
170.124 422.535
442.051 182.818
80.073 79.994
301.373 304.340
213.929 123.100
134.682 411.823
308.500 321.926
218.492 395.673
244.670 141.955
498.100 15.113
394.488 270.427
152.123 347.810
438.453 93.810
84.248 51.994
487.371 484.135
118.263 343.303
484.948 434.041
60.291 7.788
107.127 476.386
184.911 7.311
102.144 497.933
489.598 493.466
343.445 216.373
495.528 7.633
417.518 415.004
257.363 178.811
475.208 153.016
422.073 297.482
404.711 60.125
301.741 333.669
420.566 91.490
220.404 64.438
297.729 319.399
377.933 270.162
417.317 139.143
52.291 62.906
400.607 89.405
343.154 143.170
111.674 481.064
180.201 296.389
358.261 212.537
225.708 44.518
364.554 441.865
180.679 441.737
153.217 350.678
366.139 455.036
381.717 127.087
55.034 237.710
436.814 12.948
149.053 193.783
79.913 186.994
427.108 259.044
36.366 450.386
274.131 124.618
42.925 375.357
296.630 190.724
105.896 74.662
92.251 318.031
170.079 45.439
119.081 177.509
217.952 243.926
326.007 33.657
157.431 339.127
343.465 131.841
274.626 164.674
359.429 448.232
375.980 247.333
343.895 196.140
317.766 418.186
394.323 164.674
205.761 306.992
6.634 449.174
208.137 85.810
282.643 219.643
496.808 201.232
344.200 138.422
49.568 301.671
171.365 353.551
0.819 307.607
402.728 19.432
390.983 151.968
447.127 42.554
261.498 27.942
266.897 234.364
469.960 420.920
247.510 109.352
143.949 386.097
8.921 391.820
378.071 297.453
85.211 386.852
214.419 112.137
27.582 318.546
121.055 452.121
48.360 366.014
304.397 490.486
5.229 266.400
217.812 46.316
291.732 390.439
150.348 229.691
325.639 66.022
431.776 269.568
213.711 409.717
67.347 410.937
149.907 265.562
121.218 104.792
458.794 428.841
305.246 478.845
490.596 351.098
451.839 396.048
47.172 187.505
168.873 65.132
130.425 414.424
152.128 235.488
436.844 273.093
369.886 207.079
107.075 480.147
329.904 270.506
62.581 157.372
366.295 352.420
46.133 431.217
314.343 496.055
412.173 379.619
276.885 303.592
378.865 274.062
218.774 74.571
190.119 495.361
333.131 430.963
176.446 99.203
166.179 492.656
356.065 374.521
237.799 144.546
179.754 272.495
150.874 90.467
256.002 10.323
470.448 128.318
24.031 457.293
290.924 123.938
120.683 314.951
489.782 29.371
104.815 141.398
349.682 157.181
201.862 195.767
203.634 423.547
35.735 274.246
363.195 254.976
464.726 190.005
21.823 115.808
464.745 339.867
352.827 56.041
359.822 356.342
121.332 176.547
179.324 421.143
442.053 6.978
471.595 115.964
234.473 156.232
411.624 282.541
88.540 238.271
481.247 456.314
117.624 335.680
103.619 123.567
283.455 422.478
229.155 473.848
63.920 4.757
36.473 67.272
125.922 495.046
174.351 243.167
6.050 393.404
447.239 434.505
378.907 280.883
92.266 231.592
474.122 295.193
115.859 124.596
476.932 55.904
395.732 62.785
275.575 270.999
466.279 224.914
260.751 205.781
63.435 67.328
428.945 147.566
198.381 159.396
74.891 150.577
463.541 260.478
38.812 21.782
149.214 255.851
187.833 255.894
369.213 82.173
441.695 4.371
255.650 402.594
98.709 51.792
493.164 75.869
301.815 432.545
280.131 445.264
209.981 121.036
389.803 97.787
35.897 359.378
57.827 39.957
478.283 225.070
188.850 350.931
44.823 331.818
221.544 91.189
89.063 448.902
459.130 368.215
422.599 273.073
495.695 15.291
479.779 353.533
260.955 206.133
379.110 273.770
396.273 212.483
438.632 385.654
53.546 245.173
358.213 273.359
479.553 422.570
195.594 15.919
66.657 47.849
375.562 265.748
33.665 319.726
75.817 262.095
289.791 7.128
459.296 429.430
388.662 371.229
317.111 143.732
454.273 405.229
102.841 342.202
172.012 326.407
61.621 24.641
145.928 208.158
60.372 310.360
343.906 492.818
283.321 265.151
160.609 293.703
256.592 74.516
380.878 295.721
424.102 484.717
319.488 250.317
38.358 159.554
484.572 276.384
348.879 362.244
260.907 483.898
331.521 466.709
312.347 251.373
111.727 252.765
438.071 99.902
141.479 84.037
380.461 95.168
35.402 263.670
83.260 176.674
293.948 175.855
13.346 419.624
12.441 240.319
238.294 271.306
180.790 346.301
178.901 354.261
25.596 207.865
204.944 133.064
167.057 35.384
424.004 466.501
49.896 85.045
440.038 330.960
108.038 13.990
260.747 382.429
194.500 113.304
8.384 35.738
196.092 418.364
195.006 454.134
378.138 247.579
253.987 239.284
375.913 150.513
83.268 137.384
215.149 347.502
188.813 483.559
429.487 222.324
59.170 413.523
85.257 283.113
207.988 363.909
448.877 440.820
249.741 164.789
63.071 143.955
347.667 316.922
322.118 445.235
384.510 260.469
346.198 245.493
423.741 101.636
353.809 217.422
426.684 119.324
40.141 223.046
221.787 322.526
292.621 178.143
375.405 23.001
205.062 422.720
386.481 233.702
299.698 424.139
319.044 262.006
462.654 425.908
483.497 392.415
338.641 257.370
49.017 214.374
261.670 376.824
294.195 373.971
119.059 208.232
107.041 321.092
371.764 122.290
364.991 302.010
202.983 248.109
