311.748 273.811
297.612 272.652
261.284 195.103
52.645 206.043
215.751 28.322
68.470 386.400
285.317 440.191
284.479 119.828
370.581 356.979
178.982 213.840
484.271 85.448
182.039 427.573
313.723 351.741
267.342 66.747
382.083 143.299
474.733 179.527
467.416 363.433
159.095 490.192
20.190 240.703
281.265 475.055
143.540 219.091
161.238 278.411
189.075 83.675
269.752 496.512
70.382 452.087
377.185 245.846
332.970 185.411
310.822 454.512
210.415 496.124
11.146 123.556
119.279 24.122
460.266 284.201
64.364 18.440
247.885 366.302
130.886 380.314
118.093 220.613
327.632 159.819
464.065 171.547
399.862 415.464
330.533 48.177
245.305 205.985
294.353 347.273
308.217 13.463
115.356 497.843
364.961 373.148
474.106 380.033
292.248 135.811
51.530 323.304
167.167 351.846
141.404 312.884
463.491 99.693
435.023 122.512
65.040 97.677
261.369 289.281
440.284 203.535
40.775 46.223
274.402 207.500
38.081 366.896
159.622 392.173
2.904 201.381
224.266 307.758
22.902 99.939
239.554 346.314
240.435 480.313
294.591 105.282
97.922 115.676
404.648 69.204
357.577 415.195
465.641 83.948
129.261 416.364
332.604 194.365
131.267 412.281
148.720 1.698
323.948 359.630
383.685 233.381
319.082 168.895
220.158 430.063
424.781 80.119
118.186 223.362
353.911 111.867
455.835 70.987
89.043 145.038
210.295 18.464
54.423 144.742
112.448 129.668
66.555 110.836
132.539 23.481
417.873 478.714
19.908 266.546
233.383 255.464
20.464 456.358
290.304 108.059
405.095 207.496
393.584 436.386
378.033 320.856
439.430 57.280
388.485 89.118
492.946 106.948
412.363 95.514
459.350 102.235
151.584 248.403
364.669 45.582
332.275 135.537
444.000 468.423
260.828 60.476
383.586 266.976
102.059 396.019
344.754 78.372
294.808 142.298
497.217 407.723
369.838 377.470
263.148 185.929
30.931 472.093
15.318 100.405
426.666 265.762
401.034 116.837
98.578 335.623
462.374 334.106
34.952 380.215
30.499 427.405
449.284 236.821
227.028 154.496
254.864 184.961
74.906 380.171
164.682 228.846
463.981 90.425
86.148 205.960
30.333 260.960
74.428 492.506
223.322 165.014
221.978 156.148
261.986 105.138
78.188 144.986
147.344 82.592
455.193 58.476
227.236 202.211
160.639 179.065
337.225 163.447
192.652 114.573
481.895 453.551
325.038 81.421
6.245 287.192
66.171 95.130
205.862 292.142
272.180 189.641
218.831 258.948
398.781 4.411
195.502 129.808
316.272 296.922
310.472 372.053
425.851 316.018
111.731 247.289
364.919 3.309
364.957 102.017
134.757 411.608
22.293 192.450
56.553 101.642
259.177 51.245
300.528 49.897
156.747 454.530
287.449 299.369
248.248 415.536
244.325 338.517
304.412 143.828
100.929 480.558
36.621 476.783
127.102 353.651
443.782 135.315
375.552 275.828
244.920 417.698
235.123 210.716
326.058 344.801
480.577 460.879
163.810 86.240
266.204 440.467
151.628 105.137
376.863 484.194
126.411 236.695
315.409 156.947
360.393 103.470
461.875 478.521
78.111 261.399
315.585 487.889
85.794 292.811
302.758 181.803
184.349 337.676
174.246 313.487
314.142 353.911
129.437 262.446
289.851 207.213
247.275 145.862
8.913 362.568
308.706 343.939
155.472 414.617
460.359 138.216
8.043 468.063
178.514 340.326
39.678 35.482
419.990 355.864
95.816 7.815
55.208 392.478
447.449 128.312
120.145 488.972
72.286 182.843
494.818 111.505
371.114 82.335
294.687 390.807
22.733 74.028
416.468 240.055
100.290 111.085
356.966 232.154
57.220 252.361
441.133 70.385
242.135 349.166
480.712 146.256
164.718 421.732
231.254 125.645
194.947 222.785
302.098 269.217
238.918 484.592
238.511 326.456
81.682 97.011
474.290 302.350
230.948 235.056
479.572 392.820
189.005 329.513
148.179 286.611
290.331 6.700
495.855 40.060
306.831 365.436
407.719 335.802
1.824 158.734
338.878 137.446
68.371 223.499
408.458 444.721
14.010 429.666
342.666 42.746
147.830 115.844
391.941 139.407
188.627 93.691
78.720 418.740
189.319 473.021
24.389 57.133
295.663 218.868
267.750 390.098
32.443 245.087
439.883 493.812
144.107 249.967
96.692 366.033
394.771 51.726
380.603 162.553
175.896 321.768
99.259 402.814
384.976 367.251
156.839 363.466
300.584 88.180
378.400 187.179
287.963 330.498
221.122 449.594
264.403 163.694
449.758 213.300
149.352 367.019
192.517 350.853
42.176 101.715
485.239 54.907
266.825 202.704
66.472 26.037
62.835 463.786
224.922 109.984
26.324 353.005
76.788 351.406
313.708 134.648
200.581 333.797
276.324 320.630
263.872 158.555
398.953 379.575
278.263 258.541
213.513 405.885
21.269 153.821
423.828 461.405
446.454 415.915
429.560 284.904
310.122 427.010
458.034 221.676
214.418 76.409
89.363 361.877
211.850 343.803
403.987 442.527
77.071 97.197
219.732 195.780
157.406 268.894
168.607 163.724
233.156 277.609
107.410 84.997
247.510 200.761
449.662 265.122
330.048 68.548
326.761 217.090
484.176 224.496
64.808 149.995
127.364 397.043
57.778 43.539
18.670 266.801
467.060 262.737
211.334 45.636
387.267 371.607
416.614 221.609
7.447 128.336
405.590 44.557
405.004 421.520
274.807 339.308
115.024 323.987
298.161 262.202
403.198 297.773
331.760 230.346
112.477 300.177
109.336 64.956
427.497 111.279
408.934 156.448
113.826 324.890
261.089 441.311
356.593 117.848
281.350 160.245
384.659 150.083
273.017 210.009
227.457 291.345
319.954 56.734
412.932 191.511
2.492 462.182
341.810 387.246
60.483 354.514
310.175 176.432
262.843 284.632
160.286 375.896
236.693 220.054
30.967 203.419
458.743 156.999
191.972 127.520
168.474 240.543
133.915 238.446
449.186 175.535
239.715 287.292
379.422 223.839
353.158 2.473
195.228 141.103
167.897 468.675
467.182 425.509
390.800 301.034
150.926 66.488
425.462 245.087
130.120 391.527
161.925 453.420
26.357 250.756
444.448 463.877
441.255 83.789
219.535 284.784
292.566 319.979
85.509 261.561
44.788 366.806
178.483 26.818
389.865 471.057
11.438 43.931
452.107 379.066
498.067 366.914
368.741 441.951
463.757 18.892
21.876 17.017
250.236 284.781
148.494 50.281
153.967 445.090
411.890 299.462
329.496 437.059
239.704 226.138
0.176 304.836
316.827 243.061
172.018 436.212
465.915 209.235
66.683 276.413
366.453 398.540
239.498 45.897
455.823 33.335
151.628 161.952
285.283 456.757
109.951 480.285
18.477 184.002
267.904 32.642
62.080 71.673
251.228 72.889
69.950 255.554
56.749 182.677
201.686 262.101
63.498 27.033
52.417 106.624
252.208 204.891
293.813 478.237
400.782 200.672
203.332 354.361
469.762 136.762
367.641 282.134
64.991 225.236
461.711 45.601
203.115 25.050
398.304 374.556
127.575 438.066
180.230 125.944
312.240 284.815
191.150 402.832
20.635 299.608
187.632 220.120
76.830 194.941
25.981 170.093
68.845 440.978
202.860 43.195
420.837 232.830
39.822 395.563
232.708 263.754
141.348 381.940
104.924 203.525
53.063 310.585
117.442 288.805
125.640 425.079
432.522 13.375
249.392 76.770
492.395 361.601
329.511 43.582
117.316 325.517
437.536 317.719
331.721 190.173
164.503 299.653
465.434 310.683
267.739 485.764
166.042 306.336
384.870 238.913
33.942 228.345
121.899 101.011
303.661 12.507
100.903 407.238
220.125 388.247
116.668 414.422
439.344 429.781
455.175 73.357
88.126 471.479
289.777 216.903
104.455 37.404
74.585 422.157
220.559 456.173
407.887 294.144
440.429 388.881
211.188 445.317
204.749 486.691
282.143 168.195
295.782 300.731
226.383 37.220
298.477 238.627
386.521 243.612
3.519 425.736
288.163 452.135
10.241 372.231
313.892 208.159
489.592 406.621
394.079 345.370
396.089 171.808
457.440 273.751
41.384 194.167
374.325 448.358
44.171 66.734
458.593 136.925
286.000 447.761
107.729 205.063
380.186 22.857
44.859 419.371
102.586 185.371
468.160 60.620
290.176 405.556
470.347 235.515
117.181 220.942
152.074 449.498
308.328 271.428
140.195 72.535
314.618 403.635
477.177 333.342
91.590 35.952
301.165 202.634
154.984 147.816
399.979 448.617
230.323 420.711
449.985 441.141
490.946 108.054
209.263 159.648
97.079 269.333
386.246 61.935
477.647 275.557
109.777 269.751
424.132 55.962
142.349 399.307
455.353 474.553
286.660 459.886
382.173 382.046
102.080 182.463
447.579 78.876
177.636 379.088
303.917 347.567
457.055 83.606
359.398 444.508
387.156 477.109
281.284 337.701
416.484 493.013
144.674 69.359
111.524 160.087
351.088 217.683
295.162 321.580
68.447 165.934
449.939 65.521
163.696 264.319
451.474 443.583
206.060 212.670
129.547 148.807
113.862 437.577
229.956 281.761
340.388 143.734
237.682 365.150
225.304 158.498
485.883 327.437
402.873 413.088
340.867 93.825
96.927 328.319
102.392 111.916
198.442 412.778
267.878 398.950
380.531 375.055
213.736 203.134
376.496 291.823
325.197 110.669
313.163 491.047
259.787 242.920
15.344 98.566
299.457 421.076
47.993 467.273
282.354 282.075
397.559 207.798
435.075 497.229
386.247 426.185
389.045 31.628
427.622 364.419
81.083 263.985
375.481 19.738
376.379 449.448
210.458 441.845
414.673 499.456
414.777 495.573
15.315 286.616
165.681 387.933
363.605 467.140
400.346 93.352
321.839 86.122
148.386 214.577
272.084 26.094
224.116 286.829
405.414 358.549
104.571 132.752
85.521 455.559
29.586 371.933
343.827 398.455
85.654 465.569
281.646 70.866
173.623 211.276
129.098 252.437
62.230 391.530
447.093 266.389
388.441 355.108
424.797 237.247
37.795 130.534
273.623 4.840
438.618 164.783
456.072 135.578
455.621 287.549
105.312 268.895
67.408 237.916
65.112 41.595
0.020 304.577
87.007 236.461
262.491 487.592
63.989 152.457
46.424 82.629
479.571 187.119
151.655 8.825
93.199 311.194
342.942 285.195
298.438 426.295
35.865 350.293
8.889 257.673
432.844 242.517
136.064 459.647
198.661 431.199
85.923 231.875
477.489 375.722
113.781 313.161
327.792 202.001
74.699 58.450
161.394 15.860
168.612 355.919
35.854 139.791
488.266 175.088
75.122 159.493
356.971 227.124
479.241 198.313
245.337 260.452
354.129 238.151
380.727 257.582
29.232 218.198
250.920 415.179
424.960 159.445
325.930 140.565
145.100 30.242
292.666 33.652
486.550 377.327
305.972 9.905
296.077 299.380
152.948 239.644
417.932 463.484
396.644 71.569
265.943 446.043
202.466 105.919
187.382 492.090
284.272 464.262
