339.417 177.708
402.905 45.483
342.928 276.625
114.178 104.947
448.161 99.158
451.660 128.223
302.264 64.362
450.521 199.768
273.787 372.321
224.324 360.166
480.336 208.979
262.377 61.490
109.433 269.408
237.393 374.012
248.446 364.324
124.858 25.257
433.492 135.464
272.568 209.362
115.914 498.423
372.354 170.570
421.459 336.688
346.494 20.753
270.784 431.960
408.253 402.891
411.985 398.475
76.198 331.476
251.144 193.813
271.606 138.923
332.067 148.458
163.894 257.800
224.091 129.635
413.166 352.410
176.529 189.715
434.512 253.865
187.220 419.119
333.682 396.392
426.092 296.048
398.896 419.604
33.596 292.542
35.441 22.512
485.889 202.294
419.508 112.439
459.186 30.826
429.574 345.343
378.292 97.465
431.497 265.521
214.199 277.857
311.436 230.872
484.041 35.173
393.076 125.042
372.246 492.729
114.554 217.531
480.851 367.310
296.463 92.471
53.653 442.290
435.573 275.850
315.152 200.118
200.748 279.715
26.227 288.007
1.235 178.720
379.253 257.038
149.615 104.946
300.237 95.125
397.875 436.867
106.039 314.471
290.763 475.760
287.842 229.523
472.203 407.434
173.307 397.492
218.046 57.864
256.132 129.994
259.917 30.527
420.435 235.113
343.173 20.177
344.788 179.358
389.127 198.734
93.092 190.197
372.622 86.082
26.423 438.598
183.849 393.397
348.208 302.183
53.003 236.061
330.624 480.084
199.040 441.718
134.440 129.629
54.994 303.869
372.172 64.278
27.089 327.269
317.367 120.486
262.272 30.021
358.713 390.433
318.525 427.251
263.343 267.380
479.005 191.536
54.308 101.654
290.601 21.123
391.717 50.438
372.286 189.075
27.476 411.876
363.052 137.412
28.216 43.863
58.737 158.563
38.958 171.802
19.540 352.445
345.890 56.836
294.076 72.117
337.271 296.149
108.919 340.639
438.188 7.901
212.199 362.453
350.717 471.804
161.746 98.594
35.603 431.959
385.481 423.172
291.214 439.384
470.200 360.814
398.335 394.769
288.489 108.452
14.071 170.301
369.032 149.253
172.979 425.578
188.422 330.894
208.639 357.685
194.685 445.703
137.889 323.337
222.543 322.751
169.273 183.498
135.663 262.436
74.650 114.132
479.183 499.802
469.438 199.612
310.351 290.753
50.729 238.046
269.644 116.958
176.080 68.397
244.264 209.233
67.391 350.311
427.320 396.120
175.298 99.823
51.555 206.885
5.104 404.526
140.498 440.271
112.701 289.027
19.336 464.313
185.927 65.429
67.751 322.841
99.155 336.101
135.002 193.198
54.554 326.866
78.050 231.399
403.294 39.380
254.424 108.197
227.965 352.270
239.388 357.195
388.129 160.196
415.723 184.799
21.437 486.843
119.252 339.730
366.367 492.484
330.277 29.102
157.189 331.550
12.004 346.683
34.253 375.876
77.620 133.198
58.002 128.881
78.197 135.289
459.463 192.235
435.536 497.757
290.266 131.901
205.596 253.871
454.071 60.205
111.299 383.643
448.887 298.730
103.331 387.085
362.399 181.805
458.931 3.620
359.915 209.728
495.617 357.786
318.064 212.396
435.391 171.149
64.633 50.547
485.893 194.621
284.037 227.360
288.006 147.217
143.359 424.111
428.606 363.682
284.079 141.572
486.593 357.755
326.087 323.289
31.708 90.611
445.490 326.758
112.020 141.516
150.540 326.660
222.671 192.963
442.530 227.117
438.070 310.372
499.550 56.982
113.419 269.107
75.444 476.668
42.034 213.429
487.844 174.532
429.892 247.749
255.006 82.642
287.725 224.662
320.291 160.290
12.898 95.370
218.816 35.383
276.252 454.612
285.536 0.404
237.372 474.985
233.313 368.033
147.160 318.150
405.579 416.173
488.916 472.064
53.927 75.359
4.713 212.917
483.685 186.385
425.608 99.966
58.213 414.489
151.369 291.719
280.438 321.324
26.510 186.024
48.117 386.688
94.520 497.588
107.923 441.603
112.381 50.656
67.816 39.378
144.700 192.909
297.288 308.547
304.031 30.112
142.820 142.522
22.217 331.671
68.714 176.926
402.940 322.209
270.103 438.036
61.225 77.290
304.024 15.667
146.934 32.238
53.045 75.202
46.522 210.138
392.359 352.442
448.016 149.744
445.331 468.744
183.797 474.511
488.198 134.181
61.597 200.266
336.804 143.309
27.175 367.736
82.778 181.048
382.607 477.653
326.533 176.127
473.702 66.345
420.055 92.688
47.350 264.466
129.357 403.925
222.490 119.693
353.050 180.299
8.120 184.893
85.165 235.950
15.165 218.453
225.041 26.379
272.269 415.730
382.885 267.946
383.097 205.718
135.329 35.133
227.345 87.155
159.091 20.672
427.676 118.703
365.657 227.206
261.298 161.188
216.064 325.514
372.133 409.370
350.994 187.349
194.921 432.321
420.545 320.322
441.559 345.942
91.537 195.635
316.195 292.185
302.362 365.836
52.697 2.069
255.255 169.135
58.361 170.170
222.410 236.517
87.884 341.331
38.147 69.088
422.824 118.018
237.864 211.785
429.163 489.824
27.811 423.923
284.881 131.870
433.688 202.253
200.138 233.760
191.489 15.690
427.862 314.927
415.733 252.286
490.285 215.539
492.774 148.812
469.643 499.887
366.046 244.700
139.886 91.093
415.059 479.825
137.945 304.323
433.792 460.688
136.945 356.924
136.382 369.578
317.799 315.692
44.930 309.711
287.100 110.278
213.897 487.383
418.455 161.306
214.569 14.223
446.130 295.684
298.859 457.517
244.175 307.811
306.727 462.834
36.823 355.716
8.160 274.365
40.743 85.401
35.858 237.038
422.901 210.765
451.851 195.821
59.098 208.479
326.357 176.581
284.961 464.350
227.149 52.412
256.832 70.208
54.456 159.342
314.897 449.509
26.490 406.416
373.630 236.143
479.604 310.372
23.205 233.164
435.668 14.993
291.850 114.617
135.414 173.549
453.192 171.333
484.665 21.014
108.749 55.465
93.361 360.339
261.729 266.039
491.950 167.720
99.888 241.744
283.639 63.977
134.520 285.731
289.459 266.964
1.881 393.858
315.708 256.643
376.209 322.798
117.679 365.869
357.513 76.436
335.497 29.422
407.262 167.475
456.012 113.331
440.412 450.935
7.578 364.313
36.325 346.030
400.441 87.610
230.552 406.159
215.432 496.188
471.113 184.495
394.253 21.409
72.008 373.262
242.168 228.732
40.662 41.020
170.158 296.839
328.036 15.563
232.549 496.155
257.531 410.270
387.176 2.398
290.552 226.089
455.539 437.403
107.726 446.686
174.091 481.673
126.245 275.640
96.758 100.833
368.493 64.118
403.780 41.846
154.330 72.786
475.374 410.248
289.097 388.625
435.524 455.114
26.749 260.443
344.901 246.831
233.228 57.457
103.820 392.946
4.309 399.835
54.151 304.587
457.796 241.295
363.528 55.859
410.161 95.694
126.620 307.099
376.067 265.604
329.368 27.964
256.486 354.391
378.105 109.251
114.776 274.922
307.324 449.277
370.980 310.405
110.112 65.384
190.900 411.438
249.207 54.036
128.030 205.345
337.382 349.260
193.524 271.199
158.155 62.037
353.500 180.621
438.073 119.168
429.763 408.879
438.418 415.531
285.532 388.850
161.142 332.522
369.982 150.737
71.244 451.369
166.456 125.567
471.069 299.358
284.314 44.636
101.190 206.130
484.773 79.609
381.080 370.801
475.321 323.094
127.650 208.776
261.795 485.020
230.604 439.177
126.321 400.982
140.808 7.246
34.037 25.114
300.444 450.937
400.148 369.500
249.314 323.614
459.874 367.507
352.589 58.242
338.031 424.159
276.640 146.207
298.001 57.109
81.330 261.811
366.520 20.718
485.614 128.488
72.155 325.581
344.520 373.259
46.003 436.793
47.617 442.412
11.600 83.748
242.022 464.348
425.579 46.667
349.731 158.996
85.080 407.244
389.862 472.465
454.915 75.573
482.713 344.900
441.324 27.485
323.817 437.340
212.061 425.416
428.373 112.809
193.042 230.992
293.600 339.761
182.552 192.271
280.329 19.997
467.604 374.322
351.030 125.991
122.336 375.128
429.668 57.733
198.705 24.011
380.152 151.516
203.837 48.328
188.024 101.366
242.570 439.456
150.893 354.347
392.695 15.591
423.471 14.148
183.820 220.076
136.081 412.812
58.064 181.118
261.658 470.330
96.604 225.622
294.445 142.933
302.190 322.937
43.170 73.454
79.684 194.839
440.404 89.563
112.854 112.211
453.343 475.695
409.194 161.955
253.236 24.104
498.966 63.648
209.243 192.249
495.570 474.281
358.883 167.269
282.130 186.721
435.505 12.588
242.663 421.822
142.200 113.531
322.988 45.288
239.647 424.271
191.049 237.843
380.940 166.405
78.144 98.081
254.996 163.387
16.637 188.399
428.262 252.410
74.798 29.807
59.540 207.243
168.359 129.476
168.825 135.871
279.152 257.784
289.433 219.415
477.827 332.206
43.644 468.640
206.465 392.091
157.220 488.533
125.157 3.290
464.388 228.459
428.459 73.324
130.600 188.207
101.363 228.950
270.984 195.904
377.414 240.622
92.529 194.088
227.143 257.537
120.075 236.915
474.892 347.264
315.733 212.596
323.830 143.921
495.009 109.448
126.418 94.424
110.396 349.817
460.609 113.726
209.709 433.196
124.322 5.811
412.286 233.729
199.214 246.112
418.113 266.651
209.432 116.399
137.191 61.221
181.915 468.532
277.138 64.099
214.272 135.212
349.549 344.789
427.087 1.012
369.466 335.651
162.134 158.805
391.616 329.512
151.856 95.337
283.790 200.606
250.797 435.530
193.881 82.302
172.701 141.389
206.373 149.626
361.585 411.108
83.289 202.048
367.447 434.557
345.666 209.257
199.061 98.820
313.037 120.125
466.886 492.755
30.273 153.944
32.635 399.222
184.085 477.752
36.859 483.366
306.475 349.719
129.148 41.981
380.028 57.568
352.578 47.817
491.670 28.375
144.971 146.347
272.440 201.058
181.411 235.518
140.334 472.934
426.225 0.467
183.850 345.099
274.260 324.407
49.561 255.402
101.489 408.801
132.755 334.934
344.315 207.910
459.368 146.390
159.254 287.465
266.449 40.797
56.740 9.190
418.447 153.313
114.633 359.734
446.385 183.107
423.474 224.432
346.095 255.682
81.357 458.031
151.974 269.570
496.258 197.244
438.471 56.352
395.697 470.420
264.761 389.854
365.553 498.181
329.636 33.203
335.028 497.818
129.762 472.900
436.457 366.175
98.205 441.238
368.933 451.200
377.613 456.993
89.145 26.443
288.411 326.597
471.051 138.595
147.973 395.446
6.674 125.896
91.278 197.068
233.868 19.008
479.927 161.683
142.476 469.513
34.298 331.928
8.460 312.706
368.666 113.656
307.231 159.403
470.348 404.446
281.380 474.872
74.814 403.645
134.440 356.147
237.370 258.233
215.230 174.375
381.800 332.582
82.628 26.649
250.247 405.593
359.431 199.035
164.575 341.577
161.248 194.011
180.643 430.386
219.657 90.010
348.163 398.259
