486.607 112.456
167.398 129.725
103.162 72.757
252.281 464.340
346.244 212.353
262.159 426.251
496.100 366.181
247.218 351.262
405.151 445.413
465.733 266.075
10.268 118.949
386.297 37.439
303.538 409.752
189.196 233.693
356.291 428.600
460.668 338.603
348.551 59.590
106.186 475.019
457.130 405.941
214.700 236.360
118.463 386.835
231.225 214.513
450.090 64.550
101.355 267.397
97.673 293.358
130.292 204.476
390.629 139.503
42.218 464.699
39.238 469.812
154.026 4.480
218.938 82.437
484.363 412.715
428.034 299.291
379.220 337.576
375.555 101.989
440.080 473.128
374.786 237.551
322.027 112.566
410.941 413.534
237.154 411.939
323.734 49.005
206.707 267.733
362.882 248.648
284.242 248.562
86.806 252.148
199.825 384.115
423.632 276.468
217.157 359.160
46.334 67.383
144.040 178.156
120.302 341.723
65.131 283.889
126.578 340.718
72.353 66.752
408.642 347.632
429.516 372.758
266.939 422.699
361.164 178.023
104.708 256.080
453.229 64.105
190.038 151.860
112.474 70.444
462.744 112.507
216.871 223.542
9.943 284.354
304.823 256.227
30.786 443.526
419.819 387.053
389.554 198.636
404.488 85.847
175.083 137.346
441.888 399.524
73.252 433.140
288.977 65.467
399.186 235.787
481.498 295.608
184.586 120.363
461.590 223.449
129.044 372.817
20.953 96.529
341.969 389.802
141.969 186.031
269.814 197.135
81.076 156.391
475.894 105.315
411.720 369.645
379.301 11.497
31.366 262.592
265.296 332.211
436.768 171.738
264.446 450.750
241.933 404.507
147.506 319.215
291.741 155.839
328.020 150.928
23.394 81.502
288.386 89.784
414.906 394.748
314.079 461.283
245.601 383.729
472.532 164.620
472.727 141.376
203.176 407.824
5.733 485.303
146.092 434.892
471.238 219.121
6.973 174.623
14.817 19.700
337.933 495.412
375.078 299.370
24.665 260.167
329.668 265.754
443.444 129.838
107.137 196.806
117.541 258.494
52.947 153.326
171.141 188.353
296.834 439.551
229.157 494.878
64.299 269.921
194.837 122.193
375.111 338.451
231.297 297.999
453.073 199.285
451.759 457.345
37.255 497.010
84.107 448.048
240.570 220.835
229.919 151.862
73.214 55.963
357.872 60.015
175.254 187.834
214.868 433.227
234.830 102.855
158.302 26.315
405.446 177.194
468.009 245.778
124.582 320.752
478.835 191.874
484.885 370.019
301.230 223.399
392.202 99.289
298.420 260.549
266.608 88.223
342.365 69.185
236.435 106.698
307.054 492.418
53.996 273.440
115.285 436.395
375.373 19.846
101.678 373.565
285.016 396.730
365.835 257.407
131.431 41.785
294.114 490.668
6.105 459.578
474.817 149.706
494.797 474.142
386.661 308.936
12.477 214.000
331.895 35.817
19.651 416.902
75.240 254.902
79.861 217.550
2.038 9.923
370.234 436.906
489.320 233.662
165.780 271.545
176.530 452.162
382.766 150.147
204.020 431.727
119.916 66.171
377.459 244.291
81.220 15.570
172.503 77.667
350.475 446.279
97.944 413.560
238.491 453.930
154.897 154.229
352.504 232.631
384.550 2.393
50.418 101.403
86.778 474.210
431.012 290.441
178.388 388.103
256.340 16.605
156.011 161.640
120.981 47.890
346.936 371.487
31.339 476.285
404.553 379.903
360.983 374.668
4.124 40.732
138.434 116.851
163.490 427.683
451.922 187.178
302.649 11.331
473.011 30.384
496.955 137.493
91.773 391.451
125.916 337.764
194.064 89.725
128.573 417.596
437.800 61.684
231.496 353.004
215.495 484.645
361.645 342.615
491.862 304.298
329.033 444.384
117.907 293.728
467.002 249.238
81.250 294.332
267.040 331.575
331.209 428.972
344.908 228.736
181.790 169.370
324.350 185.102
107.386 148.156
428.249 351.023
119.350 20.818
74.048 240.809
409.008 474.341
63.754 251.698
247.536 326.075
271.783 429.993
18.504 113.253
342.940 57.719
282.030 287.298
273.912 163.862
214.311 409.918
427.281 324.481
127.512 185.901
417.940 197.859
80.858 31.830
265.296 486.964
293.615 266.424
494.066 155.157
447.917 15.749
132.523 270.552
470.521 75.676
187.672 318.320
347.053 445.636
468.438 267.278
147.256 128.505
265.502 460.633
465.167 105.359
248.588 298.743
444.656 135.406
484.111 254.488
196.430 304.816
308.406 457.475
179.019 353.105
319.740 10.761
188.295 493.367
287.540 60.570
14.862 91.754
7.522 67.291
426.689 387.998
210.256 305.972
25.634 407.763
499.283 233.944
60.430 95.806
176.616 181.494
207.607 259.743
284.322 99.479
136.320 141.191
76.231 147.633
19.475 106.705
45.229 246.195
45.921 86.842
225.110 434.865
109.429 389.426
436.717 250.107
226.266 284.669
392.458 312.258
193.659 201.899
339.843 464.967
395.620 285.907
149.652 321.460
35.719 4.238
405.872 281.528
158.087 262.254
134.264 411.665
195.825 98.027
20.356 396.070
277.664 345.694
386.100 327.283
57.237 143.059
405.201 226.913
85.387 442.235
452.501 488.756
38.489 481.644
124.496 281.111
392.543 499.305
391.819 153.554
48.093 12.445
21.561 287.718
161.560 175.312
19.258 473.804
126.815 221.938
376.343 383.406
363.881 461.058
176.796 420.874
122.349 338.730
23.811 21.544
60.943 458.554
479.305 479.671
296.873 205.260
495.278 324.151
340.743 204.207
498.479 45.507
498.194 89.285
489.534 173.589
149.696 89.586
169.566 427.571
160.789 165.561
166.317 480.885
30.490 479.007
249.136 22.630
41.154 380.736
283.949 105.353
359.198 493.639
375.762 279.527
74.695 97.730
398.310 347.596
283.489 95.563
374.789 471.805
337.932 364.519
307.512 248.867
229.240 254.749
170.200 342.119
6.144 261.490
486.554 44.054
228.749 33.103
230.424 309.647
256.656 497.295
248.021 67.011
349.840 2.971
354.844 488.324
247.383 17.175
471.493 497.438
307.020 355.049
1.907 54.057
74.746 175.724
165.903 182.930
310.602 38.352
458.670 308.971
107.228 25.637
287.772 144.522
226.695 418.724
467.908 21.049
31.896 94.711
107.530 181.699
417.001 388.005
350.691 116.729
185.876 269.299
148.940 73.350
273.312 184.269
485.337 150.523
398.415 167.383
255.891 393.684
415.586 359.557
24.290 16.763
148.597 404.640
252.496 286.423
489.173 154.061
479.187 366.882
136.096 67.203
165.293 451.277
157.246 177.002
319.783 347.978
422.515 279.815
369.471 377.573
104.507 482.432
352.323 53.399
393.063 490.439
439.039 342.491
237.118 326.582
442.615 348.308
37.689 209.058
31.645 256.348
373.494 465.689
406.517 271.686
368.258 458.502
64.084 248.200
19.029 470.602
60.546 84.932
148.669 189.739
250.004 347.587
323.300 312.968
288.631 376.716
111.009 154.088
484.876 24.572
6.261 198.315
154.326 132.078
40.989 128.120
409.821 421.448
472.386 175.655
239.608 408.939
385.264 280.470
271.812 364.259
170.935 140.440
147.958 38.074
421.355 424.777
254.972 103.742
103.145 157.005
283.951 41.210
278.797 249.616
412.258 76.787
428.469 480.868
344.909 45.499
237.347 255.904
213.157 494.368
228.248 354.693
320.080 217.960
348.230 231.456
70.253 475.783
425.043 356.501
24.917 254.017
16.207 244.116
169.413 178.825
354.867 483.604
443.071 237.212
82.987 354.098
57.310 137.615
177.821 410.298
273.291 214.426
338.189 469.103
16.328 216.475
349.867 323.407
130.407 226.175
249.804 364.816
417.020 151.588
304.576 142.564
79.709 194.569
100.449 133.894
54.169 199.019
408.356 454.136
272.997 98.196
208.633 132.705
323.315 112.753
59.309 360.107
358.362 96.118
345.159 302.119
310.645 105.577
40.307 211.995
186.949 85.452
135.423 46.362
176.463 70.840
379.006 436.337
212.883 313.015
146.694 100.136
97.645 388.922
467.321 114.435
45.737 99.099
113.193 31.115
167.281 450.974
468.161 18.918
0.828 408.894
489.440 135.912
408.477 422.975
111.430 135.101
39.767 447.819
134.897 461.981
238.120 448.595
101.820 24.535
261.447 314.654
138.094 174.761
42.545 216.161
366.225 193.605
327.046 139.042
125.472 293.634
370.759 51.974
235.532 410.556
246.181 229.220
213.087 343.722
177.946 347.732
423.548 212.173
251.913 390.372
358.532 304.275
202.333 216.291
204.663 224.768
175.461 15.962
157.915 403.844
445.367 149.714
21.073 472.579
372.477 21.972
288.084 17.430
304.601 360.798
334.671 393.788
45.764 174.395
488.888 20.513
7.286 89.540
249.408 483.515
248.346 332.300
39.693 147.922
196.381 161.163
348.243 356.557
303.069 388.013
220.868 25.975
308.591 72.930
87.510 454.624
221.391 454.321
126.923 136.833
358.230 273.588
19.954 193.958
418.871 473.574
82.267 440.372
476.563 107.521
352.740 19.046
44.009 459.058
480.986 423.148
7.034 110.426
296.822 39.030
301.765 335.194
180.521 403.209
260.554 204.559
312.232 124.221
58.206 261.099
52.888 47.687
217.307 223.520
259.581 205.466
48.803 247.565
403.685 145.052
36.520 356.520
339.826 128.367
496.320 41.161
266.473 43.516
238.781 140.065
8.440 320.830
31.675 445.534
69.407 203.413
146.264 127.947
258.261 93.663
246.369 353.735
483.957 426.333
88.905 469.047
267.725 0.904
191.668 462.282
63.934 168.734
54.772 240.239
247.008 129.533
107.685 3.005
128.011 458.848
41.384 231.391
48.856 406.151
66.904 267.864
55.485 406.693
77.918 467.594
428.066 482.936
116.123 319.089
432.761 497.690
336.991 321.612
84.697 342.397
279.606 95.687
171.146 311.673
307.846 495.808
105.815 28.997
302.397 273.190
67.178 19.217
3.984 442.091
10.265 107.646
256.894 145.006
263.290 303.774
165.150 169.202
211.040 223.398
131.487 137.882
322.070 271.506
420.351 310.818
187.708 176.960
374.148 424.343
474.471 259.760
245.368 220.922
4.465 335.332
204.122 269.889
308.072 250.622
379.927 79.259
249.574 244.062
254.754 269.742
331.501 59.037
462.620 466.685
108.360 482.526
170.124 259.333
482.977 75.915
121.338 126.452
463.005 93.092
324.303 491.615
75.986 244.752
321.645 168.703
379.690 480.973
394.650 475.637
307.902 237.193
212.281 335.754
260.161 324.808
395.602 390.237
61.227 403.876
165.882 281.563
104.030 29.772
164.550 55.804
417.643 332.689
228.502 81.236
98.061 484.254
138.297 58.127
212.391 467.403
90.042 23.528
490.148 495.919
380.763 316.324
32.848 495.293
183.102 104.563
172.786 436.736
460.102 347.545
176.870 303.823
142.288 477.074
232.691 234.809
208.345 245.443
137.356 227.225
217.502 371.114
41.957 223.935
430.389 344.589
17.251 161.544
234.937 14.767
117.982 457.716
144.488 313.632
213.563 119.467
178.716 277.844
