327.131 57.854
5.277 205.708
406.754 352.344
114.959 433.330
265.591 131.451
407.833 62.378
366.886 314.475
337.339 141.077
478.792 264.927
374.778 354.706
430.848 327.985
206.850 5.381
218.089 395.450
491.026 300.913
77.980 413.178
254.400 74.103
403.615 318.812
15.528 217.362
24.350 469.760
154.883 115.423
315.140 179.993
329.899 326.416
130.104 352.192
106.757 190.984
385.592 32.177
13.634 23.001
487.912 336.032
34.610 347.668
333.922 417.949
135.448 21.549
70.329 330.371
305.522 25.250
249.789 485.027
250.796 218.712
1.058 491.136
85.449 139.248
340.328 360.793
332.442 490.080
16.715 297.297
219.834 318.207
95.234 116.355
499.486 148.006
133.478 65.771
62.013 200.518
105.022 233.293
353.981 133.812
141.092 80.102
75.599 497.419
217.858 7.892
177.596 496.133
385.755 497.973
346.559 459.680
220.470 93.812
155.097 176.773
448.052 257.271
297.695 53.050
349.142 112.246
468.139 498.253
61.609 322.011
209.286 180.450
354.924 317.518
111.975 323.692
386.049 231.095
494.911 306.282
28.453 298.362
34.727 115.881
240.065 237.350
83.698 218.639
158.528 224.163
85.545 66.524
494.192 356.496
257.505 243.010
150.153 147.196
432.505 456.227
390.607 123.638
446.084 241.421
250.948 160.611
450.148 449.280
145.435 228.093
202.936 372.694
491.656 345.951
98.144 373.839
25.728 34.698
129.076 70.610
446.168 483.350
298.681 349.553
114.828 328.723
326.573 424.467
430.488 418.806
407.026 439.715
321.354 142.516
182.709 461.337
276.751 360.155
300.526 498.820
137.861 159.986
257.805 489.197
37.823 352.175
199.918 10.280
58.312 321.847
290.908 97.584
95.249 360.539
150.851 396.995
107.166 123.907
141.812 137.362
489.057 376.107
340.076 98.989
260.586 154.629
79.354 97.319
354.855 275.369
4.567 304.851
22.083 460.626
439.163 159.575
93.667 135.897
8.138 404.546
205.714 55.455
72.791 71.949
265.274 173.298
158.207 343.872
250.738 495.221
84.569 307.286
279.642 269.226
63.649 189.147
342.116 54.326
395.713 388.203
51.629 368.627
195.784 293.836
272.072 26.985
354.595 453.647
229.341 466.515
395.085 379.607
156.023 364.008
117.501 368.181
181.178 486.894
318.263 154.823
247.997 269.622
0.166 347.064
41.776 434.643
412.434 330.948
58.945 459.500
385.070 427.519
291.895 425.258
2.716 374.168
207.635 318.449
197.211 32.574
66.002 464.325
424.212 363.189
455.245 52.147
289.010 19.966
412.460 177.163
95.619 325.142
20.439 119.766
475.184 152.802
286.132 387.604
418.514 203.187
420.992 474.093
449.028 149.170
85.252 4.596
262.171 402.906
84.046 247.027
154.524 369.241
207.653 120.851
246.050 206.144
133.672 378.903
189.236 4.457
246.208 409.484
296.750 132.567
169.993 334.730
40.289 67.172
269.349 482.976
450.611 269.782
398.153 42.924
186.293 4.305
282.329 223.702
359.492 26.272
103.044 390.143
288.915 486.267
124.013 278.168
136.895 236.905
498.884 181.432
370.854 5.006
300.454 369.691
402.120 283.996
56.196 324.436
130.074 63.583
142.904 171.642
475.633 18.921
402.779 381.772
245.147 430.311
87.737 467.287
376.556 18.682
182.561 495.679
418.047 276.405
478.708 404.013
416.580 403.666
64.024 374.007
491.598 155.977
57.143 118.351
348.103 20.408
169.045 305.547
223.049 60.245
313.084 204.652
270.784 479.296
75.506 276.918
491.006 413.694
403.776 432.900
295.696 24.090
209.693 386.959
185.467 275.852
48.302 170.360
98.459 132.771
32.070 471.955
98.015 65.929
446.066 213.264
325.469 409.560
66.098 76.871
238.331 159.438
358.885 124.579
280.023 11.492
297.407 80.107
486.472 236.136
265.996 199.383
2.671 113.148
51.863 308.172
33.924 456.448
57.060 25.475
207.140 87.527
152.859 324.636
152.585 465.623
42.670 436.973
223.249 115.556
419.680 242.833
187.848 360.309
281.926 259.897
162.807 313.535
239.451 337.678
425.331 135.449
318.427 461.607
82.309 9.923
358.507 296.314
118.639 410.710
80.240 445.147
253.248 54.975
281.873 249.898
72.048 51.556
366.618 216.043
297.590 467.048
240.362 39.933
208.385 483.571
438.602 59.864
262.277 16.200
129.664 327.411
275.567 232.698
433.564 259.913
241.140 84.232
394.018 138.487
389.423 329.380
4.399 73.167
151.191 319.921
399.042 29.230
94.386 206.747
189.632 170.052
134.455 416.879
489.012 306.831
476.732 393.051
275.637 304.749
152.822 107.243
154.969 88.578
33.711 113.517
173.771 476.305
53.480 313.800
33.593 327.752
36.068 28.368
18.928 482.607
403.644 455.144
202.970 449.701
303.635 385.776
23.431 256.280
170.547 380.169
435.798 430.672
267.742 172.445
489.329 431.748
484.530 194.149
128.969 493.076
315.461 0.876
477.091 492.400
245.730 174.693
31.507 188.630
371.826 180.046
412.538 262.535
259.525 417.724
198.111 45.531
270.179 418.405
309.847 100.546
11.019 281.573
476.482 444.326
111.178 176.245
481.123 241.747
400.472 395.384
238.858 485.553
213.549 21.098
331.825 160.554
233.838 9.607
70.224 50.310
450.071 28.553
479.854 170.350
122.192 271.449
117.199 125.680
52.855 248.339
492.593 322.652
200.173 183.037
258.422 242.803
47.654 347.629
259.729 140.240
179.822 377.846
98.782 299.218
128.944 351.731
429.814 429.490
327.504 154.998
112.829 237.389
412.430 343.749
65.836 223.229
110.030 100.208
499.373 344.874
257.093 152.084
471.267 375.986
368.787 222.945
141.399 369.993
295.254 287.613
178.043 290.310
399.529 25.177
454.667 389.301
324.470 304.778
42.689 29.404
23.783 0.090
338.775 299.271
215.018 117.044
327.945 310.676
228.574 140.798
28.740 404.879
266.952 38.048
418.664 234.828
297.106 493.986
77.275 334.790
159.383 54.671
410.223 359.316
417.089 248.435
75.085 82.410
119.593 433.836
169.445 5.505
403.021 333.798
418.836 128.216
243.820 201.727
127.755 74.861
53.467 245.602
264.975 347.723
129.134 299.478
470.591 161.171
34.756 32.083
208.797 496.337
52.923 44.183
120.462 465.414
171.836 482.386
312.297 206.796
53.768 302.290
264.021 206.644
420.512 203.807
317.406 139.402
369.729 279.795
30.568 71.588
241.246 479.961
131.757 436.465
199.286 271.432
132.279 291.221
21.636 414.027
87.225 235.736
75.009 162.106
146.668 65.109
84.018 425.571
294.452 97.619
187.800 285.292
453.092 237.366
298.657 178.784
278.482 315.887
375.424 126.681
211.255 99.443
386.083 18.383
466.362 97.645
439.646 474.790
11.193 391.145
398.488 118.995
58.166 438.742
32.512 221.844
284.494 496.408
108.040 405.158
276.171 336.792
108.363 225.046
191.048 225.991
366.087 437.470
260.843 41.998
325.122 111.111
188.274 221.321
498.522 304.590
208.543 330.408
289.695 396.570
80.371 432.875
150.245 111.822
34.943 360.602
402.767 407.570
424.600 224.249
244.172 233.425
453.873 20.267
237.255 219.353
88.082 351.529
48.704 212.198
478.236 44.272
56.488 357.612
423.876 292.612
285.129 20.026
472.606 118.083
256.896 29.754
241.987 414.351
396.935 78.434
102.565 424.363
332.330 200.012
440.206 64.894
304.102 138.384
243.152 173.759
459.808 414.100
17.044 214.451
361.875 179.286
202.703 151.034
21.279 396.273
25.990 452.634
256.973 496.826
207.720 78.340
150.064 358.161
292.713 294.794
73.148 394.071
370.262 201.730
498.833 454.289
184.146 234.815
263.340 259.612
324.179 65.242
228.243 380.335
379.941 485.254
431.645 137.666
141.534 287.841
30.232 486.289
134.458 286.981
473.997 31.906
73.123 185.085
180.222 20.467
86.117 281.396
89.314 397.936
233.409 92.274
212.680 176.348
91.231 46.512
320.677 293.745
13.085 346.672
280.737 459.355
68.352 384.804
228.069 48.854
382.343 431.117
145.095 247.152
449.210 359.335
218.129 102.727
275.728 270.682
16.729 472.395
291.521 273.831
490.980 423.179
63.010 77.490
447.722 152.724
63.957 85.851
282.422 114.637
220.633 191.990
203.460 93.946
460.454 352.081
434.866 413.176
69.358 297.077
289.961 164.896
156.408 233.728
112.480 150.520
75.800 138.207
161.166 482.319
83.120 89.466
278.492 27.749
225.570 473.289
18.740 277.018
334.465 324.959
364.142 465.246
363.616 290.079
5.495 353.728
151.321 469.730
54.988 497.910
29.079 168.048
201.960 300.320
17.189 56.948
147.820 12.653
99.821 103.918
206.605 346.643
437.343 121.349
427.228 102.224
41.472 273.680
180.028 440.501
135.611 314.495
211.429 8.535
377.740 38.369
157.379 44.282
442.283 255.796
211.265 344.285
447.365 209.422
146.375 414.999
82.333 116.341
359.422 122.016
150.351 300.641
91.083 381.749
260.984 52.897
339.462 233.465
461.730 411.833
263.552 338.707
387.998 400.265
136.700 173.967
321.831 168.193
459.629 205.236
461.770 186.205
341.109 222.286
120.742 196.917
433.249 81.251
436.685 279.533
367.590 434.504
382.665 306.773
340.162 455.338
267.413 328.914
9.170 467.656
493.996 479.839
236.075 363.110
110.217 34.283
56.457 111.334
62.110 240.714
325.610 2.578
356.591 50.614
110.246 470.322
166.700 405.314
54.367 282.134
272.882 398.997
404.878 257.252
485.307 61.535
5.674 255.369
192.503 362.902
461.618 153.830
234.345 297.156
412.703 386.328
477.849 455.679
56.316 304.648
199.584 435.960
192.579 358.025
137.646 103.747
407.506 93.456
387.196 305.782
357.676 430.465
49.231 158.394
421.259 223.939
189.523 188.791
288.770 50.790
476.022 345.384
469.229 380.669
336.570 452.821
120.916 162.009
132.257 375.450
459.690 49.943
137.381 387.112
202.259 175.894
117.711 442.251
173.001 420.398
433.047 387.718
351.345 99.706
135.154 384.884
228.432 225.563
450.673 412.446
114.178 253.464
167.935 147.427
91.357 352.248
180.866 78.865
316.115 483.555
367.379 100.817
187.585 498.296
228.673 300.864
356.791 415.448
307.070 231.633
132.729 377.684
397.721 173.424
303.847 207.968
184.478 17.258
365.974 280.227
417.275 389.214
108.848 83.622
338.207 90.236
268.033 205.270
65.465 157.673
269.091 211.783
110.433 111.983
393.023 217.119
493.043 278.607
373.496 202.291
145.531 412.897
275.661 380.213
230.640 217.823
82.975 118.057
132.217 78.108
331.336 159.120
380.324 493.237
17.333 405.644
250.295 272.796
31.527 148.118
179.269 223.359
358.876 398.650
49.879 432.134
334.519 174.895
283.391 153.917
482.803 217.361
175.828 343.134
295.361 198.503
331.894 168.166
364.216 191.649
273.768 463.895
