459.049 60.752
392.830 491.418
238.354 378.348
483.856 57.508
349.415 94.392
236.258 382.076
415.302 187.126
188.538 234.584
180.104 161.680
424.685 406.479
172.735 389.672
6.704 179.399
437.144 469.144
196.431 169.874
119.153 425.865
296.740 385.364
147.973 174.931
65.405 283.076
470.771 160.322
216.137 365.360
223.793 44.342
93.784 171.215
186.046 196.524
450.909 128.476
468.356 236.770
456.633 318.420
147.153 172.049
297.809 36.393
277.162 448.446
439.248 382.251
329.622 448.297
169.165 216.024
137.790 44.358
25.103 349.164
122.952 430.218
51.825 97.574
409.399 399.402
493.284 326.343
349.703 229.116
275.104 227.189
256.869 88.357
315.582 448.963
196.560 92.846
30.770 132.323
92.130 129.745
150.923 172.257
240.751 104.747
388.688 377.521
119.614 68.482
286.310 203.259
299.215 496.512
492.339 208.885
443.416 442.979
4.049 296.908
348.067 243.308
399.127 189.641
91.991 364.719
121.264 149.070
451.224 73.891
109.158 391.734
188.329 217.591
41.322 23.770
308.483 69.702
182.106 245.523
334.199 127.185
367.228 273.672
368.449 118.158
270.256 31.843
266.233 160.018
210.577 276.680
268.937 70.891
203.524 330.787
102.287 183.991
40.022 360.029
478.549 231.550
352.787 237.356
489.900 439.819
434.805 150.852
85.626 235.130
148.294 201.943
344.345 373.587
299.022 20.085
397.654 333.171
485.080 163.898
278.801 62.580
276.146 27.486
54.828 310.039
41.489 200.925
53.595 156.281
256.918 474.772
263.051 430.981
121.805 251.728
6.112 91.220
150.839 114.245
127.975 198.709
313.303 51.470
452.065 236.904
243.639 377.214
216.659 288.464
137.443 296.106
60.661 409.589
488.559 488.811
50.622 145.283
366.900 170.652
56.381 360.409
331.464 226.539
365.082 347.196
194.459 100.465
180.595 187.905
264.369 257.065
65.897 81.101
315.356 263.078
123.304 295.095
483.111 57.264
347.983 498.754
433.105 421.906
389.285 272.850
283.268 38.060
362.191 88.148
68.901 470.520
273.500 248.877
256.774 253.589
365.527 96.461
106.948 73.690
269.340 242.833
398.363 110.235
106.055 419.530
385.079 19.366
344.185 253.359
203.392 311.684
457.222 45.936
185.972 25.765
387.002 289.982
441.384 263.928
19.108 498.573
347.608 457.282
246.714 96.421
274.894 407.766
27.649 153.878
40.549 461.677
196.265 255.760
265.262 477.146
400.531 134.743
247.208 218.061
360.389 397.958
464.513 51.652
485.539 237.096
150.952 100.569
261.411 493.021
246.218 45.693
345.921 323.128
415.348 394.640
477.006 439.833
22.218 453.453
94.478 464.228
266.564 145.415
116.477 76.457
311.584 467.279
198.913 73.328
444.537 414.867
87.312 137.646
449.853 37.159
496.938 239.502
474.814 142.580
281.516 399.107
428.154 411.713
268.725 12.221
258.870 284.211
334.562 235.477
443.104 207.501
360.277 461.608
221.085 488.709
443.308 380.438
292.237 157.469
128.954 408.078
130.976 327.024
404.402 436.407
338.756 187.155
95.694 126.350
20.257 484.960
159.451 242.687
356.892 155.394
292.852 65.778
470.604 327.575
371.261 96.310
193.500 266.986
413.335 429.002
218.697 273.162
102.966 427.326
32.474 118.426
75.951 310.164
254.740 383.024
293.620 490.108
470.506 43.497
155.562 478.401
373.058 319.551
397.450 194.092
478.132 76.721
367.943 228.497
272.778 485.826
90.438 113.063
418.404 122.601
329.738 244.602
67.996 348.367
314.459 245.737
314.670 263.772
112.735 329.440
214.265 68.400
215.290 146.654
331.683 117.941
258.763 489.903
312.635 181.128
380.960 100.704
270.470 120.825
186.304 149.828
60.748 270.622
279.048 139.975
121.385 381.662
452.574 292.786
149.869 205.124
486.746 437.592
329.109 20.619
150.841 169.914
145.203 457.163
123.363 425.944
107.057 67.135
302.232 457.721
119.269 228.914
308.829 167.291
115.160 390.429
167.792 285.519
227.428 114.551
130.166 231.442
167.673 209.425
256.760 240.867
452.243 387.780
137.908 186.580
164.644 330.664
385.452 80.115
65.713 4.015
79.857 229.832
244.914 127.137
121.808 483.470
128.439 476.778
184.781 371.708
440.546 381.235
172.578 47.227
428.650 407.527
470.950 68.075
340.631 18.100
469.326 49.715
6.322 276.024
185.779 343.883
398.865 115.772
102.388 468.247
476.442 254.730
37.251 342.359
470.065 185.542
258.057 174.371
57.885 367.274
101.151 206.480
11.089 474.496
252.434 249.923
184.565 211.210
124.138 3.035
241.310 445.456
462.922 231.678
99.001 122.742
36.969 95.609
391.224 350.384
412.450 442.402
198.997 421.348
370.319 285.028
369.833 3.030
50.831 356.592
275.285 398.339
325.749 94.105
192.318 253.197
22.988 43.670
147.361 159.560
360.663 148.483
88.585 13.195
14.114 422.003
182.490 15.740
498.357 293.661
203.671 119.446
233.991 48.531
264.894 21.481
429.350 238.705
67.118 130.837
494.304 318.293
161.836 286.618
87.779 260.654
262.745 38.352
369.662 147.721
434.123 404.795
235.149 76.129
341.914 2.659
421.176 188.415
100.721 284.536
240.760 441.700
427.635 113.727
15.656 56.343
304.734 439.509
124.769 106.511
464.434 200.401
273.610 379.333
39.867 342.618
227.412 320.587
148.882 45.437
230.800 485.713
23.111 156.332
100.278 413.532
292.551 199.238
248.139 257.549
32.105 283.508
3.456 212.478
393.732 5.298
156.971 407.291
276.612 334.518
167.537 190.021
223.451 45.367
308.927 203.734
19.453 113.445
236.902 74.449
227.151 117.258
231.185 331.113
158.430 306.651
158.816 268.022
381.899 472.811
116.816 221.779
140.664 284.388
116.801 396.721
382.997 60.682
340.880 401.366
436.103 5.551
238.733 338.428
133.974 101.811
126.124 271.310
190.228 201.413
278.667 192.374
288.803 318.970
196.434 432.019
249.915 323.940
495.576 49.756
205.784 260.599
374.212 198.385
111.908 51.533
222.239 358.370
376.537 316.618
38.416 107.773
107.148 495.536
241.970 6.337
260.761 12.821
76.598 225.314
239.638 435.004
408.090 498.008
477.565 343.757
384.439 443.093
273.490 307.274
487.397 227.104
198.253 133.876
303.043 173.081
343.943 116.764
121.265 465.023
166.624 231.403
256.489 105.906
22.064 404.740
308.048 301.521
464.008 27.773
460.742 253.009
121.507 158.982
228.945 232.473
188.166 76.853
402.543 208.727
129.159 134.562
84.599 79.881
361.686 25.297
474.311 355.003
86.297 318.287
96.050 369.537
262.561 297.600
192.941 406.946
449.603 52.722
83.168 415.017
42.346 480.298
80.578 347.142
375.514 324.465
115.259 369.183
456.858 309.629
242.764 349.395
295.948 465.956
99.281 408.455
420.573 91.875
13.349 287.716
66.444 25.203
285.373 8.774
463.296 350.124
342.634 206.934
167.212 271.644
270.953 455.857
138.367 150.782
167.183 212.525
140.799 200.074
389.133 28.030
221.446 286.281
415.153 477.584
4.795 97.962
76.421 499.184
76.895 68.695
77.743 151.674
306.220 27.237
288.069 423.973
386.887 69.775
403.893 10.506
286.029 123.481
51.511 72.496
443.998 460.814
412.986 309.346
148.281 13.159
399.089 252.410
154.310 213.766
374.197 270.862
450.792 209.853
9.361 107.824
138.623 202.157
314.554 130.776
71.958 287.688
98.882 241.723
329.339 381.789
400.585 315.343
214.250 338.505
41.732 159.464
14.767 392.062
5.110 318.642
80.443 422.126
157.338 26.778
67.173 386.469
470.360 287.279
460.494 282.561
485.766 161.979
306.164 405.522
375.442 282.466
454.543 270.271
142.889 87.173
443.956 147.140
83.267 151.971
269.311 434.289
143.159 397.697
430.308 63.896
499.285 6.388
420.633 222.989
392.387 188.091
42.013 397.259
494.740 119.808
353.918 339.182
209.377 185.345
465.060 227.007
451.170 489.725
249.527 221.434
110.483 147.589
270.585 456.622
165.405 144.092
344.284 82.449
461.338 313.742
497.141 429.437
488.266 46.010
249.991 446.151
429.977 491.045
185.678 127.988
268.642 38.382
166.638 257.172
330.386 199.863
307.178 190.427
23.130 241.065
306.316 189.362
455.293 232.568
52.649 309.040
182.910 348.667
383.086 39.098
304.814 280.235
198.103 88.153
91.762 70.394
490.376 17.045
165.548 136.242
437.893 58.427
293.465 437.265
414.584 48.243
134.988 152.713
29.435 171.445
85.603 468.180
408.397 199.211
239.140 147.505
243.903 282.741
3.478 206.277
62.514 493.118
39.507 185.102
320.921 135.877
443.772 108.316
484.815 73.627
292.861 48.048
483.657 155.890
128.700 119.793
243.385 433.133
273.372 206.231
64.176 162.714
152.020 103.983
225.107 498.966
273.401 288.329
216.279 487.036
459.362 376.125
292.346 2.787
32.239 395.735
324.197 282.268
486.387 134.934
304.574 319.000
70.751 297.290
314.759 219.677
200.304 120.322
380.962 386.942
93.403 171.835
397.967 214.727
465.847 110.026
486.709 169.130
328.941 142.070
404.685 305.896
333.188 107.354
189.295 426.849
460.103 377.599
318.095 149.379
102.965 134.617
152.144 458.570
262.305 274.908
318.331 226.176
394.056 23.724
66.926 258.778
403.302 103.652
194.056 426.186
76.123 174.498
119.645 171.321
174.728 227.698
273.147 24.298
197.313 273.976
97.752 13.943
320.438 476.814
211.088 147.585
366.634 332.763
48.082 6.534
122.049 124.441
95.682 160.174
218.471 22.967
113.337 50.785
318.388 443.791
25.302 369.413
10.938 403.049
14.824 480.535
65.185 297.476
288.320 350.890
277.311 255.286
254.626 222.431
127.097 194.573
55.731 353.307
72.584 484.370
58.781 135.661
390.973 90.575
396.815 161.405
49.672 18.347
354.906 341.250
179.290 322.019
441.903 473.774
156.340 153.355
489.772 276.419
58.047 95.220
454.347 465.741
146.044 445.314
343.870 146.836
313.111 97.755
283.530 345.325
111.847 256.314
32.718 480.341
247.574 385.354
468.408 489.371
364.903 141.795
261.161 189.238
285.498 92.169
412.385 34.626
268.779 4.485
53.976 109.821
375.883 22.240
17.460 438.859
248.592 457.298
88.692 51.070
176.767 420.025
470.059 94.418
321.499 100.983
409.732 24.195
455.935 40.160
59.022 5.050
408.074 486.099
87.112 30.239
249.549 363.451
261.252 51.092
215.140 464.076
459.014 271.483
13.997 117.801
487.422 155.101
10.019 463.240
454.005 71.283
387.324 283.989
227.115 393.568
126.277 300.219
165.629 413.846
408.058 54.823
364.483 391.721
40.725 136.106
279.274 373.160
136.602 213.192
171.740 24.461
3.739 400.579
216.069 350.780
18.049 404.419
233.277 203.066
299.469 213.072
103.575 380.075
453.750 242.761
