356.543 73.362
278.294 107.101
409.663 228.456
357.594 356.609
271.307 468.645
6.022 455.291
226.549 248.482
446.300 360.342
453.108 242.130
216.877 67.392
218.437 203.159
41.831 75.828
399.186 428.620
104.726 77.740
429.721 405.630
192.617 267.692
59.187 194.295
175.261 70.996
70.567 62.555
343.258 406.785
495.154 178.956
421.414 272.659
234.414 144.989
427.824 27.033
126.171 364.644
160.760 401.320
391.095 374.695
462.224 337.514
23.474 401.532
410.319 10.725
149.608 454.996
476.576 122.920
174.695 413.771
25.588 1.220
339.222 340.567
25.206 456.761
495.256 173.835
380.504 86.539
387.496 250.687
475.449 24.952
11.808 89.191
6.442 209.693
321.951 377.799
83.973 265.688
169.222 352.521
140.813 260.643
317.710 115.848
470.214 489.278
122.380 151.551
249.306 191.509
335.563 97.285
170.532 301.896
269.528 329.760
298.325 391.158
271.414 147.923
347.727 131.627
308.938 17.153
204.384 341.028
430.315 477.361
193.682 70.910
6.300 461.191
33.766 176.942
488.208 159.486
284.904 342.328
93.056 434.842
371.857 117.920
180.599 374.367
164.786 149.043
462.647 36.953
217.766 336.078
488.166 395.060
390.258 148.651
38.906 362.798
49.289 241.782
161.892 430.835
221.815 337.894
261.355 28.143
495.242 114.249
485.840 317.159
213.382 131.087
54.691 382.328
86.630 322.538
245.242 235.474
55.425 256.680
238.509 42.632
252.461 249.602
370.981 228.738
428.861 226.016
337.416 420.838
386.252 472.786
120.774 20.184
52.222 341.459
53.532 93.731
238.403 43.685
93.206 233.387
43.439 327.394
134.398 447.644
58.638 127.300
401.223 87.754
398.787 404.063
346.345 68.828
299.165 493.635
152.975 254.472
54.697 78.273
346.349 490.471
110.897 142.146
36.046 207.412
53.684 156.708
434.750 124.284
70.373 208.931
341.034 313.721
107.563 406.143
263.674 115.420
476.119 358.810
25.787 263.140
205.031 382.476
21.680 489.475
454.193 412.053
250.146 185.904
59.837 363.998
27.039 426.048
179.424 157.668
391.029 196.506
259.446 157.664
360.848 429.037
312.718 376.179
82.620 78.385
259.686 424.685
113.480 185.434
290.026 486.713
417.185 309.453
192.804 46.035
105.264 328.999
5.251 426.867
295.710 264.215
7.163 184.357
2.238 16.427
207.123 73.166
392.078 326.756
410.745 26.919
223.553 482.771
332.803 35.489
206.680 135.795
498.210 81.747
499.728 315.902
271.813 163.028
283.040 447.687
113.110 431.357
108.608 159.780
356.129 438.849
200.089 388.238
208.268 478.604
126.529 76.526
378.535 50.084
48.651 346.704
134.059 190.925
364.675 6.014
147.997 299.270
182.653 196.675
460.951 24.007
264.217 338.086
228.969 120.209
37.440 191.903
409.784 109.627
191.119 180.918
131.876 167.395
455.910 21.302
304.574 258.016
245.988 274.824
475.902 377.906
392.869 180.372
496.001 269.576
206.774 388.192
74.842 176.704
396.898 56.516
329.541 100.499
14.596 426.823
260.537 323.529
308.571 398.640
438.976 138.868
325.561 480.975
279.255 136.126
350.608 305.282
151.779 95.744
490.922 460.687
197.500 214.164
186.366 135.011
127.461 42.747
493.011 276.342
273.528 376.876
355.570 272.067
71.995 426.698
122.466 155.549
69.066 194.784
307.420 70.684
254.643 108.977
50.175 465.632
378.697 38.200
296.993 444.331
188.000 460.464
331.135 27.765
440.672 353.553
18.275 495.978
476.334 369.245
224.197 136.615
449.810 449.902
278.556 280.001
41.797 165.414
254.989 355.327
347.189 351.411
488.114 212.178
224.812 324.128
426.846 90.730
82.101 95.383
457.108 150.081
113.601 165.727
448.004 425.092
407.323 292.975
6.533 360.235
330.309 33.223
477.199 204.332
303.934 7.775
323.081 248.044
334.556 54.666
373.126 490.676
173.818 85.723
91.339 330.332
439.136 244.686
333.030 109.530
189.095 228.911
461.597 259.333
274.144 347.289
195.815 228.293
379.724 427.159
169.833 113.912
256.378 342.192
146.256 393.805
13.431 186.611
215.465 288.254
272.954 304.215
146.395 355.446
64.222 263.129
208.897 329.930
3.819 98.785
290.723 357.553
252.445 63.117
296.475 492.590
244.893 483.171
296.313 74.447
100.186 353.611
198.864 382.767
419.390 380.291
374.864 104.159
468.537 422.394
327.422 302.264
373.684 89.203
431.371 97.058
360.109 356.983
384.722 436.232
8.801 88.028
491.913 130.665
76.956 137.384
322.390 158.579
94.609 339.202
83.663 136.858
127.631 496.930
263.582 423.304
432.126 30.822
475.087 242.902
419.117 290.421
436.268 340.707
188.304 203.141
114.715 74.094
150.288 304.701
241.041 121.719
239.070 233.636
457.325 408.105
73.756 369.347
347.630 153.152
23.533 467.032
240.187 132.300
435.925 271.216
289.397 269.484
388.580 396.014
55.686 496.742
258.990 327.474
53.492 357.707
130.664 5.549
306.059 228.502
279.229 222.758
347.325 436.312
171.404 230.907
23.492 375.231
384.802 152.423
399.955 486.349
294.711 132.993
17.230 356.635
473.266 332.353
114.389 303.956
417.541 66.819
493.162 37.938
45.662 471.621
70.216 354.522
454.843 278.099
66.797 47.163
44.071 453.480
480.760 108.372
106.435 422.660
310.551 429.468
438.806 60.504
214.560 191.533
186.111 392.849
248.234 499.054
384.190 482.265
408.566 336.195
451.393 217.044
269.383 237.499
256.122 395.277
355.852 189.932
318.203 43.782
453.755 59.610
264.958 188.557
183.187 330.513
372.261 108.417
150.199 181.907
69.521 239.505
227.685 273.940
419.046 128.088
421.530 187.795
141.569 95.857
11.113 408.751
217.044 325.168
22.003 335.618
204.880 232.232
76.920 216.093
60.868 381.154
140.014 294.120
78.244 35.117
113.845 196.170
224.849 74.216
109.944 173.862
495.521 358.667
139.325 475.581
367.057 28.927
252.549 370.131
329.937 322.127
157.316 295.388
357.258 1.895
232.267 134.273
427.015 149.732
402.647 262.035
273.362 375.519
114.536 49.492
495.932 302.517
324.537 35.425
399.149 407.876
388.055 350.417
86.965 282.303
415.991 390.935
44.109 291.408
399.942 123.787
497.944 493.035
164.859 27.157
109.493 183.487
25.097 307.814
120.085 112.770
361.843 286.720
145.323 42.718
471.146 187.382
332.525 283.652
147.170 450.798
446.296 96.950
182.547 154.107
118.222 134.016
158.636 42.251
401.498 467.447
131.349 151.972
392.283 81.314
58.787 267.816
249.307 209.500
281.416 269.927
88.231 291.685
98.815 181.384
456.860 476.547
160.346 345.179
312.210 447.689
233.158 326.554
399.240 198.360
258.448 274.604
419.654 300.125
493.871 69.005
354.327 338.761
404.867 22.585
442.334 347.228
457.217 320.026
121.320 28.491
259.227 436.260
130.680 313.385
481.700 265.209
496.804 143.975
220.856 101.273
178.227 489.316
336.508 242.628
25.426 309.736
476.287 336.862
444.472 214.203
147.961 279.604
75.747 399.492
398.452 71.510
231.305 461.673
284.428 251.804
286.016 82.734
152.637 314.960
159.156 224.613
348.264 311.864
398.148 182.904
476.010 267.172
350.191 328.263
388.184 169.587
200.036 457.664
91.735 122.136
91.795 59.200
153.738 258.092
164.789 393.853
282.514 225.209
34.792 364.917
420.662 56.358
70.883 419.564
84.210 96.698
74.686 234.682
41.372 385.538
77.868 32.497
315.828 479.886
342.665 87.777
397.290 266.010
143.013 401.566
239.841 360.567
9.175 66.105
169.001 470.475
164.765 46.534
484.803 167.116
111.828 122.019
42.300 199.431
303.410 391.118
162.054 202.629
386.305 311.347
442.763 179.172
81.444 9.554
383.596 473.407
252.006 410.569
446.833 331.090
454.717 474.829
218.436 495.858
214.455 123.272
185.603 417.401
360.645 437.155
52.938 462.274
175.535 62.040
42.521 22.937
95.516 60.786
51.032 174.021
186.478 289.040
175.412 82.090
114.749 428.731
446.373 183.181
252.470 399.485
57.165 45.279
257.399 59.141
331.582 404.177
10.066 101.091
490.501 14.477
446.796 450.038
479.352 8.623
111.540 40.559
463.541 8.926
178.773 354.471
443.447 427.203
34.955 436.211
283.369 123.738
495.749 127.710
332.050 261.461
208.388 444.909
398.595 208.908
65.636 360.970
238.480 314.183
65.403 92.614
96.453 455.226
497.155 112.055
36.949 377.894
268.861 27.892
297.203 75.814
126.117 90.478
399.933 198.918
65.700 478.404
172.973 95.592
499.406 452.275
298.807 177.255
484.331 331.129
390.070 291.215
475.668 446.735
54.263 162.635
245.170 181.094
469.026 234.428
402.593 267.120
175.917 396.249
261.318 145.043
188.058 247.044
47.881 197.657
166.053 481.584
139.401 467.164
98.944 370.263
171.741 353.191
445.209 204.631
446.360 209.219
116.687 134.028
423.636 350.583
146.533 421.096
130.472 367.054
82.872 380.218
255.807 76.831
361.798 425.302
383.839 120.558
305.113 74.285
228.701 93.467
202.746 240.568
366.398 369.308
34.267 238.465
334.247 80.812
474.776 303.386
441.109 406.381
494.298 58.040
215.363 107.589
361.040 441.360
280.488 378.292
152.178 426.234
217.534 15.167
110.859 252.698
498.727 226.051
416.226 145.928
173.458 255.671
88.722 30.061
328.772 439.843
483.545 70.157
404.523 111.798
488.769 408.078
290.174 322.791
95.169 496.772
470.706 42.696
48.304 292.992
387.484 309.823
286.457 412.342
238.635 132.983
485.636 362.667
23.327 444.156
27.368 140.185
339.152 44.619
78.955 21.699
246.076 312.610
248.927 474.778
382.245 322.724
55.218 227.521
444.270 37.464
63.517 323.119
461.774 300.273
138.189 221.404
493.889 448.958
165.341 55.638
382.330 212.911
361.896 451.770
413.340 75.885
27.034 25.663
162.590 87.676
410.123 495.068
47.444 465.756
381.313 222.023
346.130 150.939
349.780 6.850
256.057 258.218
457.593 298.944
83.846 151.993
454.088 483.655
419.079 396.195
324.279 135.173
402.917 243.181
39.258 26.514
190.777 311.207
382.215 132.132
81.526 144.159
324.716 102.444
429.553 415.278
145.309 81.540
287.551 75.601
290.170 227.359
442.880 395.648
279.059 481.745
414.033 466.632
461.152 468.262
191.013 410.238
327.920 210.155
5.118 88.589
172.966 170.208
219.037 26.318
206.143 57.474
62.053 377.638
448.251 475.323
268.964 124.159
167.697 474.396
56.750 293.759
360.626 139.096
257.378 190.310
261.206 140.108
466.690 376.078
384.004 274.409
77.554 487.936
324.941 213.551
85.989 170.147
265.304 51.250
114.424 252.114
472.160 286.744
150.773 304.611
199.352 115.543
160.965 121.109
196.508 374.398
308.752 401.662
258.348 47.049
