343.160 97.732
235.654 393.228
330.474 412.298
485.395 437.904
485.557 436.482
165.835 282.384
461.869 424.053
133.791 307.118
86.730 434.304
92.082 296.642
33.217 93.237
485.547 349.220
237.497 132.709
349.634 298.381
454.830 56.752
266.885 39.247
47.350 221.262
119.518 112.689
427.749 326.898
45.993 425.065
427.633 305.235
222.383 156.981
55.539 225.718
114.432 121.298
319.456 54.707
100.876 153.174
151.109 113.145
347.436 79.192
430.582 386.967
19.983 480.650
169.554 453.096
113.964 304.197
426.424 61.079
66.813 378.454
444.940 401.592
383.454 22.373
102.982 465.724
431.116 405.120
65.398 176.622
479.896 181.448
419.791 393.121
206.303 392.914
236.601 230.749
43.766 373.157
484.756 338.522
109.198 214.836
495.351 289.197
201.944 346.138
254.594 339.575
96.391 295.843
287.869 231.126
173.257 163.078
192.867 446.620
464.109 25.821
1.982 321.232
326.411 251.057
38.397 204.528
344.956 47.581
337.974 425.991
153.541 290.686
118.146 176.685
343.674 259.288
419.858 345.980
158.453 348.857
3.836 305.630
301.502 215.465
271.566 240.688
290.417 90.737
76.199 426.887
373.028 422.150
402.133 245.593
306.696 66.698
393.546 162.044
293.886 140.759
256.572 303.920
447.219 398.959
125.637 36.760
240.220 71.521
333.908 178.840
388.132 70.205
468.310 155.286
4.555 472.871
337.676 58.825
409.582 193.334
238.090 43.452
243.478 388.255
261.061 345.735
270.032 381.376
467.912 319.212
334.818 373.423
79.922 357.268
70.024 427.568
109.679 264.445
27.149 410.586
54.032 488.307
129.417 201.519
215.366 269.751
22.564 348.479
478.109 110.458
139.933 284.112
61.156 480.056
178.129 68.164
394.940 400.916
83.687 372.983
359.475 205.049
48.412 360.611
404.875 359.084
133.260 245.157
470.640 107.243
183.854 24.107
242.828 157.650
125.851 175.601
72.458 5.129
29.260 390.175
157.037 362.681
111.559 196.116
341.043 298.511
42.775 139.407
83.874 497.171
60.478 88.684
252.804 361.335
363.706 252.728
351.690 16.056
446.094 13.254
389.939 31.985
443.607 78.750
135.327 133.172
389.175 298.183
284.347 487.592
8.623 230.982
192.038 209.386
169.877 11.480
230.044 17.573
300.536 185.159
428.432 191.564
236.298 397.939
241.202 135.547
336.817 94.569
116.307 240.830
232.348 385.944
158.569 185.692
477.988 237.225
232.424 224.962
168.459 109.226
326.371 426.687
310.337 350.208
253.796 284.988
141.442 350.611
229.126 20.373
372.801 351.377
281.735 285.743
7.431 228.855
415.601 146.823
348.816 140.809
265.345 32.595
234.126 363.410
128.084 408.436
87.762 459.699
95.365 461.682
216.687 78.399
150.548 345.676
246.982 322.569
429.363 228.227
375.633 239.203
387.148 0.307
39.333 470.956
305.556 96.336
412.432 244.130
237.226 419.290
94.954 444.008
154.776 223.844
137.505 233.075
443.650 305.307
337.791 277.369
181.071 270.422
365.291 63.684
140.748 143.706
327.301 256.378
414.721 396.690
487.994 215.070
19.265 220.201
462.574 412.856
13.099 99.242
227.916 40.997
170.078 322.738
293.656 330.248
57.684 211.196
378.668 290.755
75.738 292.864
232.526 162.280
242.397 80.543
321.159 154.394
404.894 382.203
345.876 141.935
266.075 430.372
294.436 178.436
73.352 230.336
326.066 393.813
243.661 224.939
401.764 225.003
219.150 152.618
329.161 131.562
335.847 231.193
48.412 167.434
313.249 343.180
344.556 13.225
403.624 423.119
387.135 35.370
433.405 480.406
364.641 162.804
162.002 462.911
14.884 200.779
468.347 91.072
343.477 288.949
253.638 416.458
138.476 107.471
40.539 334.459
256.600 453.696
221.197 460.026
334.882 360.380
244.088 499.573
332.852 312.560
314.818 421.288
466.742 220.413
421.909 299.976
429.883 175.759
383.693 437.193
158.116 356.991
142.300 12.623
435.659 257.342
242.964 99.258
76.040 155.771
436.376 368.200
117.206 298.963
36.713 12.684
305.854 344.186
441.496 293.380
200.042 48.063
325.480 494.432
259.872 452.689
486.439 379.647
204.838 153.480
195.172 360.139
119.350 49.502
376.417 273.329
311.775 336.708
287.915 375.453
166.159 206.650
170.796 74.673
137.127 238.652
183.353 341.696
208.817 54.420
4.827 257.415
237.111 296.406
344.504 31.826
313.483 465.134
69.824 235.168
318.585 202.926
11.833 370.210
214.877 319.207
75.011 488.459
71.947 14.902
269.850 35.467
295.942 453.817
399.672 365.953
272.018 240.779
93.415 329.552
257.733 385.606
217.564 46.861
115.204 346.575
12.501 410.862
70.528 164.442
1.539 85.003
460.843 351.946
346.444 95.729
272.893 17.347
489.323 346.205
365.498 9.269
494.561 417.840
162.459 298.174
438.174 358.335
318.176 222.688
363.824 71.170
472.701 192.951
340.963 72.155
393.728 439.101
372.671 145.876
361.487 473.449
362.440 59.893
16.358 284.658
348.907 449.217
366.365 15.269
11.342 499.662
96.343 309.263
127.281 419.265
5.502 458.298
296.266 168.258
325.179 452.621
480.447 39.549
240.592 334.105
99.194 151.527
28.277 141.106
392.690 303.050
157.221 402.869
48.530 117.448
14.167 269.005
2.823 379.775
284.549 392.949
186.399 376.958
485.372 351.939
468.813 199.160
357.681 215.728
424.103 316.139
94.022 406.511
466.627 69.737
311.842 263.836
228.470 164.869
354.190 493.993
396.350 163.461
473.541 34.984
294.371 101.161
306.482 190.858
469.166 238.630
269.876 475.074
372.207 363.218
364.637 435.787
279.727 456.766
476.293 40.256
198.418 465.503
225.303 462.426
163.518 244.924
432.529 474.519
117.964 175.703
312.919 0.385
66.410 20.226
181.870 226.303
361.365 259.278
490.590 2.799
420.185 111.630
361.942 363.325
178.063 212.166
123.995 275.710
330.587 82.986
455.781 227.858
62.405 168.184
11.227 70.875
332.877 473.668
320.999 276.216
236.786 77.403
46.517 73.972
251.898 243.186
191.719 87.717
239.503 271.587
456.859 355.717
364.705 30.798
394.290 362.368
305.290 492.505
304.991 343.796
117.259 365.111
28.007 404.645
353.823 134.368
342.497 273.797
102.299 467.436
384.629 208.410
40.956 468.805
252.692 333.762
308.638 143.750
399.231 406.132
369.568 169.652
258.995 121.150
231.925 268.861
99.186 326.877
90.083 168.486
89.731 181.035
27.284 212.825
39.297 380.005
259.140 107.694
327.356 203.728
307.319 366.635
315.128 387.148
39.710 170.105
406.273 91.185
247.208 162.407
392.296 450.753
19.964 58.733
488.522 449.855
46.800 122.528
376.283 451.956
483.208 241.709
499.351 139.356
369.338 183.952
139.606 253.187
480.077 244.348
23.526 385.701
430.074 13.438
266.346 171.731
26.154 374.367
173.437 319.172
419.100 3.646
219.118 373.005
261.235 191.542
412.824 33.043
415.744 303.798
42.694 293.855
20.604 214.120
332.556 63.538
348.455 133.170
312.053 273.481
391.214 355.300
173.187 375.603
33.698 330.754
173.121 46.768
350.262 226.423
134.086 136.446
252.278 443.513
32.715 342.284
56.471 174.668
96.744 394.510
385.137 448.808
308.773 391.926
249.918 416.794
428.743 89.070
237.307 262.333
433.048 65.530
63.961 155.181
150.465 191.089
235.565 349.171
105.824 222.595
189.358 45.641
58.167 71.302
293.219 229.054
78.789 227.623
114.041 483.145
410.926 454.399
485.168 275.369
415.589 453.889
222.365 190.710
175.773 158.649
97.201 69.712
168.196 339.650
359.868 144.257
1.533 15.844
117.778 33.142
119.918 350.711
349.581 302.578
64.211 346.331
129.922 458.026
289.448 476.551
152.967 19.547
5.437 115.969
348.507 342.994
427.122 86.765
116.576 192.924
369.018 412.762
401.371 370.797
238.166 96.878
306.466 272.978
0.340 362.878
105.248 82.100
180.373 294.287
388.476 90.221
201.163 148.124
150.620 348.994
465.490 57.877
485.848 299.950
53.581 433.133
388.044 284.080
62.357 255.252
499.984 315.440
112.235 244.907
377.075 78.294
271.735 192.560
280.685 118.990
103.061 317.980
44.982 5.841
195.221 59.443
158.411 438.802
436.303 321.422
38.438 384.632
445.792 35.647
268.676 199.729
260.336 185.529
50.603 185.933
257.656 33.589
67.326 115.034
24.670 163.492
76.591 37.456
281.901 35.572
176.288 64.789
313.129 155.680
12.269 26.613
146.260 70.829
97.958 132.674
35.170 398.336
454.196 379.717
287.397 202.235
184.632 46.479
83.257 48.749
353.776 496.785
118.733 50.626
328.612 86.595
255.161 444.224
193.444 44.754
108.872 451.898
456.468 48.284
111.691 329.208
120.607 414.677
446.351 238.579
431.599 441.470
269.136 306.906
298.815 468.613
253.858 253.631
244.241 167.802
33.737 32.613
78.675 112.070
321.297 495.227
222.386 420.676
162.864 247.055
189.033 164.864
485.430 339.790
120.759 197.899
293.117 444.997
329.257 474.196
218.181 235.623
356.944 242.254
102.256 494.872
130.913 432.920
113.167 39.224
0.226 270.885
77.240 162.332
393.686 462.949
184.028 423.860
157.324 159.650
428.562 207.488
71.038 59.009
321.286 45.187
139.351 454.055
385.121 347.727
123.848 121.714
481.304 453.881
384.476 414.322
134.395 68.569
50.216 454.094
52.903 239.111
321.192 57.008
359.449 51.522
440.823 65.074
402.295 101.936
243.144 494.511
465.888 24.179
118.285 367.431
273.684 27.940
211.692 125.078
201.363 111.481
50.449 364.733
296.987 379.160
453.692 433.625
151.540 358.873
155.818 386.414
406.138 383.759
153.641 447.452
93.451 352.035
149.082 166.043
241.108 447.646
87.807 148.787
463.987 437.500
471.926 337.401
242.275 11.708
225.902 274.335
437.238 140.109
189.816 201.643
112.201 68.688
224.620 214.239
191.771 193.592
7.356 260.380
464.146 121.709
34.207 122.167
264.069 461.599
22.562 240.562
94.966 305.682
265.241 491.196
400.449 96.561
153.860 66.001
32.475 283.509
344.083 424.065
499.639 323.632
166.321 349.862
428.933 436.761
464.800 207.542
183.571 1.493
387.154 417.365
301.533 325.801
122.163 486.437
252.664 384.272
164.920 497.216
102.446 59.896
57.977 27.599
404.727 84.160
433.724 315.454
461.225 98.760
122.438 328.730
339.315 234.069
90.761 393.874
333.907 58.041
488.341 158.850
295.532 246.159
431.193 295.984
197.934 270.014
494.136 254.419
367.973 230.506
123.599 308.755
260.412 417.143
184.202 205.563
70.385 481.250
348.366 84.166
301.741 252.228
158.994 277.719
330.769 368.155
187.834 306.437
240.563 286.217
443.829 291.525
387.592 223.044
238.996 12.597
437.516 424.302
450.259 181.094
