83.910 234.388
459.489 238.593
340.639 314.344
187.297 377.282
356.040 273.103
252.683 110.014
238.671 404.588
453.098 219.131
257.877 153.679
380.007 197.997
373.199 416.736
495.059 190.459
88.083 67.718
297.160 238.751
286.410 297.957
61.590 47.407
313.518 482.705
197.718 261.197
378.566 278.327
412.110 324.094
496.427 100.042
456.254 410.364
31.685 401.828
96.394 207.231
354.266 322.230
138.213 25.973
231.227 323.762
156.538 170.147
111.927 105.714
18.948 476.112
214.564 180.880
458.868 127.240
91.520 465.444
225.073 163.404
309.004 167.772
406.995 270.301
211.102 373.055
93.804 149.709
354.426 444.982
238.222 224.438
366.414 287.584
93.715 480.083
205.523 254.991
133.364 493.309
179.558 346.530
195.207 378.547
344.832 258.927
21.563 253.344
340.176 263.241
173.675 276.723
426.504 378.511
53.252 106.565
59.315 477.466
165.078 244.717
144.833 267.510
445.724 71.633
179.150 405.890
229.807 289.657
385.263 355.538
364.004 237.509
239.995 231.732
326.322 22.670
182.675 328.869
115.213 161.667
239.852 91.124
391.419 415.683
92.202 35.456
483.009 329.075
149.969 100.849
220.400 200.944
84.129 483.107
206.554 161.229
468.317 158.946
377.980 112.910
41.817 136.265
462.659 43.079
272.639 105.711
418.978 17.414
11.055 394.964
265.974 243.799
107.770 177.067
147.234 188.941
388.133 194.939
388.183 465.177
112.626 276.351
424.038 69.794
187.004 352.938
2.822 275.046
261.317 320.207
255.579 465.836
342.230 306.152
388.559 168.251
212.556 108.502
111.886 247.510
432.190 184.213
423.600 91.958
415.866 432.004
179.752 368.409
477.616 496.924
23.676 134.406
221.728 482.330
52.790 422.099
396.602 498.091
400.241 458.703
440.995 298.798
120.533 423.165
36.675 353.555
441.688 271.239
51.160 421.718
107.617 151.139
332.963 167.057
327.347 274.330
283.277 26.545
379.686 394.580
382.932 379.846
395.565 385.140
338.244 440.610
34.231 126.914
12.941 307.110
302.746 463.070
363.638 149.100
468.329 152.328
185.657 312.004
487.543 174.691
0.413 148.665
287.238 342.208
465.269 240.175
128.495 292.257
220.764 100.741
498.802 140.998
403.592 114.374
30.247 142.377
101.329 258.058
232.947 173.879
158.809 73.052
41.553 463.587
274.285 8.677
258.971 40.324
98.017 146.686
177.692 412.878
131.905 193.711
198.315 13.889
456.237 383.409
42.412 253.215
408.555 67.709
100.082 78.956
303.509 68.129
37.553 358.192
339.660 147.989
10.280 127.027
481.255 58.061
26.412 457.489
279.531 99.442
451.123 445.598
3.595 117.875
330.696 485.498
74.825 182.772
473.548 194.321
217.585 160.505
433.307 391.833
143.772 438.608
492.648 194.038
134.742 327.509
152.754 181.687
55.083 113.294
477.742 252.706
29.560 301.286
274.958 326.841
218.124 342.124
280.621 241.539
353.791 189.218
428.498 395.416
464.044 315.168
3.644 169.984
266.220 44.817
314.602 375.724
333.021 481.409
286.294 497.810
137.919 21.911
258.166 52.288
80.811 429.324
218.011 157.286
190.829 247.043
425.167 135.625
354.968 20.729
36.131 26.439
293.816 430.222
397.105 434.860
237.473 232.834
473.653 130.068
269.232 66.846
4.895 237.716
267.787 26.501
297.111 222.931
134.289 216.360
499.211 28.597
193.405 190.518
242.831 33.097
449.029 283.137
27.882 52.907
258.982 226.136
349.465 94.989
244.777 486.566
181.531 1.740
100.530 42.974
456.484 461.507
49.330 228.754
19.772 297.798
216.440 207.798
47.602 434.923
261.225 27.950
185.241 436.825
173.399 308.977
218.902 196.786
154.343 80.312
429.029 68.838
307.071 145.822
473.034 77.344
108.703 251.630
403.998 489.631
30.813 55.107
278.361 24.205
325.918 61.036
322.172 168.623
369.666 19.621
461.893 362.247
377.048 370.230
118.398 263.989
313.934 375.260
480.702 459.422
213.446 450.432
224.034 278.101
103.170 132.798
442.404 407.885
211.851 132.454
377.105 337.061
43.929 438.115
351.820 219.069
55.147 436.253
446.655 58.736
158.207 234.562
128.363 284.104
393.315 481.676
278.956 162.282
264.013 349.863
202.922 164.330
246.289 174.684
188.499 84.705
171.164 319.120
80.394 370.872
99.369 333.026
191.718 456.327
239.438 356.411
303.074 425.735
309.567 172.954
300.175 482.492
304.767 195.093
380.427 388.236
185.563 466.512
18.231 234.664
262.459 289.965
10.143 199.928
445.098 486.279
217.365 61.835
92.456 458.792
383.965 367.600
7.834 252.850
342.956 15.283
324.360 229.297
384.750 95.432
257.731 118.813
329.342 152.112
48.859 318.805
451.533 165.501
26.842 463.204
54.119 481.645
406.738 194.395
92.525 337.579
68.905 206.943
291.733 180.680
258.744 157.234
277.046 250.472
79.907 396.326
67.985 429.804
354.386 493.034
230.620 209.554
195.657 472.338
358.070 198.559
462.896 108.893
55.513 351.804
37.289 368.097
129.820 174.011
30.643 82.101
213.362 338.590
386.719 492.235
59.184 363.453
111.657 467.245
47.104 458.483
161.709 459.384
93.544 345.593
425.035 283.174
452.150 365.749
412.821 92.654
118.296 12.358
27.677 496.363
281.656 271.627
168.465 326.203
170.131 132.207
16.095 465.098
267.498 1.647
272.561 412.387
216.291 173.602
190.003 392.622
368.013 56.603
387.847 113.412
211.220 276.918
166.289 61.427
58.856 322.760
487.287 79.135
285.628 363.412
447.507 287.149
180.193 59.234
398.748 480.786
31.929 179.335
178.688 62.512
490.168 3.523
105.909 229.578
490.697 43.526
210.537 110.489
461.252 48.219
431.729 457.602
231.538 68.624
473.069 49.923
288.598 199.862
436.885 89.840
328.541 447.915
384.478 80.532
320.770 15.206
87.772 266.762
299.060 240.143
16.665 189.428
182.253 287.782
262.356 455.854
392.917 462.558
418.259 434.414
102.868 26.044
420.319 80.975
62.059 38.658
283.418 353.865
185.155 87.918
164.949 231.974
369.642 34.045
436.647 194.666
30.295 54.371
383.755 221.952
35.590 87.251
136.973 179.798
291.005 337.053
67.604 233.864
357.321 383.614
141.650 43.959
386.296 360.129
449.590 489.819
242.972 89.110
230.445 381.058
489.393 268.196
104.584 379.344
397.014 293.861
319.493 452.202
72.067 383.520
212.899 342.972
467.736 491.160
296.540 38.859
280.776 338.241
476.603 113.087
333.982 206.575
194.855 387.389
420.501 213.723
324.143 283.975
230.303 169.010
37.370 101.113
183.020 158.684
179.468 388.352
476.939 415.561
469.759 462.803
31.485 285.333
235.106 422.818
66.235 157.853
171.857 281.330
291.024 485.825
315.829 232.000
37.015 382.053
65.459 338.126
419.423 107.416
127.265 358.925
151.221 106.177
214.263 75.231
47.367 447.872
350.875 353.524
135.680 375.865
163.584 46.149
409.947 12.555
39.938 337.578
339.910 342.251
458.852 461.257
490.100 275.990
400.581 148.462
458.491 247.955
51.222 92.264
183.593 499.185
184.059 294.940
283.986 68.139
466.988 451.508
275.136 219.235
373.489 395.226
185.597 163.652
355.264 70.693
215.626 401.958
179.508 44.098
283.702 483.677
330.130 134.303
393.934 310.606
271.905 359.880
433.932 291.913
280.852 184.006
192.065 437.922
314.867 349.416
273.683 357.384
32.367 8.632
337.474 424.244
281.681 311.855
52.970 138.045
363.155 126.869
253.985 112.756
396.437 217.216
216.685 207.532
254.027 113.684
277.679 285.623
101.342 419.869
303.442 124.873
289.560 4.298
473.631 441.603
123.409 178.821
101.975 491.698
179.389 154.857
316.889 234.310
169.506 415.211
142.639 378.668
334.691 6.621
311.988 347.630
449.938 318.046
376.013 433.256
251.747 63.438
338.426 68.339
88.859 481.110
431.449 176.241
74.421 437.459
309.386 80.190
407.963 78.805
144.136 272.565
452.947 97.908
11.773 400.764
216.732 278.750
445.078 454.992
394.423 152.529
326.903 98.019
400.722 115.814
37.820 323.242
491.170 112.872
43.038 1.313
406.987 423.694
315.722 18.129
404.958 252.354
211.793 286.960
83.540 161.710
297.485 352.523
386.902 434.548
73.054 453.933
65.899 184.557
287.043 169.120
196.451 142.688
305.714 58.320
227.335 124.504
243.010 90.286
27.954 294.210
25.369 72.540
143.451 248.519
150.930 44.952
234.656 496.208
207.336 252.240
154.454 223.398
252.041 152.697
324.568 262.355
47.575 48.453
220.248 461.222
146.751 194.474
55.171 494.364
362.905 447.142
219.683 272.299
296.260 64.379
30.027 352.469
167.901 150.548
264.180 206.189
365.923 450.607
187.518 346.326
241.321 488.894
94.611 104.642
432.252 302.474
163.591 66.679
386.779 163.365
101.334 454.187
108.125 362.518
423.021 281.682
473.049 106.903
436.792 446.772
137.628 499.103
469.122 479.528
93.570 376.394
343.806 43.152
374.133 62.021
230.720 390.426
143.434 208.067
273.942 69.696
395.877 319.930
436.317 93.806
290.510 119.999
251.185 424.401
255.187 56.035
312.378 239.369
235.101 150.266
391.598 84.518
482.801 412.726
302.476 360.919
40.293 110.696
205.745 72.049
108.694 91.266
313.753 439.934
120.143 20.675
8.497 11.590
387.372 311.120
203.848 236.394
263.089 158.365
212.646 25.678
470.680 445.419
57.186 410.473
50.248 448.889
414.133 447.241
52.428 387.381
217.212 156.113
95.932 185.852
330.963 207.892
322.659 133.800
45.121 287.441
434.126 230.660
286.988 315.090
207.524 111.666
243.369 386.269
88.213 225.704
19.802 214.379
351.776 403.752
475.142 366.237
480.523 448.289
418.908 281.314
129.704 273.479
486.483 492.097
465.920 440.214
309.762 154.026
134.653 247.540
429.059 464.479
93.864 263.979
239.320 332.456
363.580 336.952
261.270 82.668
163.792 172.076
392.837 43.934
268.855 470.351
96.426 332.340
237.016 158.666
408.119 238.263
471.801 364.143
27.902 219.457
171.834 460.666
483.503 309.419
16.199 254.746
378.989 162.714
235.245 370.086
417.698 116.156
79.623 304.341
179.241 489.780
287.112 349.901
24.595 182.847
248.408 496.135
166.086 84.354
0.328 218.840
431.735 42.326
330.893 420.145
359.286 195.159
249.272 460.658
246.624 193.301
286.163 341.496
318.516 170.773
301.773 314.370
330.000 53.044
309.874 59.815
432.516 93.020
133.335 360.591
15.268 128.958
149.234 106.948
294.576 59.854
147.912 227.282
417.022 266.241
135.601 199.609
144.271 416.944
326.511 431.277
378.776 4.478
270.596 203.799
488.133 450.737
375.573 102.527
167.368 295.163
83.148 164.569
272.143 263.455
177.719 183.899
211.512 20.312
468.938 286.327
26.059 444.254
