152.612 23.337
44.112 377.245
6.088 469.786
156.122 367.743
469.751 29.733
96.106 328.173
283.589 300.049
179.144 343.142
346.851 46.645
130.710 174.200
402.786 272.311
67.765 385.945
5.927 98.834
444.199 209.971
219.424 456.955
204.064 86.905
200.255 416.546
140.990 331.480
161.393 370.308
83.953 89.880
313.942 470.967
146.844 126.909
475.244 356.395
129.351 468.170
384.336 237.746
497.118 258.429
173.304 309.681
61.778 118.453
425.120 380.988
406.471 339.737
257.192 375.820
59.346 13.268
255.519 200.990
24.764 368.130
383.471 162.390
468.706 168.896
165.171 332.543
117.069 87.943
60.199 57.557
101.996 146.890
166.144 375.087
458.634 464.378
324.013 271.769
112.967 458.913
145.152 356.063
207.875 94.107
407.649 290.802
322.058 327.004
83.004 188.216
284.122 234.146
369.054 300.953
139.142 374.677
75.480 56.384
87.893 200.763
318.298 349.958
178.551 24.780
375.117 295.201
141.577 6.742
498.562 447.739
147.089 448.745
434.961 90.902
127.945 38.652
6.685 444.697
346.527 368.931
30.347 32.992
314.129 467.945
258.506 99.847
17.284 67.046
168.783 179.811
64.512 239.196
312.812 277.841
317.929 163.289
241.906 248.300
376.427 298.475
194.622 120.348
64.973 186.087
497.680 144.659
142.080 109.626
122.266 238.708
436.977 207.807
297.181 95.910
65.910 160.227
36.390 89.914
64.940 400.562
306.243 207.724
207.532 83.960
168.172 208.816
400.070 445.915
18.294 154.276
41.960 364.510
255.929 163.319
334.215 474.045
364.438 481.437
268.014 93.247
215.912 285.859
29.556 83.148
312.954 326.228
477.594 22.411
113.213 136.160
12.157 372.133
317.536 406.365
474.440 219.528
448.224 362.558
372.699 139.612
307.001 201.729
398.092 337.513
345.693 121.151
101.108 275.944
469.966 25.552
196.153 465.440
392.228 396.564
415.678 306.880
321.791 243.837
303.700 253.152
218.354 480.895
347.476 226.580
438.989 114.025
34.257 263.546
38.416 42.544
107.064 236.378
224.536 161.367
148.453 77.131
369.410 22.346
421.879 219.452
266.120 192.893
147.512 256.515
254.467 149.619
452.727 138.093
288.275 94.813
177.729 61.870
275.104 81.102
322.847 297.229
497.873 293.551
174.365 211.890
471.851 484.966
278.738 211.241
353.425 70.769
176.176 289.105
274.099 285.266
41.744 458.826
298.059 248.228
47.533 366.793
191.862 339.127
304.154 302.199
121.586 232.529
13.518 79.864
306.623 411.411
17.113 200.956
31.798 11.497
401.545 114.707
161.786 489.517
152.624 306.911
328.588 481.214
44.762 444.837
11.323 349.465
317.810 261.713
217.222 420.257
179.198 190.438
252.299 482.335
410.638 190.672
265.686 9.625
480.325 88.681
298.234 490.986
228.308 341.521
467.739 190.220
221.706 408.205
193.223 218.005
79.431 474.285
361.794 373.123
463.283 217.013
143.840 144.590
86.488 100.005
158.648 270.885
361.510 174.868
79.731 276.182
126.706 407.435
127.657 309.284
164.577 16.739
489.085 21.393
173.879 432.744
65.581 457.972
110.057 286.770
324.262 125.889
72.962 328.844
55.844 365.415
266.245 287.481
206.314 127.992
145.946 391.632
226.668 140.828
350.134 42.514
40.767 2.924
133.909 482.344
237.083 444.801
325.006 372.078
402.205 379.337
318.468 380.935
229.657 237.350
472.785 27.614
436.662 438.909
389.473 347.447
119.261 11.249
391.274 170.144
307.284 333.832
351.661 265.557
380.319 393.523
318.879 69.163
71.394 388.558
52.377 347.735
375.342 78.654
258.621 299.771
497.994 217.033
235.045 112.491
300.920 189.366
176.141 412.978
439.178 302.894
79.285 436.305
103.786 11.131
35.185 89.927
217.642 394.954
326.396 375.642
146.768 304.597
383.617 253.733
253.449 473.537
456.534 481.112
434.903 187.541
379.286 218.898
20.658 21.254
313.320 378.324
39.182 55.512
111.613 236.244
498.671 174.623
172.404 80.139
301.842 449.908
365.746 474.009
254.395 180.686
179.682 405.086
84.979 236.002
313.660 41.401
384.114 49.766
164.749 226.536
471.020 408.531
157.689 291.447
85.474 56.895
325.337 105.778
119.682 306.308
14.831 22.666
168.746 52.209
285.892 19.838
463.991 16.938
237.180 7.395
140.947 168.725
233.142 69.183
58.256 36.640
418.769 177.220
329.547 129.155
447.744 71.834
68.328 128.908
481.197 30.739
389.705 303.025
304.560 216.215
242.132 145.929
126.517 277.391
167.771 261.839
123.198 420.495
321.275 289.758
78.356 197.985
129.515 78.202
80.349 492.675
86.498 160.415
37.385 145.206
322.966 383.976
124.177 205.768
498.289 170.110
41.744 165.130
224.546 124.091
284.158 438.613
469.084 189.102
302.020 478.991
198.636 152.245
440.923 120.178
378.551 406.800
327.861 137.499
143.687 167.684
164.400 337.432
394.024 467.109
191.528 38.465
256.948 403.034
139.528 29.991
186.121 281.524
318.477 202.221
291.515 247.700
51.535 250.197
109.151 460.058
461.628 213.926
446.427 347.332
60.809 443.131
377.055 395.882
406.321 117.351
128.306 342.707
463.476 55.236
360.246 184.728
388.741 472.511
285.134 464.218
378.943 328.944
272.291 493.815
490.629 379.453
370.155 210.124
164.738 379.496
495.909 279.884
458.976 58.984
92.290 255.924
222.613 468.131
288.118 404.205
101.143 72.345
403.980 97.523
123.226 382.022
388.513 483.907
97.242 67.099
339.407 250.535
380.334 437.180
202.091 123.560
112.448 281.181
211.675 462.518
344.371 398.807
451.315 324.917
417.769 17.576
471.001 208.335
313.126 387.065
61.257 165.110
12.401 18.438
261.004 61.824
194.220 27.586
387.371 467.890
388.815 27.170
161.764 306.416
401.563 323.345
40.252 163.347
309.068 17.605
359.709 193.883
57.747 418.483
160.018 256.376
180.532 205.790
359.943 20.023
440.514 354.280
317.662 101.946
106.602 366.705
332.423 16.839
84.054 380.762
347.009 216.596
429.922 370.237
281.765 328.054
439.854 200.389
418.292 164.058
76.391 376.532
259.175 265.416
127.040 293.357
322.920 459.348
371.706 304.946
148.452 89.743
38.925 405.948
236.336 391.906
127.361 56.728
122.409 178.622
171.209 352.499
107.732 23.664
24.425 255.446
301.715 489.073
302.713 193.148
278.864 162.686
251.257 357.609
488.384 22.450
299.885 349.530
276.565 131.892
104.959 173.566
323.731 323.015
143.256 46.542
143.652 48.682
351.026 272.242
324.817 308.466
27.657 229.740
126.855 288.160
270.833 40.262
61.751 100.090
368.312 344.330
48.122 119.790
29.911 278.028
30.722 386.763
80.640 99.957
345.649 329.122
151.928 497.496
22.178 349.660
355.005 464.421
145.291 465.009
351.880 255.898
283.667 174.758
292.204 119.815
367.124 207.668
65.083 440.010
140.478 388.479
441.685 106.607
79.412 396.759
480.550 124.710
185.990 352.423
443.304 315.561
148.881 148.150
210.685 432.361
156.801 210.967
14.067 465.396
228.750 423.078
372.705 227.151
116.190 108.375
470.000 287.819
80.920 94.325
482.667 27.576
115.415 62.362
31.730 399.511
387.202 61.592
326.839 374.836
113.867 493.567
28.911 93.018
112.384 280.452
281.685 82.795
495.511 176.949
421.946 413.317
287.081 134.352
131.525 279.199
187.957 54.284
241.679 7.896
110.525 16.393
17.214 269.867
303.149 447.893
186.363 82.072
38.362 419.276
115.698 17.166
251.934 318.673
287.176 459.342
391.259 337.708
173.625 248.203
82.368 141.479
385.363 272.837
81.130 271.924
336.433 471.097
232.520 188.923
63.457 438.782
307.468 144.485
496.220 311.001
121.979 23.273
435.244 281.950
297.872 125.275
120.167 495.009
259.481 213.372
90.217 66.980
493.072 423.183
288.294 71.199
30.532 246.736
304.448 58.085
345.586 167.347
84.153 286.924
131.000 9.174
214.141 343.297
397.937 316.762
127.318 26.660
245.025 495.297
397.600 487.899
223.540 289.686
475.700 446.600
161.843 152.805
301.580 270.322
445.572 315.720
100.302 296.964
216.230 303.980
383.431 17.203
223.347 126.886
477.758 428.359
477.477 480.613
131.801 334.928
381.134 3.089
198.597 25.840
75.855 218.058
29.072 58.842
338.668 89.440
217.620 129.140
451.254 195.100
83.397 90.914
137.605 157.026
232.012 318.260
387.765 62.920
17.522 257.269
98.262 432.838
82.397 17.161
461.313 31.452
331.927 8.595
189.304 417.924
95.356 334.664
13.822 101.626
489.916 209.725
127.037 473.691
102.894 135.795
252.137 74.953
83.531 66.908
383.928 273.467
195.985 60.188
248.050 139.960
484.160 255.761
326.927 147.845
419.446 73.029
65.721 238.971
53.980 424.148
483.714 13.836
457.915 461.624
205.682 67.834
344.241 344.448
429.439 435.642
47.291 434.229
293.837 126.506
174.606 80.247
38.951 145.760
138.636 209.177
447.361 226.169
287.336 139.542
101.166 162.521
388.888 470.892
424.538 292.432
13.679 468.960
191.201 438.180
479.196 371.685
95.819 231.737
490.892 167.544
89.020 85.964
39.715 296.142
350.966 72.760
42.237 169.395
214.589 237.506
356.677 319.196
23.536 350.829
157.962 252.506
468.854 408.609
367.750 85.295
443.311 376.010
493.435 243.114
79.767 71.906
142.293 419.273
442.400 485.561
182.377 315.831
335.147 498.054
445.634 184.423
389.657 375.458
477.889 356.602
75.495 382.099
419.158 391.250
427.463 1.067
247.568 214.554
384.729 255.974
98.527 205.228
18.018 480.579
472.514 75.742
260.449 449.323
264.989 204.570
31.357 248.691
108.464 53.205
172.268 415.119
360.905 310.023
321.172 61.595
86.988 45.657
313.148 289.306
408.472 484.585
129.539 126.825
256.723 493.865
16.378 283.881
431.869 354.202
482.092 366.328
59.823 92.726
365.515 110.528
453.196 122.846
445.712 460.622
65.984 121.686
337.163 299.723
26.873 11.759
486.877 340.628
481.311 484.290
54.047 175.192
9.787 404.953
177.054 493.452
419.643 395.720
402.638 465.651
445.819 490.895
403.519 318.832
147.890 319.862
200.275 242.455
244.058 295.835
413.242 52.944
350.702 329.837
118.831 7.924
191.095 118.932
378.153 417.921
275.205 389.126
204.338 159.115
470.556 309.170
170.726 172.203
108.684 283.110
33.121 203.126
447.870 273.981
460.060 321.591
188.507 169.393
473.574 321.752
126.234 168.666
26.519 380.815
285.589 317.156
365.228 410.505
160.651 123.564
94.846 4.268
436.998 235.934
304.320 274.845
123.074 204.859
129.989 26.630
69.139 458.429
118.399 140.456
319.507 17.928
143.973 11.535
197.163 312.918
495.705 125.341
450.087 438.906
59.519 90.482
113.720 91.944
2.083 339.756
