417.371 242.654
115.166 28.870
387.156 431.454
426.981 114.459
225.511 321.467
312.119 371.548
301.947 161.980
302.982 320.367
321.979 52.502
402.529 409.483
359.127 408.566
297.352 447.368
268.673 50.290
87.582 280.334
250.006 166.021
5.781 231.687
14.536 335.734
454.109 85.613
98.110 352.399
182.981 380.232
14.383 257.059
309.418 6.240
312.393 276.511
407.104 320.410
439.148 123.290
357.821 439.046
152.163 488.184
460.185 50.182
160.069 185.656
271.690 319.034
10.528 121.971
81.285 225.760
324.518 279.770
43.930 100.800
401.807 402.147
318.920 137.641
330.988 23.265
247.636 410.759
158.518 319.819
0.222 201.713
84.491 149.569
346.110 169.878
316.179 154.659
328.217 57.822
113.343 481.839
261.570 402.113
140.755 420.852
464.880 485.509
57.884 68.758
491.925 192.997
434.636 160.300
267.649 89.618
270.573 325.805
100.370 191.979
376.485 99.185
193.786 236.985
288.356 175.603
123.012 325.727
118.524 34.217
301.095 312.418
139.301 389.957
327.250 394.871
348.648 358.000
121.216 47.542
203.842 188.753
420.916 219.077
233.440 16.430
460.186 306.666
395.376 151.971
457.821 9.706
323.499 233.993
328.485 36.313
489.170 439.551
300.396 253.227
482.768 305.233
328.431 181.143
140.861 44.736
421.669 258.305
105.981 300.765
135.727 168.077
227.052 477.704
96.995 48.282
16.802 299.472
176.787 495.691
283.688 203.009
258.516 68.461
149.683 140.716
16.933 26.805
195.841 465.473
453.305 392.272
22.682 380.024
206.744 186.813
464.072 135.315
187.161 289.402
406.860 357.302
239.715 162.935
135.527 453.473
286.692 142.694
202.948 240.910
110.415 309.714
376.755 89.805
157.504 404.628
19.722 53.777
56.026 34.764
79.255 339.449
77.362 189.415
221.668 175.922
235.859 456.557
494.061 23.827
422.873 459.727
136.682 359.033
70.463 487.067
412.332 326.494
340.908 333.270
370.699 319.955
338.082 166.938
18.619 15.812
452.554 336.218
156.959 462.110
454.997 122.238
20.745 430.637
143.436 469.948
445.930 39.424
4.512 405.981
356.874 116.558
251.211 191.008
400.537 282.363
280.863 159.896
18.229 211.700
306.521 419.748
201.732 227.320
74.099 19.775
318.685 62.989
161.053 181.306
152.964 445.792
397.393 196.942
46.589 112.558
163.033 261.974
152.353 165.007
206.281 440.125
279.642 6.497
89.844 424.781
136.066 363.859
462.723 366.544
416.297 67.026
53.058 15.383
193.917 64.695
387.893 380.452
237.427 350.752
276.953 436.845
78.938 185.522
276.906 151.332
8.530 459.981
107.236 363.204
194.015 108.125
128.235 302.562
23.391 119.701
60.414 128.247
348.398 339.911
149.595 429.213
280.393 255.633
223.135 494.143
17.907 415.977
14.208 248.474
264.759 146.363
325.782 426.042
294.349 60.690
326.169 204.229
412.507 86.389
320.643 315.277
329.025 360.488
379.410 309.008
215.239 299.260
140.378 438.876
184.305 124.717
17.093 75.357
213.695 332.167
112.679 416.111
455.875 277.486
408.724 382.794
278.771 167.057
295.049 25.065
298.779 309.720
48.877 198.266
370.432 197.961
114.558 107.622
96.141 286.259
47.770 458.903
299.235 268.501
422.284 263.262
78.187 12.796
76.934 147.512
99.644 273.266
142.096 17.635
215.251 435.388
408.695 11.110
293.478 444.036
424.583 68.988
122.512 425.629
232.991 80.944
408.408 68.098
38.290 398.706
75.049 309.639
456.812 23.868
457.416 207.935
404.907 196.650
223.062 140.645
491.100 93.794
282.568 233.805
185.237 411.117
413.414 282.775
24.969 244.012
284.882 286.453
249.015 246.122
451.507 223.141
155.556 454.559
370.818 43.352
301.130 411.380
182.700 97.471
479.957 112.159
12.429 314.113
111.119 33.794
462.083 243.449
16.621 270.571
383.342 160.465
182.670 341.347
212.583 409.125
22.014 349.875
492.434 472.454
47.262 227.054
227.677 433.408
496.941 447.584
208.849 243.907
368.499 316.326
330.456 295.787
338.023 127.975
464.368 262.670
476.453 421.270
106.498 343.762
245.542 251.979
257.641 428.103
408.294 69.731
84.646 331.948
198.116 477.364
115.694 350.255
318.866 400.883
337.699 14.812
452.793 318.793
195.799 409.709
285.024 221.088
190.534 151.472
75.335 143.650
342.134 17.009
495.134 467.107
406.569 221.434
330.320 394.625
121.519 8.846
153.036 1.491
354.061 143.882
259.583 476.295
182.551 99.710
237.283 400.658
91.902 160.246
143.723 177.579
347.817 264.310
22.643 408.192
490.050 448.579
428.399 439.822
405.494 183.000
106.934 123.323
454.957 70.456
263.596 334.557
71.596 30.002
42.942 38.457
62.854 103.838
135.326 75.596
58.558 472.825
262.812 247.218
11.987 344.274
214.839 37.842
99.072 222.000
369.692 2.693
21.889 48.694
312.059 349.447
358.594 251.711
493.469 23.112
305.641 130.502
375.928 479.573
343.024 322.775
22.783 456.921
484.615 421.261
142.755 374.854
274.075 476.098
315.715 212.470
414.771 377.090
273.293 488.149
270.544 370.919
59.384 403.005
391.298 44.643
127.921 254.248
401.887 355.007
286.562 253.607
178.047 377.007
278.281 164.549
158.796 141.588
91.819 226.140
149.262 174.136
160.003 189.576
456.237 499.193
164.925 98.314
185.074 182.676
210.687 202.473
138.267 182.485
333.308 125.056
469.469 476.987
115.962 461.085
469.650 131.652
3.132 213.233
125.727 449.581
429.566 32.904
368.207 438.765
189.958 418.146
397.021 340.860
142.390 267.087
196.012 447.313
68.225 448.746
447.125 424.136
178.253 433.846
75.980 188.951
330.500 244.129
270.102 158.013
232.203 98.758
385.095 401.765
280.617 130.348
246.711 251.160
193.167 445.982
127.205 145.913
101.610 234.469
207.631 257.428
391.766 288.932
203.716 314.956
437.366 20.855
71.755 23.393
262.751 82.210
64.588 106.724
10.923 484.237
315.040 60.710
262.735 117.784
264.376 124.361
124.822 292.381
379.322 381.457
323.359 179.592
39.486 231.884
194.311 485.752
312.555 192.730
112.181 363.969
87.549 90.459
223.014 22.756
400.204 383.486
68.873 348.614
355.032 56.274
332.761 266.865
472.520 137.859
185.641 210.992
162.045 323.863
7.747 323.359
467.805 143.696
439.073 239.786
349.094 247.358
425.042 107.355
205.442 434.378
285.781 109.658
126.627 135.494
254.416 448.129
123.739 175.113
308.399 124.003
339.315 1.093
241.708 279.560
343.706 111.458
481.251 446.228
433.967 267.774
300.861 442.607
412.021 214.506
272.858 161.109
478.288 496.151
145.247 394.842
108.071 278.451
291.433 94.988
244.646 184.087
291.678 43.732
138.984 37.660
363.026 81.781
422.349 26.753
31.869 74.483
95.933 402.424
18.083 216.263
322.929 149.940
145.332 102.030
246.012 180.891
224.244 113.264
16.486 492.931
279.527 273.363
395.559 168.238
61.651 76.783
93.594 135.868
98.007 107.797
374.256 414.043
440.239 450.145
301.011 87.189
220.193 306.700
92.936 254.067
222.887 354.643
120.087 225.606
395.484 75.926
84.854 192.780
412.874 418.655
221.242 90.770
82.755 211.085
151.455 342.057
410.339 423.797
388.331 414.273
249.081 124.675
168.090 356.267
80.092 267.799
99.651 378.738
98.894 184.600
491.967 90.764
383.601 32.478
34.406 273.943
358.872 316.612
131.712 72.581
264.936 223.258
285.238 16.805
268.740 157.605
12.394 133.885
39.567 449.510
305.392 92.494
205.606 276.520
121.679 307.829
165.297 245.089
465.569 7.190
421.420 452.987
228.015 485.078
240.889 87.149
272.707 482.079
342.311 380.250
341.363 231.715
90.846 101.481
76.116 417.492
409.206 23.059
42.735 198.294
267.658 238.404
246.562 354.481
58.406 253.655
2.288 181.181
152.005 97.538
312.773 265.405
71.925 181.962
60.421 54.882
262.316 141.172
285.848 16.700
408.950 303.897
264.295 150.463
238.632 154.602
328.675 168.120
414.567 186.380
265.819 447.369
476.397 30.072
161.054 391.327
80.578 486.215
492.949 77.863
14.149 14.027
72.489 360.142
195.185 298.923
430.730 361.213
60.997 104.026
354.452 451.061
180.682 239.058
154.830 10.608
20.397 480.071
112.262 42.875
26.621 414.464
56.748 185.056
300.764 478.519
476.391 118.391
399.462 269.766
425.928 249.872
83.832 361.031
276.249 155.204
154.360 314.091
350.871 488.562
480.159 307.816
282.167 497.310
108.505 187.608
249.964 259.618
275.050 277.248
62.825 59.182
22.895 147.840
409.970 192.911
67.755 447.525
102.557 394.073
7.496 444.776
414.349 492.535
97.751 227.802
253.795 35.350
109.440 198.129
74.276 215.150
498.779 186.098
257.024 68.570
233.190 304.539
88.738 388.006
44.719 385.899
423.181 185.549
109.536 48.786
475.428 144.073
63.234 351.441
373.929 436.340
348.469 108.159
192.542 91.197
136.602 51.245
77.834 236.722
173.790 358.792
465.204 291.735
159.047 122.993
402.889 375.826
337.478 458.549
255.489 193.299
137.198 282.160
354.223 289.445
106.552 376.446
278.038 400.956
322.312 20.358
436.369 78.003
497.806 465.547
489.578 75.669
452.866 33.748
55.274 297.192
28.217 297.592
184.176 311.794
211.957 260.848
78.431 118.048
72.157 387.821
379.398 388.445
427.626 175.602
262.240 386.969
319.119 248.219
74.021 336.628
293.116 190.672
459.865 316.815
342.587 383.402
148.151 56.661
465.081 378.322
210.306 468.831
88.402 164.847
31.326 441.215
103.129 451.756
313.461 463.760
101.388 90.908
141.016 239.797
75.664 301.197
163.800 368.895
287.299 463.740
365.919 322.544
149.305 206.010
364.914 461.349
178.558 50.115
227.184 135.427
355.579 158.552
446.441 66.729
433.338 343.978
463.269 270.644
211.265 240.510
290.970 270.271
213.582 9.841
452.837 202.883
434.220 193.116
112.028 291.074
235.440 344.633
480.540 399.764
246.991 460.094
242.305 335.736
325.343 195.110
325.010 432.944
312.117 11.520
199.890 306.815
46.410 388.568
208.127 198.386
380.352 158.698
34.374 265.022
487.863 312.500
268.295 51.082
198.211 432.905
304.934 249.771
187.012 115.246
66.196 403.337
86.166 399.166
310.122 471.455
214.010 159.311
75.290 192.846
61.003 334.026
379.243 27.259
183.789 196.618
341.384 223.674
65.602 64.728
281.976 214.203
32.078 397.254
383.049 131.215
319.283 409.903
475.381 496.101
92.208 345.547
395.556 52.366
162.737 492.624
269.991 498.439
319.678 294.257
441.607 403.327
269.550 337.579
211.588 68.543
113.505 111.411
196.864 377.419
245.494 350.896
371.382 327.970
169.913 406.797
294.922 356.453
343.890 494.263
378.732 76.631
