116.611 348.731
137.511 351.949
455.929 369.991
3.376 454.046
164.605 269.159
172.265 321.269
190.988 107.182
40.192 122.453
357.990 293.619
421.199 499.892
200.775 233.809
266.293 118.499
34.629 199.770
328.899 47.822
313.170 419.163
456.298 330.895
73.087 312.288
2.057 24.335
473.995 94.875
146.225 135.401
278.821 100.604
233.261 154.268
170.391 180.727
264.441 223.872
98.760 180.878
116.261 122.980
11.542 200.782
340.240 4.874
406.429 152.335
64.347 152.424
159.801 320.431
36.150 14.866
8.789 71.566
119.619 338.712
49.288 280.660
9.751 355.092
243.033 317.516
393.988 298.813
178.241 237.822
225.122 334.693
468.357 392.289
417.975 78.093
46.388 25.299
58.228 56.635
84.637 344.765
363.241 164.198
129.875 146.709
379.183 59.231
36.316 245.841
293.948 80.534
100.060 257.907
362.028 394.503
78.199 299.229
250.989 240.701
153.432 441.350
135.882 429.494
346.601 87.411
72.621 23.732
402.165 244.675
307.435 111.207
273.898 397.900
398.464 475.844
6.068 125.107
60.549 158.748
292.079 383.399
86.507 490.002
414.093 347.941
393.064 37.909
457.455 240.479
105.298 220.447
359.732 305.307
450.901 235.353
143.154 132.708
499.528 435.703
312.873 489.746
264.656 464.427
194.335 457.556
293.192 211.930
452.619 303.670
183.968 133.700
76.153 159.830
39.362 356.739
88.807 133.174
128.779 64.432
18.334 289.319
260.704 497.047
20.015 68.132
8.651 87.025
252.891 40.430
475.839 255.107
64.732 322.445
440.744 70.766
239.550 275.461
130.807 134.216
0.087 408.584
106.117 425.086
436.595 390.248
299.437 395.722
271.086 454.752
45.509 4.170
335.457 278.349
130.462 78.074
449.876 395.475
157.846 457.882
138.010 23.556
470.268 226.776
276.739 211.468
38.862 283.510
370.172 461.722
400.177 142.573
112.059 75.117
344.909 439.853
404.436 461.260
337.614 26.078
297.982 193.403
153.867 303.494
375.395 23.476
103.116 156.574
2.754 50.206
254.340 383.039
262.361 363.597
15.693 135.678
374.200 280.472
247.069 369.045
30.276 131.480
482.711 122.190
220.930 137.516
62.552 118.110
41.518 38.259
243.377 221.151
81.630 264.571
337.045 82.723
43.812 10.776
44.277 309.386
449.396 132.881
68.413 69.080
281.381 394.468
111.095 459.255
98.303 198.004
217.492 342.091
378.094 404.256
79.352 385.898
315.304 208.805
372.966 84.049
260.150 228.416
279.282 233.044
60.575 468.392
321.091 143.954
161.437 153.038
47.054 118.541
407.707 344.768
76.462 218.643
272.413 23.599
166.844 163.511
47.910 376.611
49.886 184.039
98.170 357.734
436.071 351.925
23.813 66.896
369.641 144.741
498.621 403.293
396.784 79.738
240.263 199.836
234.955 368.341
313.482 0.077
370.478 260.798
13.549 418.116
265.328 200.796
259.476 47.106
202.685 58.924
100.714 361.267
388.352 406.857
388.424 231.219
217.841 111.616
422.581 8.890
485.953 414.808
261.876 62.314
252.467 329.954
313.901 489.765
48.510 173.772
342.492 225.481
392.775 362.549
444.982 230.745
458.973 216.220
238.311 259.373
190.677 378.252
233.468 485.287
41.870 453.720
139.651 455.076
364.586 271.753
267.508 174.415
191.630 116.561
183.552 336.389
231.689 0.478
29.290 467.368
380.803 210.044
228.924 444.583
143.737 182.571
142.120 247.264
254.221 33.373
155.826 344.645
421.420 164.117
36.537 424.385
285.292 31.082
298.573 209.866
107.100 123.136
405.976 12.944
332.245 215.558
95.963 189.716
360.395 369.146
16.550 31.005
429.775 322.816
225.694 370.598
416.369 376.994
434.781 286.773
185.167 90.715
58.288 372.721
21.278 171.332
270.034 110.954
483.408 188.576
93.512 273.724
307.467 465.722
475.893 205.995
418.037 359.325
182.320 424.733
367.973 286.297
167.975 274.130
425.563 142.311
374.300 118.064
253.327 255.302
236.999 176.608
380.603 330.542
453.013 77.700
489.248 181.907
217.515 291.633
316.323 44.484
91.170 141.343
76.110 469.647
386.382 447.811
297.088 44.390
195.923 28.709
70.716 147.983
7.404 250.902
46.038 130.640
399.831 309.207
371.966 296.727
380.663 245.988
225.972 472.171
78.367 115.121
435.004 64.045
141.810 395.996
240.344 252.021
174.215 405.948
403.926 260.783
20.643 118.451
150.794 6.902
416.948 311.319
40.363 108.746
291.069 442.495
142.824 351.761
217.916 161.804
341.255 44.633
423.915 299.945
448.400 224.424
157.313 434.098
212.590 359.728
84.770 271.658
258.666 445.028
167.818 171.757
438.726 445.253
9.319 64.840
460.294 376.005
332.272 73.607
267.757 99.681
358.553 385.186
421.342 45.737
343.397 191.995
148.360 224.857
301.383 309.718
295.928 329.732
184.695 197.282
172.865 168.822
54.666 112.664
338.058 451.090
433.557 215.365
130.280 437.739
22.699 191.984
176.114 482.849
9.561 148.791
108.831 490.357
203.281 450.052
46.185 486.887
42.728 109.767
75.115 406.622
483.349 350.976
222.316 171.056
455.654 186.041
312.397 203.020
392.635 254.693
236.084 131.151
90.329 431.117
238.888 83.842
431.010 435.098
484.020 492.607
261.068 69.910
75.719 489.734
90.011 416.557
377.125 481.159
321.737 422.304
406.297 280.473
178.986 131.584
152.236 489.865
51.935 424.805
336.176 143.084
97.273 38.407
344.133 270.404
91.234 370.457
200.699 166.544
408.673 415.695
333.271 267.440
399.352 29.101
375.324 275.449
31.927 442.586
262.523 118.939
299.316 3.929
224.729 344.151
396.869 240.112
362.875 7.865
218.397 206.725
122.121 440.327
64.276 281.216
207.843 456.178
196.596 468.050
64.699 290.699
311.008 162.757
303.902 442.029
341.628 91.236
399.461 126.210
404.331 479.795
50.378 206.734
109.673 411.764
325.399 132.106
101.455 358.136
301.113 258.398
3.302 216.412
334.364 293.235
204.821 458.044
1.611 365.484
57.578 365.888
436.238 256.806
358.173 374.048
223.892 467.954
312.586 358.930
462.879 117.811
81.036 44.095
380.614 280.762
224.434 386.383
19.382 330.296
308.553 244.412
486.589 89.310
367.315 411.621
153.769 324.083
324.415 118.451
397.488 473.859
375.270 127.915
79.087 327.203
384.545 40.592
286.754 4.404
196.901 260.450
260.619 490.707
301.209 98.024
109.367 232.326
255.210 100.576
408.649 82.544
389.327 327.897
438.297 483.057
37.527 119.070
214.542 316.312
56.970 315.361
322.742 110.921
63.908 257.242
334.061 220.838
159.181 442.374
297.759 232.191
467.099 495.979
35.388 178.944
436.652 478.381
378.790 231.875
50.279 417.640
240.964 478.853
66.030 100.184
101.080 499.325
178.965 76.150
82.495 90.711
85.223 474.818
318.550 388.621
441.657 164.819
342.533 279.587
222.371 433.788
67.364 224.126
255.766 44.248
401.804 57.284
68.941 167.020
40.500 338.163
300.804 378.284
149.160 495.984
468.844 130.772
348.878 164.198
243.987 495.721
397.892 271.330
439.628 266.259
209.339 54.242
44.235 384.941
220.662 331.201
496.959 479.277
23.434 152.470
370.900 333.005
167.493 276.602
199.783 370.063
210.345 205.052
227.159 236.332
5.439 164.759
307.988 198.709
41.891 333.570
161.906 460.007
332.972 282.188
495.263 52.117
449.848 209.203
268.050 428.607
116.660 175.321
128.922 270.087
49.086 477.777
171.121 33.445
221.209 451.105
430.692 139.839
346.906 324.088
445.634 316.073
5.898 204.192
298.812 145.089
331.348 482.657
64.410 397.989
334.065 415.956
222.687 497.748
37.978 74.388
7.578 475.530
73.840 92.343
52.270 104.633
264.339 137.599
213.003 444.938
421.407 435.360
3.439 226.311
71.811 482.682
251.245 231.091
136.579 477.227
302.820 398.761
105.852 279.339
350.563 437.877
449.801 470.157
145.160 52.682
274.569 246.645
272.435 294.918
116.044 430.301
301.922 378.475
78.623 30.573
1.917 366.269
491.731 374.505
285.930 117.476
178.159 376.072
259.311 462.710
178.361 188.629
171.213 277.543
410.252 86.513
250.162 393.755
446.188 232.790
5.966 452.081
72.395 428.635
110.854 90.856
53.003 140.347
109.751 304.175
296.475 18.255
252.456 150.618
378.079 418.792
42.328 179.223
94.255 371.044
437.793 243.678
313.987 248.090
314.755 445.321
494.047 180.530
367.914 425.071
130.546 388.515
145.858 271.226
434.736 111.961
176.133 9.614
369.655 472.735
373.722 383.063
382.646 196.188
479.970 165.994
276.552 57.434
132.390 350.063
137.819 339.471
71.653 180.421
337.861 231.331
236.921 472.230
54.222 451.833
290.053 204.056
355.019 300.651
18.196 273.127
453.233 153.256
29.546 482.440
179.199 435.941
416.662 125.303
102.884 11.579
347.482 50.360
344.045 98.442
427.755 203.643
31.825 269.261
250.103 202.055
228.687 426.997
494.092 270.829
252.446 308.416
0.807 365.421
213.916 182.358
63.247 128.131
368.325 431.558
379.027 302.456
488.090 17.788
81.929 9.893
129.167 241.398
479.236 50.148
383.555 474.488
283.868 185.543
157.237 167.010
60.697 290.187
297.538 318.014
355.645 27.014
371.017 348.946
224.630 158.754
311.503 382.789
307.486 34.976
278.511 487.851
494.196 276.670
162.571 254.930
128.577 352.933
137.003 138.564
369.510 182.614
150.122 22.753
140.215 92.378
274.025 269.478
24.377 128.759
370.556 36.294
92.919 291.153
279.061 273.210
279.506 227.225
461.340 128.282
304.136 159.206
480.920 105.833
54.744 27.430
407.342 482.855
0.923 200.236
344.164 430.472
295.923 140.391
52.021 420.287
91.062 389.442
443.655 58.738
216.892 132.812
434.910 249.591
268.657 87.463
242.234 403.880
327.926 356.255
44.656 74.429
433.567 235.462
25.613 448.773
458.706 85.106
465.477 339.248
406.192 272.080
67.822 420.557
168.522 127.417
482.433 423.109
44.957 338.241
276.396 53.873
227.671 359.360
2.336 10.776
92.813 16.800
82.466 498.033
461.858 434.986
189.035 284.142
180.555 124.323
55.653 151.116
478.470 200.302
416.846 415.374
311.750 160.624
111.431 370.508
424.200 361.599
344.453 249.194
228.517 461.177
267.976 175.894
279.019 73.949
310.816 331.116
343.054 429.244
4.214 31.944
20.805 13.142
250.814 401.709
387.708 430.548
77.921 251.039
249.806 159.067
155.350 472.467
261.348 168.468
245.939 272.800
334.770 242.493
403.316 319.292
26.037 173.967
377.075 199.210
415.452 272.764
187.825 202.602
344.849 276.500
243.407 130.091
108.978 235.953
299.997 294.688
372.555 217.617
285.438 409.686
174.688 46.251
335.674 130.166
419.514 415.938
105.447 268.426
3.129 243.296
