83.823 443.705
422.694 309.225
59.572 223.950
275.262 392.409
224.849 47.052
457.947 464.731
395.367 14.235
23.124 21.568
450.661 163.639
474.976 109.422
225.168 54.568
65.823 11.048
40.457 38.809
364.135 30.444
361.594 97.497
250.800 253.646
469.595 480.124
337.182 327.369
218.946 248.252
92.114 74.805
290.284 482.371
300.527 246.301
21.965 252.941
185.671 326.578
184.103 146.766
489.787 285.520
128.707 106.808
212.741 133.036
285.037 240.483
116.744 289.827
462.839 428.811
25.365 497.792
65.504 221.284
97.509 490.542
349.942 37.061
96.948 194.567
107.323 288.883
141.118 413.520
54.560 411.041
302.693 449.292
463.306 471.271
240.408 52.287
73.191 321.082
71.220 453.985
253.792 383.987
278.379 353.013
395.202 197.334
3.015 83.631
254.828 257.542
8.670 270.015
283.842 237.879
403.828 364.330
265.634 394.403
189.114 448.561
128.179 11.153
64.722 490.076
317.136 123.613
253.977 465.311
151.446 408.741
218.195 482.330
305.104 171.022
166.573 281.495
149.633 330.265
367.594 64.069
57.854 154.035
376.211 152.483
289.359 233.821
118.154 351.253
97.797 205.370
2.167 320.965
13.343 107.379
310.138 391.161
16.219 104.923
311.883 355.586
292.379 105.106
52.144 485.241
147.687 104.716
255.315 305.528
26.018 469.506
420.653 385.016
328.318 238.445
160.642 457.935
428.980 433.801
484.853 353.205
12.887 33.532
133.893 417.479
435.816 265.237
421.643 206.775
329.824 58.067
243.425 351.109
383.277 343.248
183.337 261.760
217.195 79.800
353.343 282.274
69.248 44.721
408.549 387.628
84.201 437.457
436.988 385.555
92.392 213.940
431.667 95.729
473.928 147.542
68.664 195.161
263.997 99.025
410.848 243.353
431.174 86.162
328.472 464.004
207.401 134.305
452.886 385.079
320.634 46.690
84.020 377.774
328.382 279.245
492.495 327.321
75.564 450.145
447.961 291.933
87.018 148.876
449.802 257.029
345.289 193.403
454.224 76.774
342.706 96.119
257.082 310.503
287.816 176.257
360.993 285.432
90.429 77.204
132.289 90.401
475.075 214.980
451.214 452.091
116.882 152.379
486.677 318.967
235.108 45.778
394.722 28.306
203.203 362.660
238.571 447.425
11.851 119.416
136.259 121.851
11.541 203.733
51.685 459.875
278.975 428.974
56.005 64.879
461.093 445.269
234.425 36.988
229.184 125.071
168.783 7.970
331.387 70.655
232.102 420.506
362.063 173.944
453.918 7.404
211.608 203.257
459.710 115.527
120.541 231.192
148.997 398.024
237.606 231.031
226.612 152.294
152.311 411.605
111.181 220.181
179.934 156.335
195.053 281.298
294.262 266.947
303.385 393.797
348.142 464.236
478.263 169.665
287.204 179.177
380.731 284.950
105.690 159.870
364.690 428.645
158.037 142.213
463.629 270.581
136.690 434.517
263.049 114.851
241.160 46.543
321.719 334.799
282.167 56.019
177.791 475.935
287.335 260.481
456.074 206.042
113.156 466.498
213.514 9.831
108.714 498.278
92.239 276.877
488.832 90.404
372.824 29.091
410.242 303.064
424.235 101.920
395.232 441.885
133.335 203.170
368.608 48.955
46.200 465.148
132.558 457.291
161.301 170.243
12.668 246.756
313.665 51.603
118.668 419.907
299.158 326.465
67.376 350.888
34.050 126.419
363.927 45.386
10.888 318.660
252.502 399.505
463.288 185.475
449.734 65.660
435.226 16.803
491.733 117.478
56.454 418.886
73.031 497.892
470.487 394.950
339.099 186.163
308.247 379.616
162.196 251.464
109.130 286.898
14.548 496.121
238.313 443.271
241.892 343.297
17.967 190.278
301.193 341.933
108.972 214.038
470.828 91.796
0.818 463.561
303.912 193.632
160.651 91.620
193.036 327.337
332.277 275.616
280.940 284.162
426.020 302.177
3.334 25.416
245.688 19.191
341.565 153.581
252.975 146.510
126.851 16.573
161.869 12.856
185.837 203.289
212.140 178.680
261.886 175.248
254.616 151.955
106.778 439.734
220.800 225.587
273.897 183.766
18.317 42.899
241.150 135.761
229.905 256.319
319.772 206.228
108.204 101.060
413.360 288.079
431.982 451.400
327.939 114.877
459.638 339.839
493.394 90.373
122.317 472.223
275.886 125.834
296.409 89.368
139.322 61.552
292.849 482.355
245.496 434.038
348.326 180.018
460.468 39.988
283.402 60.810
478.455 293.514
325.556 217.522
330.653 463.470
233.620 418.971
471.499 172.772
113.740 20.725
28.629 186.265
41.073 83.803
495.326 457.692
287.942 214.498
485.037 318.958
421.413 27.212
111.785 108.602
414.292 144.018
197.671 264.126
264.622 173.513
298.921 135.652
262.478 487.773
340.666 459.239
107.680 192.775
259.451 239.631
209.536 189.013
6.698 323.555
495.799 37.204
20.426 283.602
63.819 0.969
27.265 293.647
24.898 486.336
190.875 443.984
148.179 317.654
408.254 208.796
104.676 338.511
192.303 166.077
272.650 377.072
225.972 138.871
492.311 282.795
188.143 339.155
30.630 17.475
211.772 179.639
293.104 125.210
436.067 345.054
425.715 393.406
326.207 360.147
292.661 132.603
276.748 365.016
363.179 34.690
293.911 170.495
119.618 300.482
29.124 225.527
332.074 470.622
327.969 81.475
290.760 424.798
354.837 410.769
414.357 491.671
495.499 99.711
261.177 213.653
287.615 371.407
91.346 485.668
38.009 43.931
353.283 50.785
56.205 103.560
477.488 46.425
178.539 346.116
390.259 414.893
482.669 280.543
276.004 329.488
240.837 201.799
287.094 332.263
498.860 482.449
387.703 426.324
470.023 91.260
450.062 10.562
309.761 232.695
71.667 180.304
176.481 289.169
102.861 373.096
23.106 270.174
387.772 496.599
12.684 322.829
315.064 334.185
8.513 77.646
54.189 309.440
27.970 142.336
449.103 418.891
356.102 448.517
325.900 436.855
79.301 105.463
130.052 225.682
404.418 357.852
172.850 97.942
300.991 334.384
125.350 423.425
163.769 326.331
297.837 421.238
350.765 183.592
131.200 421.089
155.242 435.866
199.812 334.447
299.919 360.972
383.363 453.582
245.360 319.873
189.730 87.672
186.709 15.586
163.612 270.413
332.279 355.054
481.225 458.044
210.965 419.352
251.529 81.109
52.112 144.012
379.737 217.590
409.663 466.554
277.763 62.147
18.793 3.441
78.490 434.995
214.620 298.829
28.002 108.769
156.659 277.955
450.675 10.468
415.901 71.978
301.557 94.579
71.533 77.230
36.972 405.439
191.637 74.852
66.174 151.129
47.727 142.473
84.960 263.908
417.487 2.144
281.045 192.329
59.138 88.009
97.432 130.317
460.270 88.143
152.574 80.988
77.398 465.667
263.990 275.884
251.398 268.916
323.518 267.483
474.143 97.041
449.322 194.291
151.863 347.885
200.571 234.138
405.266 1.813
36.783 231.578
88.554 263.308
158.503 372.692
408.318 180.541
467.471 326.238
84.045 322.073
325.270 357.680
433.521 130.583
413.207 295.738
109.316 144.811
257.879 142.287
170.389 366.229
78.742 310.313
299.963 84.778
32.129 29.137
210.882 300.939
295.714 255.836
454.390 39.553
485.246 189.806
495.830 132.646
85.357 496.080
150.605 447.155
281.276 90.731
177.327 462.561
324.732 284.147
166.579 399.370
465.246 404.647
234.497 51.680
10.144 227.500
391.041 372.737
416.100 380.673
273.142 91.351
452.947 301.609
472.190 354.906
299.097 453.908
284.418 310.472
58.500 25.732
59.698 282.586
331.057 82.314
485.262 438.475
127.168 456.945
345.494 175.687
124.531 33.249
362.163 79.478
345.960 236.586
277.066 349.042
482.776 316.651
338.473 55.236
22.023 200.552
485.805 444.908
142.032 383.294
206.326 252.282
383.368 185.718
31.624 467.669
483.717 11.567
421.088 413.279
333.743 250.894
83.697 48.546
46.333 410.521
496.867 147.434
415.715 456.059
84.144 471.224
344.674 100.994
57.208 249.620
314.913 266.874
268.680 107.905
317.227 187.855
215.499 479.114
422.671 461.382
100.883 264.123
311.321 253.402
302.829 210.000
248.617 116.525
15.296 283.541
281.864 113.611
447.899 161.200
88.347 86.100
169.072 138.378
465.956 462.461
490.079 0.818
464.892 246.365
458.061 361.818
309.559 163.467
256.137 228.391
475.035 263.341
115.135 1.909
393.135 316.083
274.814 38.855
190.903 20.412
28.146 415.245
365.532 407.538
229.792 12.119
428.622 324.983
372.167 473.468
416.211 144.393
88.196 118.517
499.946 128.570
202.628 2.203
189.149 438.499
477.999 412.420
327.216 319.037
60.683 482.481
8.492 270.576
127.113 448.375
18.435 445.255
488.097 61.259
271.583 419.575
109.952 324.667
70.270 306.492
477.915 101.412
328.058 269.240
398.507 479.598
499.125 414.323
193.999 428.465
319.623 307.573
123.201 264.718
222.957 172.656
156.474 89.974
405.989 357.335
167.190 378.511
97.424 339.252
416.493 139.795
493.183 99.186
100.813 355.398
232.976 476.274
452.296 376.471
343.687 57.929
472.367 323.236
453.288 352.664
436.247 424.223
126.991 485.714
293.018 492.516
396.284 251.498
222.116 102.042
47.876 214.063
243.271 333.292
477.944 140.948
42.437 24.541
477.558 67.351
294.298 60.718
42.308 44.812
278.934 193.981
189.617 319.967
304.520 356.966
25.059 311.717
486.832 76.840
238.293 18.521
274.366 124.213
422.209 213.224
428.795 363.475
423.167 105.162
136.325 135.836
163.915 406.380
61.964 479.072
185.315 146.012
172.427 157.672
368.588 218.947
12.954 128.372
201.950 123.733
102.644 34.538
394.628 43.770
405.967 47.868
302.561 285.248
310.075 210.642
384.688 116.874
370.406 193.615
293.847 344.822
422.550 423.995
418.633 158.791
354.619 73.817
219.572 336.839
369.700 157.568
32.669 133.285
479.894 185.169
437.069 472.875
373.773 447.166
40.738 375.291
96.116 126.635
153.133 400.440
155.132 296.764
48.054 342.060
440.411 408.663
216.671 37.946
51.282 210.739
248.478 388.994
83.456 461.130
260.980 86.178
58.565 164.049
407.936 414.381
156.905 165.109
109.307 17.028
162.066 365.734
133.683 145.257
308.830 126.680
367.145 187.889
136.915 353.116
492.030 161.258
62.736 107.958
184.690 109.418
396.905 60.238
100.596 465.380
419.035 161.140
414.913 474.682
195.660 93.411
290.814 499.953
208.634 383.949
489.904 395.003
471.218 337.484
20.417 378.270
463.402 286.319
99.593 184.792
170.267 0.771
15.577 32.596
441.591 230.064
136.640 300.702
218.903 432.266
453.349 155.851
461.815 158.252
385.534 332.616
250.902 499.444
391.593 196.665
466.370 66.960
301.459 245.021
25.509 39.140
386.962 376.571
462.355 295.297
365.440 284.193
346.410 302.292
281.738 377.490
253.673 20.197
