381.849 122.037
463.277 197.033
252.985 45.931
193.655 466.978
287.341 236.545
232.067 212.266
328.688 498.302
491.865 390.481
239.799 475.974
123.800 425.810
367.795 376.260
396.706 15.553
103.792 115.274
359.563 178.705
217.035 309.959
39.861 81.325
180.628 459.143
393.562 496.901
32.754 127.003
68.604 42.491
467.955 287.138
217.909 210.521
238.825 96.072
263.679 92.638
257.390 401.136
390.478 274.151
303.721 132.805
389.096 276.527
411.686 302.058
119.236 81.562
264.408 234.920
304.243 353.618
84.430 462.413
39.961 77.411
276.184 262.713
495.971 118.422
356.646 250.682
457.098 259.462
165.440 295.655
361.093 90.981
119.247 139.466
180.358 328.877
158.037 490.675
88.654 317.885
340.999 389.570
338.027 40.234
174.543 474.997
254.601 161.029
339.675 249.780
398.472 58.205
213.874 101.944
69.158 499.759
201.212 475.192
362.182 244.734
319.854 475.213
147.656 362.821
38.333 439.086
466.939 370.312
314.583 39.051
159.668 125.804
180.171 170.246
107.735 349.258
56.472 35.917
157.544 300.129
299.283 313.983
240.813 12.160
476.281 95.083
382.610 235.383
67.869 244.114
360.094 277.844
434.866 286.449
203.592 303.842
290.848 63.875
22.810 374.634
133.357 222.225
328.237 50.477
40.127 456.249
290.103 428.378
491.221 40.614
124.572 336.895
72.410 32.913
385.290 436.441
289.379 352.181
232.677 188.014
276.005 275.531
243.617 158.401
367.722 59.602
382.271 49.530
174.299 33.741
134.398 310.628
483.510 61.788
363.334 376.663
79.775 293.605
227.030 141.457
70.604 392.588
114.364 280.962
428.490 238.729
325.398 101.014
432.216 351.517
473.803 470.378
425.272 260.031
121.607 6.207
181.866 108.578
467.654 82.087
23.529 329.911
335.869 246.466
484.155 90.522
305.230 129.946
78.841 465.675
480.539 236.650
478.243 218.873
382.405 177.125
134.501 370.066
164.492 39.146
393.589 409.117
307.500 167.669
167.815 222.124
150.893 312.185
345.481 327.121
19.362 473.182
1.485 85.941
275.682 64.306
21.051 392.182
293.951 395.555
44.524 268.305
130.534 16.187
442.611 311.731
491.367 388.479
412.556 321.180
198.929 376.031
59.509 257.103
15.288 140.374
394.847 484.642
333.414 391.849
42.185 34.500
125.091 330.430
392.620 333.258
187.934 228.837
105.608 216.513
126.959 423.523
152.559 261.611
18.786 266.596
120.593 128.332
465.534 350.863
422.487 28.009
265.807 121.320
434.802 465.507
341.686 101.364
113.854 222.225
82.470 489.250
460.251 198.486
170.752 112.739
348.045 472.099
461.571 351.414
288.896 205.412
474.290 270.571
233.566 143.953
240.994 496.816
192.682 458.765
184.087 459.554
459.374 282.553
14.366 178.154
440.957 222.616
453.146 262.751
265.950 86.541
298.580 50.816
287.253 193.452
391.717 103.759
236.495 41.409
142.848 344.293
495.912 346.902
300.784 325.397
81.892 433.811
288.164 97.113
40.607 35.410
278.578 66.828
267.474 35.978
40.520 458.409
13.241 480.824
52.043 455.112
169.882 189.610
469.875 376.196
446.341 24.049
200.395 317.938
233.449 373.120
122.908 340.613
79.952 344.181
364.727 39.432
267.785 111.700
173.956 380.955
143.543 142.846
480.466 452.090
307.111 480.348
0.766 178.174
239.427 368.372
180.237 397.085
249.224 378.158
144.149 48.820
87.708 433.240
239.788 333.147
285.613 197.847
258.775 325.554
87.045 54.436
441.795 282.710
425.002 47.833
342.933 428.125
292.438 201.229
312.707 350.805
367.910 400.195
280.260 371.097
413.787 359.552
145.579 369.972
417.360 49.279
422.527 2.587
336.312 49.882
153.572 157.337
445.417 175.271
353.407 462.254
418.980 69.070
218.272 469.857
43.661 301.724
143.962 414.460
68.329 159.795
451.294 266.336
394.729 163.365
377.371 491.180
94.167 476.024
21.536 286.890
329.919 127.182
50.442 240.875
79.855 282.185
276.411 313.336
207.269 161.099
20.730 52.765
262.103 475.722
24.955 176.209
331.645 488.509
242.784 423.008
249.867 429.935
271.998 69.464
59.198 345.698
309.926 361.488
347.476 114.972
420.519 246.912
234.379 159.399
240.292 92.604
261.456 171.340
233.061 186.565
346.960 126.455
205.255 181.604
7.592 284.999
81.298 476.604
229.547 93.618
240.518 401.001
457.134 358.039
262.475 447.723
97.336 236.333
431.903 216.124
20.773 61.710
143.929 39.063
435.905 11.039
248.448 487.434
274.410 111.836
278.524 338.859
129.557 204.223
455.453 88.022
251.479 405.133
37.233 229.942
349.450 487.723
484.613 236.617
229.813 197.262
216.559 384.377
99.374 499.520
217.832 23.786
36.536 180.813
385.331 2.491
374.980 335.065
106.481 299.059
418.408 497.799
368.682 114.483
110.796 476.220
143.963 179.151
298.475 63.001
305.579 249.267
352.065 27.664
390.848 80.727
205.272 206.518
348.563 281.531
135.664 361.211
38.521 435.031
245.787 488.314
379.666 332.156
1.144 415.127
276.870 383.817
371.808 0.983
173.913 166.646
202.754 356.046
461.006 445.982
356.768 175.792
475.366 396.564
233.325 323.169
48.428 171.341
387.752 378.085
461.325 401.307
453.197 459.081
15.163 8.552
490.315 473.721
283.214 265.980
287.137 201.552
435.874 310.724
77.121 1.013
476.684 431.531
401.975 483.628
264.315 440.658
52.729 14.929
40.815 297.359
153.328 29.947
47.503 260.256
343.776 296.934
72.581 196.785
179.737 220.968
82.338 310.699
211.086 109.919
342.360 359.468
439.383 465.361
334.586 442.764
257.205 290.862
407.544 343.402
364.064 200.858
299.701 337.874
343.406 373.992
315.428 481.967
238.988 84.951
331.746 496.279
304.367 117.757
375.526 368.930
242.249 57.175
306.105 271.500
181.063 150.773
140.478 191.521
24.533 314.028
406.581 147.363
145.939 93.243
234.314 273.908
200.518 218.292
484.433 223.868
189.142 351.558
149.563 125.356
197.547 216.680
450.113 169.721
19.577 247.662
337.037 280.734
39.064 214.135
175.312 64.203
155.083 110.288
92.893 190.675
429.584 491.705
343.380 300.160
94.633 483.776
241.093 401.239
403.078 104.652
0.048 337.019
182.280 302.345
216.553 486.453
17.393 169.115
475.320 15.644
210.895 100.150
209.488 264.828
52.148 229.189
177.489 403.602
438.816 0.824
262.442 209.769
155.608 160.481
369.298 314.878
405.066 167.433
476.454 485.429
66.233 282.085
334.499 181.153
129.836 31.446
213.057 439.516
89.477 138.362
357.476 394.647
464.759 237.748
173.332 65.570
194.615 444.106
69.256 61.733
38.951 475.022
90.334 15.091
283.372 447.702
200.035 1.085
74.236 448.631
485.507 446.879
203.336 395.689
369.410 390.130
336.399 56.651
99.145 115.477
284.719 144.242
333.290 139.381
27.963 258.586
309.669 419.276
103.325 359.549
409.355 375.046
359.329 243.202
421.214 189.359
293.520 440.984
336.045 186.023
387.080 21.785
415.011 154.847
60.422 289.521
14.728 117.951
400.607 118.501
445.324 154.108
124.503 351.386
311.842 199.307
437.829 387.134
74.097 62.925
259.165 239.432
111.914 182.647
272.221 193.877
37.091 77.579
333.579 152.406
424.843 303.087
230.885 264.726
65.529 10.754
197.889 339.551
100.800 415.448
171.118 30.799
464.947 418.501
493.630 422.010
274.097 495.029
378.302 61.575
394.535 12.784
185.583 493.271
39.611 44.157
337.736 251.699
73.073 73.066
143.641 414.215
490.694 54.401
381.187 423.858
258.633 181.856
277.947 265.435
160.122 62.629
453.641 150.090
20.628 295.435
388.008 187.933
412.254 339.358
51.938 236.423
299.241 132.151
431.071 215.288
32.804 70.314
68.341 482.093
354.218 198.736
70.576 451.275
51.405 485.074
145.611 492.166
495.984 313.571
33.918 314.930
218.083 423.161
91.523 480.093
58.841 46.098
402.715 241.156
153.539 199.872
118.239 47.022
46.896 126.869
35.836 100.577
364.646 357.805
373.981 377.135
402.316 7.829
57.081 130.955
248.460 446.832
396.080 173.553
309.472 498.035
446.051 457.046
331.002 84.286
301.824 333.335
34.396 454.684
161.115 439.036
129.264 360.501
394.151 461.175
264.402 237.783
424.583 186.664
205.882 229.006
465.384 339.098
107.568 143.656
93.957 463.112
264.720 157.988
485.123 460.407
56.307 310.906
401.545 196.266
333.146 193.267
362.219 133.571
49.236 345.889
402.594 17.563
32.929 345.948
280.667 452.914
323.041 424.282
499.800 72.492
306.132 159.166
399.129 154.792
264.295 224.184
323.952 197.167
240.145 360.579
181.547 83.521
145.178 112.140
221.634 485.245
13.080 495.815
182.364 12.931
38.044 189.621
247.346 28.569
137.718 136.951
105.979 448.357
218.666 354.095
38.522 113.447
361.876 454.173
18.016 181.866
439.701 37.110
47.228 47.211
57.989 53.547
220.653 490.316
420.497 348.637
106.836 410.130
310.796 330.073
465.586 6.128
141.752 106.892
478.574 460.929
348.756 495.853
74.697 112.894
172.568 308.747
379.690 215.112
343.858 186.919
261.890 86.399
221.646 103.180
142.965 108.430
128.733 464.323
417.332 99.632
306.828 56.089
498.416 39.129
97.494 259.535
254.932 14.542
376.183 141.400
229.620 106.253
174.984 287.232
196.407 283.727
458.342 380.286
29.800 383.462
84.036 489.763
226.066 178.332
148.171 469.502
64.386 312.092
387.334 243.468
224.118 265.958
181.703 211.868
401.291 316.073
373.970 352.063
281.974 441.681
181.587 427.874
146.179 209.721
483.806 85.293
496.098 321.724
479.473 277.088
244.168 127.942
138.025 210.721
170.624 315.059
5.119 233.877
88.136 493.595
30.376 51.794
221.699 456.805
328.826 15.877
187.824 112.991
467.862 96.959
418.277 148.831
148.693 89.548
399.058 89.924
74.392 116.121
144.982 385.700
498.013 38.314
333.959 455.060
89.592 76.892
166.288 335.496
49.067 475.385
102.491 79.114
242.472 103.915
16.767 238.717
457.929 389.469
412.087 163.852
208.532 159.951
499.942 392.494
101.197 211.614
101.547 256.589
232.065 48.110
267.292 434.946
169.236 411.469
153.913 149.053
494.480 496.304
92.238 204.983
277.367 491.677
188.818 42.804
220.326 304.600
477.509 16.843
388.635 352.403
113.914 198.719
49.511 261.116
38.910 409.787
47.627 188.639
468.605 495.575
108.851 238.797
486.131 96.780
173.945 254.107
181.586 414.009
289.219 157.709
415.662 58.265
441.130 412.603
219.579 428.885
175.347 50.192
171.715 149.451
333.648 300.345
378.378 115.503
170.366 71.503
446.679 112.447
269.022 114.732
147.324 210.511
304.654 45.477
185.142 389.160
241.344 402.596
340.775 230.790
