351.915 71.814
55.526 194.238
423.334 50.545
390.282 251.473
347.761 196.190
271.811 422.432
362.360 320.870
486.973 423.336
423.751 95.138
50.274 248.563
437.762 68.587
321.862 81.867
127.268 59.978
206.750 226.329
28.851 182.942
365.425 396.951
38.193 209.541
81.489 318.223
324.071 394.128
272.551 111.346
354.742 92.506
265.194 52.670
473.171 314.104
485.234 13.533
462.704 175.076
239.424 236.638
248.577 393.606
325.235 72.279
231.590 335.584
286.783 285.485
286.655 248.351
333.339 179.813
392.064 465.179
179.550 136.267
401.540 103.372
475.514 187.162
172.071 470.720
151.069 245.388
38.043 159.360
347.331 247.157
249.156 213.321
237.430 467.700
397.337 141.105
7.237 265.450
28.286 186.170
199.017 80.816
36.271 394.114
163.190 439.779
54.994 439.716
104.600 303.205
165.694 248.406
42.418 420.301
163.138 492.889
44.394 456.154
23.245 112.461
302.679 96.915
434.549 252.103
287.267 303.722
338.150 55.631
291.982 65.232
252.021 200.670
400.398 173.742
106.668 420.398
316.660 331.952
464.970 213.398
193.203 300.858
197.848 238.285
383.484 103.026
327.779 327.396
178.577 80.349
96.479 409.329
146.892 149.566
401.278 413.975
485.841 13.656
205.503 80.149
427.309 103.919
448.103 335.662
326.341 258.470
258.063 213.721
266.978 27.559
314.812 52.408
23.545 373.862
40.468 53.822
294.847 113.393
159.948 37.142
253.184 71.107
178.108 370.151
144.992 253.163
452.295 124.488
256.410 71.836
156.648 18.028
87.598 229.760
390.082 355.311
230.530 404.235
384.099 367.140
309.546 473.311
42.065 489.262
106.385 264.039
439.960 22.794
197.113 315.637
485.419 185.083
416.447 226.062
90.299 315.814
492.214 77.282
139.986 298.550
462.935 291.822
187.726 256.735
21.542 213.367
138.212 87.357
288.135 241.986
453.697 180.021
39.613 28.004
309.338 472.609
260.470 169.804
207.178 434.919
220.529 403.933
177.122 54.198
198.002 61.762
414.460 82.710
261.133 244.223
88.058 482.963
40.721 343.339
207.855 438.608
315.273 274.327
56.973 356.197
254.151 63.879
59.986 372.738
100.157 422.237
222.601 290.747
191.123 93.751
463.082 265.589
421.074 54.756
193.516 404.185
302.722 338.886
330.736 402.168
42.450 453.171
57.699 62.940
277.329 13.509
375.795 286.360
41.585 246.764
343.153 486.405
116.300 146.080
292.629 361.927
142.464 236.715
142.025 18.895
260.114 307.365
163.937 338.839
361.290 109.923
379.577 295.207
89.739 88.251
216.671 198.737
98.191 416.262
164.918 191.460
261.826 456.422
192.721 420.184
318.426 433.036
168.738 484.278
318.571 490.672
285.268 359.875
170.815 391.229
483.909 106.982
487.460 45.043
142.511 130.811
11.611 453.994
148.468 121.477
219.054 292.568
413.817 174.814
335.231 85.119
59.159 116.163
1.187 213.004
411.457 403.037
75.507 180.970
126.426 13.977
59.987 265.933
105.664 409.228
231.008 24.652
335.693 395.084
465.648 36.793
146.547 416.601
165.737 446.649
129.288 439.078
484.424 112.215
6.093 352.631
488.461 190.593
146.291 122.563
454.661 298.868
86.344 411.221
479.236 438.759
452.976 468.651
424.754 459.017
54.680 466.951
223.035 444.967
185.764 401.806
244.907 293.868
208.918 180.121
110.374 433.010
67.541 141.051
22.442 235.914
128.866 338.180
16.298 315.897
424.105 6.149
165.404 290.974
336.627 123.414
384.928 499.252
202.127 418.298
274.969 447.939
265.499 272.280
49.055 427.201
435.001 147.370
60.219 201.610
295.228 448.858
23.909 47.430
207.507 410.000
108.070 8.128
81.774 221.907
293.513 490.003
97.685 253.653
164.223 338.375
329.242 485.505
244.687 373.303
162.476 274.508
189.014 179.548
146.247 322.919
221.503 315.428
351.510 498.915
434.969 13.942
473.290 156.409
67.680 380.271
163.931 143.578
190.825 20.305
51.493 342.135
149.504 299.153
343.562 370.042
415.853 376.691
361.854 394.887
71.904 94.244
196.551 235.041
245.340 235.465
213.246 257.783
22.860 384.036
160.869 82.100
14.016 202.348
190.930 258.869
10.640 313.074
405.690 469.748
477.615 47.919
174.241 163.783
157.832 108.899
37.741 20.315
430.602 8.881
66.422 383.281
193.310 3.397
469.368 443.449
174.301 458.352
223.814 271.885
50.979 394.794
259.792 62.147
244.700 106.024
379.940 451.501
75.320 447.538
27.592 165.919
85.432 476.682
450.100 119.015
405.395 269.424
372.136 479.228
128.168 164.135
387.608 220.812
232.510 103.922
234.442 397.023
459.011 337.604
341.147 411.594
2.621 451.190
191.871 250.294
152.767 167.623
478.611 337.778
418.163 363.976
271.785 326.730
149.611 103.618
155.519 282.625
72.195 70.458
181.375 322.197
338.143 225.630
53.392 462.326
50.361 83.587
118.379 94.632
430.620 388.765
175.969 462.354
311.707 333.899
6.716 141.067
211.328 486.792
32.113 450.352
87.299 381.155
342.548 195.111
204.947 491.501
105.381 71.218
427.510 138.385
265.403 163.614
314.108 495.835
121.958 375.135
441.075 111.186
313.096 326.938
3.464 161.367
229.611 7.278
422.514 136.132
26.253 31.898
224.888 378.613
253.690 471.510
378.110 288.142
29.421 478.144
28.911 354.234
74.241 122.276
402.620 258.558
361.788 87.176
301.124 446.006
237.699 304.763
175.607 491.465
254.397 81.279
360.171 92.304
136.833 74.313
448.275 396.108
407.400 239.452
329.791 223.927
436.612 499.229
8.977 30.308
68.333 461.947
287.498 285.656
264.968 231.054
204.889 253.335
108.408 422.798
382.782 233.875
104.366 21.818
181.249 84.096
167.892 479.437
101.584 143.939
117.575 401.821
96.289 83.584
141.390 210.528
323.115 282.929
151.105 103.251
15.301 156.487
105.556 365.542
299.658 254.922
305.091 198.417
206.926 183.853
483.203 94.259
442.474 400.018
52.283 9.513
228.697 127.895
289.523 317.226
355.208 210.669
97.398 89.200
235.378 18.717
110.647 200.240
324.110 254.966
241.593 212.138
252.617 239.531
346.322 385.717
0.546 385.002
484.266 298.237
387.359 351.278
68.936 367.467
203.419 216.691
173.170 473.364
447.995 209.030
146.367 21.331
282.938 30.701
191.438 374.746
96.504 245.711
259.377 391.654
256.751 480.571
11.321 199.327
328.608 331.198
261.462 16.658
68.750 349.616
188.997 274.444
284.240 393.435
383.051 484.450
425.624 1.588
16.673 246.568
121.635 462.206
26.813 375.320
116.903 365.077
293.092 169.226
77.679 47.579
250.666 187.768
197.301 421.654
27.248 281.170
484.081 224.810
462.791 233.636
331.268 479.884
197.860 61.742
285.288 146.575
158.932 185.099
478.419 339.733
477.300 64.286
75.120 488.189
147.662 402.722
59.580 78.306
240.635 73.125
10.413 348.802
180.612 210.777
452.957 353.203
303.920 134.196
245.584 313.067
106.999 258.352
213.340 491.043
198.845 338.772
361.569 114.437
158.690 349.613
180.382 109.763
308.828 282.033
21.041 404.011
209.497 11.280
331.588 61.525
196.096 50.615
369.610 183.736
233.902 350.542
26.146 75.207
43.130 352.764
266.114 46.378
174.226 157.856
204.368 266.245
39.128 179.831
133.594 419.454
415.570 237.875
415.080 348.462
386.751 494.168
463.250 444.368
308.842 397.296
1.260 361.785
377.151 60.486
49.885 440.890
259.363 441.645
213.520 465.161
399.085 255.079
11.731 171.700
221.245 420.498
184.518 218.883
213.589 218.303
126.746 257.829
129.237 141.896
406.036 163.441
213.342 271.099
73.660 185.353
259.249 11.415
269.576 456.122
442.627 219.706
77.708 162.893
265.871 397.234
441.826 392.225
389.670 398.478
100.526 390.320
391.568 464.145
476.712 311.235
460.861 484.143
240.052 251.280
370.731 254.034
373.755 292.441
142.517 325.125
26.682 319.911
274.864 431.668
55.955 368.913
2.723 133.553
271.324 105.592
392.786 172.870
335.290 45.059
306.205 422.901
411.114 129.370
373.084 454.478
399.531 69.067
226.361 96.237
496.918 392.389
400.550 299.392
86.309 164.923
163.097 132.885
154.298 315.442
160.244 190.020
446.890 491.986
310.974 140.434
47.393 187.874
215.089 48.900
192.349 329.364
7.670 489.079
356.305 452.719
417.991 242.055
377.184 403.805
450.033 144.689
130.316 102.189
6.951 134.083
34.085 125.466
30.013 2.729
383.319 41.154
145.673 107.219
155.933 402.541
410.704 370.079
302.671 225.463
94.794 5.286
107.907 419.572
112.459 232.479
420.181 316.429
175.303 46.670
18.226 377.475
216.882 200.702
165.776 135.674
253.640 16.778
354.035 352.075
27.186 330.836
114.276 171.304
55.290 39.875
379.737 38.175
42.731 313.628
167.481 276.047
296.820 403.207
188.881 66.894
279.748 321.771
486.716 265.000
339.918 149.149
252.162 461.219
285.072 129.583
182.314 263.338
489.539 58.239
480.003 311.828
366.990 422.331
16.795 96.674
484.620 433.186
347.274 332.843
343.726 172.200
156.231 463.980
289.570 457.630
111.171 465.545
270.594 23.218
449.666 308.950
182.464 432.955
292.876 374.374
147.285 152.550
222.943 279.818
258.826 283.340
193.008 413.694
256.516 7.903
18.672 131.494
21.314 330.573
294.203 198.914
6.979 177.101
181.648 101.488
383.067 265.827
231.243 74.248
71.490 305.306
127.561 286.803
332.915 367.958
235.744 37.370
235.409 366.961
176.597 254.628
306.103 294.586
391.850 165.151
249.098 105.848
394.664 225.847
302.666 80.770
388.686 313.694
206.179 481.286
260.859 17.144
334.545 282.902
129.355 298.415
74.465 156.727
195.720 47.633
307.473 245.696
264.189 265.326
140.213 172.597
168.716 217.694
94.987 438.776
194.805 119.962
177.581 463.813
50.036 445.653
464.202 22.825
152.855 412.731
183.645 419.380
411.791 451.868
160.244 283.948
113.053 364.198
155.901 378.265
453.374 226.756
147.398 425.017
496.262 384.862
31.225 175.993
147.402 361.288
97.536 2.698
474.387 156.233
232.963 196.974
412.388 57.222
38.920 230.747
308.832 70.139
300.145 219.554
99.630 231.075
196.443 461.497
353.609 3.225
470.044 56.613
401.242 412.991
223.318 72.965
378.131 278.159
78.667 47.378
194.496 300.702
466.374 159.739
86.902 135.808
308.077 351.997
476.303 364.991
84.334 127.775
397.399 155.321
339.338 68.437
107.872 239.092
494.289 479.153
439.813 385.960
3.864 283.693
121.007 204.548
43.739 128.421
11.936 332.366
306.803 366.134
337.240 418.352
244.041 364.465
384.065 115.939
68.059 81.546
169.210 335.252
265.389 91.181
39.505 33.563
334.720 429.314
305.277 296.533
69.517 173.834
