216.995 91.383
326.441 454.087
356.978 403.253
7.209 404.790
243.651 324.346
213.378 389.380
314.899 195.681
87.832 241.307
373.920 363.114
408.916 171.455
92.587 358.005
231.445 260.175
134.849 188.290
51.858 353.971
194.336 130.084
464.954 323.982
175.620 93.390
151.378 173.795
275.373 170.771
368.037 474.889
365.352 272.938
455.448 386.108
400.744 478.685
93.143 482.051
95.784 362.279
385.690 107.150
333.728 61.019
135.036 1.936
204.428 180.580
422.514 268.286
316.804 26.790
267.075 376.203
206.772 1.426
252.180 233.124
294.378 439.096
102.265 333.509
180.748 289.055
421.281 47.968
306.201 275.333
185.815 2.924
304.192 164.776
312.105 416.921
485.531 228.660
495.492 266.668
22.684 139.083
55.156 339.751
311.876 441.881
197.149 116.862
262.120 183.152
445.693 321.939
375.271 154.517
208.112 215.216
31.888 43.478
39.036 364.680
150.345 412.166
218.045 404.260
259.093 39.359
449.021 249.206
413.410 396.833
10.137 125.551
294.474 406.226
70.290 34.842
465.497 179.333
435.786 486.375
312.630 436.231
422.172 96.169
289.856 217.442
245.540 405.385
387.275 134.658
134.308 83.212
231.306 336.967
106.064 408.975
332.649 318.691
240.738 238.316
271.329 322.297
388.740 105.311
32.669 154.641
144.757 404.949
393.705 326.076
15.798 246.329
357.671 347.814
437.959 372.593
398.718 75.095
274.679 346.664
291.575 405.426
6.349 422.503
37.582 265.652
302.158 436.099
148.282 186.378
444.055 392.670
318.803 379.938
220.555 321.394
431.445 126.323
438.229 285.970
188.874 176.175
415.960 432.618
86.819 209.902
366.772 488.261
446.297 159.522
396.574 30.531
389.339 449.795
98.184 327.830
176.130 199.700
489.125 118.194
360.946 401.254
319.089 409.062
428.253 176.122
427.334 72.221
430.066 3.377
155.331 422.818
311.708 29.280
472.832 32.258
364.807 31.740
258.573 319.575
144.045 221.588
244.746 143.873
141.610 327.109
144.430 49.945
350.643 124.552
201.627 56.874
161.114 315.988
276.765 430.913
498.335 429.214
156.350 231.433
288.763 99.512
436.775 194.676
345.914 259.411
275.976 284.316
190.819 21.120
162.952 6.623
183.963 480.894
81.565 201.365
86.790 404.818
17.056 408.627
381.940 10.560
154.276 396.166
258.406 313.628
225.717 486.848
401.574 277.728
373.032 78.521
40.491 351.154
215.077 320.805
197.472 128.589
381.105 32.016
221.305 4.395
430.991 327.668
260.159 19.135
234.727 356.330
332.173 359.406
478.623 71.434
305.106 80.695
380.075 73.088
349.757 499.894
118.672 175.935
337.131 79.462
42.551 330.797
58.626 328.020
27.203 69.186
430.483 435.202
86.238 366.826
385.946 327.450
25.846 494.043
401.462 437.993
40.090 178.956
381.596 179.593
498.896 364.811
108.278 180.914
275.378 332.110
347.088 240.421
199.130 320.287
77.112 370.485
453.623 111.785
291.875 242.589
304.027 333.211
490.969 224.163
263.913 487.222
158.590 40.037
178.038 138.264
208.763 466.355
3.611 176.315
83.950 162.860
123.981 294.702
459.734 171.806
356.111 247.846
353.424 274.661
276.771 222.960
288.683 326.969
144.193 478.058
483.781 3.031
220.053 242.790
321.040 303.588
179.142 113.653
470.150 467.355
98.472 477.488
411.848 151.947
114.783 136.902
374.177 49.764
393.944 304.015
433.795 200.161
429.402 388.300
246.526 182.262
386.892 107.539
390.659 121.498
377.097 240.459
58.008 19.968
464.172 337.237
478.042 450.658
102.327 142.612
243.547 276.966
278.725 262.862
376.177 211.534
160.322 31.797
25.365 25.985
71.719 473.938
334.918 85.777
329.216 114.742
134.389 46.151
14.373 176.482
359.065 422.053
83.719 139.314
491.545 4.533
239.884 190.078
320.587 24.492
449.233 254.127
376.087 469.372
205.019 133.255
312.583 447.481
296.542 46.439
252.008 78.088
358.306 7.137
339.236 354.272
171.551 237.994
73.890 451.457
81.521 216.768
466.529 279.000
494.107 136.175
439.628 205.372
33.867 220.484
478.904 256.471
380.879 401.794
375.444 319.459
253.459 337.803
5.455 23.201
237.704 290.712
83.957 37.420
357.010 435.601
179.019 61.799
488.218 146.673
477.780 246.212
163.982 400.791
494.094 364.514
445.039 58.603
105.363 353.526
229.588 31.395
202.540 336.690
329.848 17.658
435.900 347.061
469.570 373.473
453.450 421.309
284.059 467.076
35.003 441.036
304.702 444.165
76.274 393.553
69.565 409.543
482.535 143.843
363.816 91.164
169.813 355.307
84.969 459.466
194.150 159.295
467.700 65.080
197.427 291.532
281.816 378.816
490.667 143.175
256.179 411.326
491.190 111.316
58.204 89.623
409.045 90.401
383.077 353.733
304.934 465.063
68.311 49.308
23.899 142.158
145.505 17.978
499.393 186.732
180.510 135.556
297.460 402.633
143.483 297.886
86.622 39.879
283.075 387.643
183.971 301.174
110.143 388.518
346.498 469.743
424.080 421.413
124.529 45.503
8.461 24.590
70.844 386.478
430.779 165.003
228.589 458.356
178.871 5.348
360.794 9.462
32.621 138.247
207.663 358.115
257.623 3.848
156.443 76.471
209.384 323.179
146.755 334.151
388.099 46.990
177.816 222.502
419.762 195.600
386.798 110.758
499.449 348.853
209.472 360.567
435.404 166.948
445.569 293.235
459.617 55.729
147.605 246.712
311.329 429.574
324.141 125.874
200.400 36.271
183.172 487.916
80.823 42.094
172.337 277.810
51.214 229.656
143.339 39.444
449.199 498.473
152.384 381.516
405.345 455.548
317.302 401.066
23.582 268.356
454.343 480.204
336.454 340.512
52.057 156.064
494.955 426.868
385.665 491.549
230.822 189.115
414.232 241.578
163.007 350.429
93.794 119.472
337.242 340.506
368.307 21.888
53.084 406.659
405.068 270.725
373.595 246.437
82.833 428.566
435.877 215.789
42.618 58.502
245.393 174.360
415.301 228.941
167.235 54.267
209.981 353.946
107.238 447.362
388.626 140.891
361.680 125.844
254.554 130.894
88.193 75.131
145.467 309.162
164.015 473.277
8.456 397.309
440.345 395.875
118.384 200.190
460.852 97.024
296.922 459.009
456.564 428.601
185.489 30.872
58.396 43.531
439.711 109.468
122.546 278.251
436.191 192.149
150.336 60.180
161.282 499.817
243.452 354.688
475.495 338.877
296.330 184.026
93.944 184.189
253.837 465.681
120.535 265.147
177.421 240.642
481.881 302.288
196.681 106.609
250.930 85.487
195.683 99.096
80.540 360.043
481.698 339.704
310.695 51.745
59.946 418.081
50.823 105.211
219.976 237.736
475.160 71.261
420.351 482.200
194.060 190.031
378.714 297.629
397.170 478.599
483.811 95.414
449.742 40.760
440.407 102.882
421.957 406.362
120.664 102.696
87.141 468.392
80.008 66.338
191.227 283.957
244.767 343.211
402.632 396.045
129.272 347.374
321.119 130.645
361.954 443.356
19.907 492.699
8.256 442.693
191.899 438.893
108.631 231.188
142.222 202.941
330.402 68.894
407.394 108.554
363.035 444.312
41.703 345.831
433.034 85.576
488.238 90.821
383.945 433.175
117.189 463.417
349.092 469.878
422.828 449.440
45.588 458.721
367.899 397.328
312.564 137.833
53.501 386.204
251.204 352.171
59.922 219.670
131.964 499.686
37.350 69.789
314.560 124.107
216.129 119.646
195.068 347.519
459.350 183.022
287.126 271.405
269.802 440.833
382.475 246.598
47.724 313.417
253.071 243.339
404.469 339.195
234.318 371.677
253.698 410.685
11.039 325.242
38.744 263.495
329.129 413.204
56.741 390.808
370.191 341.250
310.843 156.434
280.058 250.756
481.876 254.745
14.453 461.990
191.179 366.149
182.992 90.104
464.832 95.485
4.358 284.771
374.755 311.415
240.081 176.961
315.253 90.345
345.088 115.836
347.295 206.129
290.435 419.375
102.720 393.224
354.234 66.776
23.438 230.386
342.596 408.222
362.208 133.700
52.472 109.916
394.762 26.463
423.658 277.132
197.095 147.096
265.664 198.771
377.264 301.482
80.380 102.149
178.106 78.160
438.431 58.018
28.550 203.634
45.715 339.508
58.952 262.791
312.577 29.135
252.967 480.265
45.630 167.314
0.189 252.970
103.936 467.382
122.077 18.840
317.382 438.435
260.104 133.404
160.266 83.868
460.455 122.074
189.002 195.426
73.015 390.756
483.724 133.909
67.193 119.703
61.290 413.454
489.094 122.557
99.617 174.474
130.353 194.887
210.148 241.470
439.343 85.762
118.815 292.840
222.459 54.058
268.053 414.291
405.401 343.632
99.658 467.152
356.527 441.741
34.991 442.785
77.508 16.215
493.958 8.309
420.878 418.421
189.339 200.356
385.952 333.370
462.035 224.584
69.240 86.314
185.759 292.780
399.594 35.718
281.809 95.477
392.163 55.015
367.242 65.178
174.490 21.277
247.427 126.153
415.933 370.314
99.882 3.081
150.655 329.904
210.991 30.463
103.176 396.415
264.097 311.781
167.057 345.389
123.198 86.745
49.744 433.812
256.746 482.513
228.339 208.861
356.663 422.097
96.977 63.042
82.147 153.686
217.644 332.171
441.796 393.503
491.609 462.299
168.870 301.784
334.534 424.707
330.540 129.042
298.743 387.990
354.234 16.814
345.890 132.370
281.226 269.006
214.797 346.722
422.029 452.478
329.009 456.962
410.531 446.547
302.216 293.026
326.183 334.964
102.453 348.028
456.323 50.082
189.608 406.583
68.329 322.381
75.324 354.467
80.724 489.126
373.110 377.633
135.801 482.661
362.601 360.570
211.763 234.506
478.779 333.459
472.034 321.335
160.224 366.361
119.313 310.268
441.217 249.689
492.102 347.564
92.533 104.109
496.678 210.129
250.832 18.343
447.287 90.069
100.040 470.496
136.970 183.784
354.046 158.938
141.482 443.583
206.821 361.873
258.613 141.436
231.268 46.751
97.006 448.157
233.954 62.864
151.562 140.828
458.710 336.420
81.700 168.677
47.884 129.053
170.804 332.219
351.137 265.025
22.466 172.004
268.913 358.738
120.588 499.742
359.414 145.009
482.611 173.404
426.366 274.047
27.944 168.258
66.702 498.239
201.143 106.076
253.170 19.686
449.257 13.040
129.919 7.007
453.660 187.560
220.071 48.717
290.033 87.816
485.498 128.066
354.988 108.467
415.639 307.729
195.803 139.464
242.071 295.434
488.094 338.211
333.313 286.065
108.511 271.912
361.749 221.081
322.255 210.855
283.836 70.692
478.184 45.280
427.572 90.946
268.311 184.536
335.586 262.816
311.851 470.161
405.075 437.320
304.847 382.652
200.623 3.560
76.389 444.602
193.337 288.674
419.689 453.371
231.014 10.064
456.256 222.228
336.715 249.220
207.658 166.782
167.743 472.722
182.156 207.331
336.011 4.257
