421.631 133.490
327.103 380.478
259.104 277.601
482.283 457.821
151.533 132.091
210.165 216.805
371.811 63.391
444.236 181.311
462.259 457.084
156.550 126.053
388.989 355.081
75.017 221.254
455.022 145.667
415.776 45.618
95.748 21.600
393.942 23.057
211.257 67.042
381.864 209.495
58.982 465.237
438.515 10.756
332.054 424.102
297.079 86.867
78.642 272.348
94.139 439.508
382.642 444.561
260.823 90.125
24.174 409.032
442.532 368.405
376.320 444.663
381.061 255.283
286.232 351.339
415.414 316.072
148.826 179.489
15.151 437.678
24.448 85.510
334.808 263.416
318.991 7.865
429.091 330.821
391.202 179.474
293.887 454.614
398.593 112.653
111.888 17.263
386.883 387.291
339.532 206.455
18.618 196.540
324.309 209.099
165.276 408.484
381.222 362.401
296.478 260.190
292.390 47.010
382.526 290.547
329.777 140.722
83.994 62.364
3.783 8.724
194.150 374.644
192.304 207.421
176.475 339.092
488.043 235.030
492.289 430.428
37.943 315.194
39.285 171.510
112.705 108.144
370.493 324.800
370.546 152.443
184.380 77.070
65.150 213.994
71.023 478.945
330.864 256.483
291.695 36.940
446.228 199.626
404.808 308.879
253.907 470.005
348.467 312.784
106.319 205.251
221.188 195.035
158.253 215.115
317.697 378.918
111.910 65.926
388.010 315.702
473.938 17.480
414.795 27.409
378.953 277.890
245.978 12.200
395.933 431.482
86.103 20.124
317.088 388.906
80.759 128.275
296.437 252.461
98.911 116.111
409.436 457.097
334.854 135.228
7.484 84.075
102.160 384.982
360.336 245.598
49.829 380.571
317.482 246.633
323.564 194.673
263.411 300.810
326.123 65.290
79.824 471.720
11.636 447.665
106.341 174.332
40.105 270.644
210.976 240.757
242.865 167.456
59.808 312.751
415.172 192.841
220.126 415.626
91.806 85.571
469.143 107.899
11.514 82.677
330.193 24.000
345.073 362.461
427.590 80.798
351.178 431.911
55.792 371.103
295.576 305.574
443.147 112.531
358.426 233.661
306.132 213.826
65.904 169.127
379.928 109.456
384.425 480.467
163.929 421.078
81.839 435.036
32.566 295.538
285.073 249.708
240.160 434.481
156.552 367.134
137.600 16.602
59.532 243.242
161.559 147.408
230.682 119.082
129.700 458.404
24.768 377.799
40.848 387.812
334.638 41.788
414.118 58.118
490.084 437.696
268.273 142.266
377.836 44.359
56.571 54.406
47.742 357.413
151.243 287.551
80.083 278.690
84.027 223.547
190.929 143.854
90.156 264.921
477.094 231.618
170.344 442.910
269.027 8.361
303.583 364.627
434.636 457.596
484.556 436.770
404.437 274.412
354.522 315.129
209.715 316.848
151.271 128.689
443.268 137.273
40.077 267.796
243.914 221.472
289.106 44.443
40.193 423.079
315.909 73.997
348.408 491.678
272.813 271.578
97.998 162.802
498.154 3.009
245.939 231.818
303.365 378.337
463.406 165.422
93.042 436.560
90.023 482.592
167.109 272.611
451.845 415.271
200.681 38.721
226.100 182.907
29.500 341.000
304.163 9.736
271.309 344.054
437.963 17.406
323.543 136.676
191.077 184.400
42.819 373.969
66.239 261.833
333.945 31.804
262.781 484.211
255.958 41.914
320.126 212.099
427.794 288.872
459.944 342.315
43.045 80.055
68.622 191.510
280.261 62.034
209.040 30.076
214.516 92.101
69.592 452.246
19.154 472.429
462.309 342.492
351.013 176.453
497.313 31.740
82.145 305.092
53.540 63.670
416.126 447.494
459.171 466.111
447.558 251.862
233.626 458.717
482.145 473.669
160.161 56.544
127.980 71.677
154.333 213.829
305.521 79.564
75.809 118.405
326.263 298.908
109.051 468.362
395.797 173.200
379.363 460.459
52.183 244.318
316.279 104.166
250.997 124.638
190.609 356.285
290.670 17.172
357.658 436.496
282.787 482.942
53.537 201.622
485.746 65.175
61.437 14.179
114.629 268.264
227.773 71.284
320.269 109.068
116.099 111.764
272.703 4.605
117.162 411.768
328.095 290.470
399.940 423.181
171.093 108.580
73.969 334.787
389.096 201.191
245.385 165.041
301.502 151.859
50.171 73.277
204.285 72.492
358.960 1.110
289.821 145.212
286.933 252.058
236.022 311.990
106.462 380.416
418.932 15.671
430.597 129.886
10.766 34.267
277.678 285.353
390.571 361.802
245.424 191.372
314.660 54.972
400.938 214.350
65.848 466.723
308.677 397.074
17.269 11.344
184.150 246.911
54.991 149.272
392.798 316.301
418.459 156.933
286.567 459.029
426.848 447.831
46.874 440.073
285.080 396.530
149.306 221.602
284.111 321.649
27.224 69.652
473.629 424.601
152.075 0.719
63.358 189.344
71.151 87.993
244.334 8.415
283.418 12.547
400.607 158.671
72.449 175.474
127.266 488.277
376.352 64.085
305.983 227.215
353.505 215.216
391.154 297.467
325.487 463.092
96.879 32.305
283.991 395.748
276.434 303.132
289.791 29.909
205.756 192.382
376.983 120.320
186.222 360.495
74.750 197.278
406.392 309.424
455.957 207.204
260.235 324.535
432.751 180.665
189.779 288.270
23.112 118.615
482.789 416.864
68.919 452.267
368.403 396.573
26.347 89.389
80.066 314.400
485.502 66.580
299.860 208.367
379.114 230.849
80.252 136.297
75.365 382.673
168.097 247.272
376.235 30.358
319.869 46.776
395.643 441.217
419.067 43.530
197.143 272.788
106.498 92.882
41.407 170.428
355.925 133.522
14.364 429.966
322.067 242.780
8.685 379.671
55.247 453.041
493.582 451.612
43.181 3.483
193.163 272.493
219.800 390.069
404.806 499.920
101.509 47.427
493.478 490.013
200.653 443.677
200.601 499.040
357.636 201.572
127.582 112.219
482.095 333.124
249.057 131.846
261.412 299.584
311.539 172.170
20.148 491.146
224.050 60.020
319.538 162.470
86.064 13.630
382.779 202.155
168.639 178.354
151.741 140.652
126.632 32.152
302.576 233.828
2.076 48.287
249.512 202.174
381.176 25.964
8.816 384.896
87.438 102.307
5.194 385.507
198.111 332.493
354.505 464.805
326.499 152.051
412.093 64.170
189.155 362.668
492.436 121.700
239.090 484.568
63.564 109.097
79.801 315.022
287.691 413.782
159.307 269.139
366.201 226.110
216.012 421.503
55.041 183.130
147.663 117.162
361.630 392.898
466.103 130.625
311.151 242.617
57.829 110.893
232.973 273.159
445.034 492.132
359.102 493.223
487.781 38.160
209.481 45.144
221.266 452.605
9.400 261.394
368.841 121.106
376.628 428.488
458.165 165.789
194.170 107.397
28.283 114.977
265.015 319.620
481.125 16.672
7.432 141.495
161.887 148.452
86.250 450.809
102.180 479.981
232.145 434.260
310.432 168.801
28.791 188.066
131.515 45.554
427.141 286.702
447.327 459.234
126.546 447.492
46.663 339.902
264.883 242.832
347.698 25.872
467.195 92.210
345.827 443.657
219.671 15.569
346.846 119.501
8.641 199.632
443.523 247.251
131.173 216.269
191.492 435.668
370.041 99.689
85.477 308.880
443.978 337.631
441.614 406.331
463.378 359.626
73.123 247.584
273.033 46.282
77.935 160.862
481.598 349.748
245.136 436.979
437.794 374.834
249.094 477.722
220.477 10.916
340.463 422.662
264.878 420.880
475.424 40.369
88.018 49.716
453.715 254.011
77.673 375.918
318.118 133.149
330.555 379.235
187.418 31.435
157.618 470.761
110.822 143.089
140.367 152.248
119.144 102.301
466.972 22.591
97.239 263.370
443.825 392.150
417.844 223.846
326.130 87.739
370.909 441.074
201.001 241.344
56.644 66.788
293.206 23.823
359.544 270.920
46.966 393.136
65.292 48.792
48.372 353.217
200.770 280.661
280.036 102.865
420.082 278.845
342.868 485.092
464.451 56.375
185.568 16.623
451.933 109.972
97.446 236.750
80.204 276.401
208.363 190.625
182.139 170.705
464.347 461.749
132.956 148.909
260.641 217.947
106.054 223.652
36.407 276.433
187.804 22.312
424.788 33.425
144.765 107.409
147.730 433.339
56.644 153.250
238.409 449.259
51.716 480.509
134.417 232.352
72.523 485.721
221.154 452.564
486.165 84.888
54.180 122.122
152.569 208.714
494.612 28.856
375.555 459.863
242.292 415.486
367.663 308.498
211.649 190.380
300.988 330.889
398.445 258.184
115.465 179.331
284.182 473.228
200.022 305.055
294.396 100.754
182.461 221.902
45.500 441.795
209.572 181.652
22.507 179.133
147.843 472.398
87.367 302.413
36.014 170.172
109.667 388.911
436.246 404.463
414.028 455.356
448.951 391.298
168.725 364.648
291.337 158.676
166.388 244.336
416.140 96.425
489.925 204.304
273.059 376.895
345.349 417.154
321.490 401.758
317.279 233.410
244.128 197.333
273.030 51.663
260.208 364.314
187.477 50.853
416.417 291.597
469.645 83.651
219.694 263.305
395.648 329.656
294.879 414.922
480.005 279.870
196.952 284.698
119.091 295.978
332.585 168.176
279.285 319.681
225.078 304.886
53.029 420.913
80.460 199.671
62.099 199.643
462.787 481.374
258.586 29.306
180.091 70.155
444.150 38.650
167.782 441.638
187.103 249.932
277.268 330.318
319.639 65.215
209.128 262.256
359.585 200.946
356.631 241.508
446.562 196.249
361.674 157.875
89.954 87.573
459.746 378.142
438.742 351.196
135.985 461.459
274.813 14.475
363.696 48.656
458.402 418.191
53.278 226.459
350.406 87.830
425.747 108.866
329.068 157.047
423.342 165.357
32.245 387.308
355.798 302.438
355.362 67.267
304.014 164.056
59.527 91.187
165.979 224.846
283.370 182.883
256.898 404.377
12.763 393.609
472.312 145.170
256.416 226.186
337.794 51.908
27.941 282.569
339.891 432.555
24.835 405.559
105.671 30.605
423.317 303.002
465.309 321.832
472.214 22.827
294.473 420.325
485.558 357.834
212.051 368.926
466.126 142.295
178.135 25.837
75.594 499.379
213.309 209.950
190.157 49.558
135.888 466.772
478.764 419.982
467.916 408.829
402.135 341.202
488.975 77.523
424.664 454.409
327.897 233.655
245.890 432.924
469.819 220.017
162.604 31.172
76.377 328.303
387.575 362.717
62.682 46.140
51.415 54.993
157.759 53.344
275.785 450.778
201.368 93.559
414.618 171.884
421.699 321.427
446.674 133.553
47.130 333.528
185.062 44.021
467.872 129.427
459.313 171.887
128.241 383.097
318.236 113.982
483.274 351.762
10.351 12.838
128.435 355.340
161.721 391.670
360.347 89.430
6.855 47.676
126.958 159.150
361.367 186.772
252.079 414.237
318.792 196.733
213.479 389.808
21.770 390.974
485.131 170.059
18.311 164.936
286.939 210.739
486.696 168.634
225.931 89.421
246.964 362.486
464.950 351.142
491.794 171.824
137.816 358.004
2.115 226.270
349.337 171.184
390.191 299.557
6.030 89.775
