287.911 210.974
372.946 428.292
87.016 46.702
351.708 288.662
17.011 249.678
134.474 425.814
318.365 238.560
284.236 53.794
93.365 473.276
25.805 78.247
182.430 208.423
401.580 271.573
456.921 214.726
106.740 162.762
256.553 166.329
229.761 69.157
331.805 170.221
325.442 322.163
19.906 131.116
465.246 80.649
268.900 246.563
54.070 353.554
213.443 300.892
403.439 368.920
337.376 319.074
176.181 111.570
354.124 124.770
42.568 261.039
333.720 193.058
452.377 114.294
184.405 190.308
384.863 428.631
156.644 484.748
148.263 448.211
37.331 394.023
249.237 25.089
159.709 309.074
155.491 217.788
175.799 188.963
250.840 203.669
346.633 144.504
37.286 10.671
432.570 372.728
497.485 322.580
374.940 392.074
40.746 354.449
34.222 275.198
298.893 496.275
211.836 143.236
36.146 278.211
346.635 281.147
145.062 48.984
55.387 403.111
1.370 144.571
335.031 25.117
164.974 10.512
200.296 66.450
11.964 390.057
105.750 119.042
93.351 21.825
486.690 265.453
405.595 288.773
379.309 379.148
404.558 482.788
454.334 99.879
389.530 474.439
305.280 355.654
416.032 133.781
183.501 173.352
261.192 267.026
151.591 261.105
153.476 170.937
318.536 67.808
302.707 129.296
481.894 25.579
91.310 102.380
73.819 463.449
356.043 118.457
310.848 95.023
170.182 370.984
423.577 310.750
267.068 291.589
301.902 270.597
8.580 321.931
241.886 31.812
329.756 240.753
117.999 377.027
195.569 35.834
345.581 89.012
166.855 367.539
491.060 178.902
480.715 171.474
469.926 486.953
484.556 191.415
255.381 474.431
13.242 267.699
53.698 110.369
4.792 254.029
332.189 47.989
225.787 13.903
76.339 450.052
339.312 127.347
458.718 122.399
384.083 337.676
56.549 258.452
296.305 79.164
361.583 255.879
383.046 475.097
242.768 463.065
412.768 447.291
32.373 190.962
427.407 131.488
6.200 198.610
268.222 45.043
210.566 313.618
404.432 328.267
76.681 209.604
138.108 295.395
347.995 318.203
162.018 449.783
129.716 212.929
247.196 461.058
196.275 356.838
69.840 103.528
309.967 439.272
16.927 82.769
14.261 462.447
92.508 12.633
326.338 360.375
196.381 301.757
255.625 380.025
141.754 125.451
308.088 78.937
498.277 210.033
430.618 85.905
357.532 426.568
0.604 299.335
498.983 348.410
379.129 290.378
448.832 0.113
488.185 109.805
1.767 6.702
173.031 227.109
373.699 392.827
456.675 110.529
250.403 375.174
179.126 52.440
242.878 168.592
370.485 60.569
148.464 101.154
239.430 464.122
226.428 18.799
139.192 52.613
374.652 83.350
287.483 322.005
94.030 163.906
117.196 50.380
275.129 343.939
4.805 118.123
291.682 28.459
108.953 304.128
0.267 373.591
474.908 269.141
324.648 210.561
229.487 299.987
4.600 122.548
20.243 465.903
278.727 209.658
90.039 379.139
118.484 208.962
362.671 156.870
380.045 91.687
352.515 93.174
274.016 467.902
256.357 248.991
474.243 191.271
259.586 496.042
80.596 185.540
317.588 26.754
382.368 457.772
339.826 467.550
201.933 410.079
127.787 375.573
98.210 7.127
19.315 474.629
269.666 370.811
400.135 350.087
318.084 412.941
191.433 432.066
191.815 284.746
398.910 368.594
399.473 52.812
124.391 23.595
260.836 403.071
431.917 274.705
459.092 452.411
262.691 224.438
388.408 316.592
142.406 144.942
136.134 279.911
428.974 233.067
215.004 489.924
230.854 83.639
293.753 102.799
217.524 212.597
307.954 107.116
236.641 13.034
139.897 20.583
67.629 87.300
17.798 52.308
75.158 84.447
308.440 232.358
282.593 78.588
149.787 289.394
281.729 298.558
15.485 423.852
111.791 184.840
270.471 57.049
480.208 462.269
145.156 353.966
326.270 264.278
138.125 286.763
308.179 419.451
32.199 442.479
307.765 212.723
136.250 123.984
374.806 93.997
67.131 23.530
487.984 114.432
165.991 106.942
338.656 17.825
387.027 128.342
369.420 296.825
245.987 113.913
144.539 350.636
229.342 489.573
72.706 299.119
133.259 134.591
352.580 229.014
258.562 476.308
217.667 321.390
239.615 285.729
104.249 309.123
391.010 480.708
330.356 240.506
339.659 232.003
175.651 7.212
34.846 82.625
386.896 458.455
122.400 83.774
418.741 21.903
131.579 115.370
231.893 262.979
356.906 451.073
426.397 432.121
434.192 211.422
404.407 250.420
227.586 122.573
296.993 75.138
298.512 160.484
371.842 62.008
298.167 347.487
368.638 305.974
391.313 158.120
485.834 251.024
99.497 288.466
325.721 118.986
32.870 213.008
287.912 104.454
222.184 248.647
25.690 307.596
71.721 211.875
45.036 160.213
264.163 400.263
220.254 244.089
43.419 154.834
389.215 191.971
224.337 170.770
382.130 457.894
299.436 172.137
403.289 437.127
2.250 371.726
170.704 320.525
35.274 372.957
225.364 150.802
38.969 329.927
441.639 452.722
369.081 283.548
233.573 305.832
423.538 121.678
202.516 266.272
36.087 112.380
318.951 3.038
323.880 72.024
36.752 139.101
446.583 257.079
44.434 267.040
285.699 183.272
414.187 362.397
166.037 201.146
354.020 471.255
133.011 308.364
64.239 279.252
474.904 294.508
61.182 202.833
358.090 308.659
398.710 249.817
438.464 127.332
204.471 211.773
210.109 116.262
352.726 156.465
40.351 213.938
140.670 129.887
110.010 449.652
345.761 458.967
102.286 480.644
111.275 40.399
491.635 278.621
187.526 196.232
245.676 87.443
63.801 224.395
472.215 211.263
300.164 31.760
189.689 326.958
196.754 132.810
363.516 9.262
415.348 343.424
71.973 345.635
199.643 66.292
355.037 180.580
434.788 258.168
205.503 281.766
65.233 304.200
116.779 198.452
410.472 437.523
87.875 233.786
313.079 114.766
370.333 45.277
85.990 493.734
396.922 486.812
127.655 71.001
462.376 28.231
444.148 491.380
87.216 447.597
25.418 338.542
311.866 177.949
327.726 424.708
179.276 305.433
8.422 11.916
261.779 7.758
262.182 292.337
399.168 67.022
385.264 264.279
210.744 480.595
357.844 361.094
41.258 424.950
431.531 273.740
200.456 235.022
374.388 344.280
109.039 327.030
483.943 378.109
168.914 164.663
27.701 77.275
180.011 393.170
142.699 103.429
57.128 66.877
339.565 171.249
487.133 11.175
32.216 107.038
247.870 11.927
54.149 241.342
337.713 206.056
227.899 489.679
191.770 474.724
314.216 168.657
426.532 483.645
277.439 176.302
84.624 209.761
349.827 304.448
288.335 190.765
292.315 329.312
157.186 161.730
329.656 209.125
347.747 265.480
129.890 243.302
69.349 404.755
469.681 460.396
46.006 211.917
397.910 126.936
374.029 17.406
136.627 431.623
307.573 233.819
344.901 77.833
209.005 222.724
482.542 191.949
491.753 409.425
414.031 303.624
218.179 88.121
377.729 251.548
464.011 410.628
38.844 460.667
242.414 215.148
60.304 415.035
325.606 388.780
189.018 408.750
253.057 171.125
304.201 256.844
232.524 413.276
87.197 108.519
182.033 71.904
329.264 453.183
240.675 129.821
459.499 132.265
333.075 497.758
347.224 184.506
238.986 41.713
137.467 350.222
498.819 416.700
66.822 171.843
485.501 184.962
58.738 429.963
287.331 364.522
336.872 389.812
404.261 33.040
238.412 290.812
174.356 310.253
354.915 279.658
280.603 303.552
322.216 447.985
268.510 193.770
100.418 379.582
198.592 222.414
249.939 194.724
18.233 201.207
10.531 298.438
263.081 266.541
183.808 235.022
260.892 407.533
355.749 15.531
383.853 93.626
18.372 181.426
234.573 351.828
76.045 199.455
277.651 116.529
140.842 73.022
303.212 166.417
284.611 120.359
269.950 96.764
214.313 75.239
387.714 55.784
218.005 470.394
481.408 302.672
453.229 414.720
221.774 437.505
319.824 474.454
30.909 164.453
242.283 148.695
443.572 132.477
341.960 178.909
151.159 393.917
211.623 319.610
179.746 58.825
163.637 30.002
435.736 270.346
493.904 236.829
266.646 430.133
356.586 72.108
377.311 154.629
194.991 385.830
452.911 484.672
27.031 348.082
10.283 64.877
258.766 131.631
17.411 110.600
396.738 185.332
182.414 213.692
168.001 299.683
238.201 154.603
357.944 435.961
334.921 394.101
3.021 269.518
240.444 343.831
242.733 234.685
404.243 196.318
439.655 484.715
218.522 260.149
177.829 385.294
5.241 349.464
402.358 289.531
4.550 207.578
324.583 407.610
169.001 470.247
37.229 326.358
32.678 314.413
158.750 132.094
51.482 439.659
499.081 415.620
146.870 196.211
464.188 235.210
187.987 286.423
203.399 272.960
45.786 427.566
416.124 466.608
463.249 407.837
257.481 22.172
188.467 205.486
270.996 240.375
275.082 248.840
476.173 213.773
152.920 392.291
41.354 307.922
106.999 56.366
98.913 53.002
140.206 280.650
167.428 416.974
149.495 285.509
191.999 271.580
168.888 234.185
424.934 90.911
39.612 15.469
175.837 286.371
59.222 190.869
196.648 472.529
404.215 431.965
452.177 194.498
72.123 10.509
368.470 385.778
81.510 257.353
370.921 464.419
431.627 377.021
388.562 159.752
295.018 402.587
430.813 300.013
315.520 165.755
439.914 410.415
253.836 142.707
89.892 182.984
315.726 493.569
242.881 423.647
190.348 96.921
181.255 329.496
219.426 110.714
475.189 2.617
98.478 256.405
379.121 393.738
179.788 469.023
455.809 115.340
117.538 178.305
392.116 472.969
90.802 306.776
118.079 421.320
252.062 461.886
464.823 334.320
216.211 275.390
291.415 352.784
307.684 76.752
332.624 90.331
122.701 139.246
61.531 117.565
394.211 374.183
177.246 257.891
96.617 102.300
80.064 206.205
150.100 344.622
69.342 41.516
267.851 200.865
158.279 331.128
437.006 369.584
112.028 346.375
374.198 117.235
77.901 243.513
75.629 200.402
463.822 292.603
108.128 164.585
460.557 61.005
270.638 68.135
485.854 384.982
488.222 129.046
157.912 45.284
68.851 280.468
438.984 473.785
149.793 397.079
141.258 16.223
41.471 255.638
495.334 27.286
335.026 439.214
417.741 108.635
420.434 260.857
152.681 350.019
206.650 187.733
99.217 122.367
379.587 496.944
26.372 360.164
410.497 102.399
38.589 387.302
7.236 152.177
96.205 229.182
194.079 54.957
403.980 432.509
472.442 84.916
198.663 357.982
170.411 52.014
181.423 153.164
2.928 344.737
323.461 248.075
189.824 377.636
148.499 341.951
147.295 61.500
263.473 478.789
428.758 135.300
147.704 204.932
31.347 98.698
111.334 338.262
392.924 248.322
4.644 79.550
486.939 290.200
482.734 430.970
170.837 356.137
37.382 460.165
328.703 133.396
366.404 406.862
105.962 246.832
72.844 346.908
360.191 7.507
230.914 350.212
