188.241 320.801
97.012 463.480
389.712 93.326
353.461 117.500
14.316 208.900
104.121 245.479
143.804 14.753
480.599 236.653
360.889 425.237
36.389 135.148
126.666 455.726
380.402 198.167
40.394 337.323
425.162 197.213
403.329 2.552
476.001 107.381
145.291 244.329
15.535 44.184
264.595 358.878
71.206 386.169
445.025 20.538
169.352 486.405
247.556 173.333
208.578 159.335
461.426 177.017
287.229 64.821
199.867 443.135
19.708 26.330
452.500 140.266
110.662 30.027
245.281 245.588
357.169 141.662
156.869 478.857
95.428 142.783
46.753 398.811
199.199 179.224
381.692 137.169
453.200 476.738
196.734 319.127
340.288 208.136
336.816 242.698
113.777 314.052
323.374 391.999
343.474 461.138
432.264 53.367
153.013 452.591
213.760 124.162
161.348 169.654
267.759 50.391
70.020 322.609
25.112 335.063
439.662 5.058
387.811 267.378
14.247 115.041
186.814 181.306
137.383 232.390
99.413 327.011
204.517 285.379
387.694 178.873
28.156 132.904
385.138 182.387
452.228 73.190
74.228 282.520
93.511 212.911
267.193 85.877
389.430 277.227
271.861 466.796
233.717 425.389
182.627 260.840
279.266 356.406
140.412 18.746
280.789 291.573
44.374 26.939
99.159 397.593
194.075 131.002
53.459 419.667
113.591 470.830
337.598 462.384
422.422 326.970
349.072 93.127
108.746 149.713
192.986 388.717
271.726 487.291
466.203 268.256
423.395 451.353
73.493 420.649
302.803 278.594
250.799 419.262
241.430 163.817
379.727 178.737
104.947 311.758
499.552 406.142
175.470 471.894
319.965 54.224
214.162 150.808
108.109 162.744
222.568 26.258
201.075 130.794
262.739 275.579
215.371 303.161
204.657 42.432
293.684 127.343
90.680 418.782
4.441 126.864
350.882 289.149
236.077 231.359
356.075 258.290
14.188 377.063
144.622 43.875
1.133 45.648
238.724 168.521
306.140 479.307
94.073 417.186
17.643 245.872
314.250 277.606
296.862 242.336
17.171 382.426
41.881 470.025
211.382 285.684
423.898 420.912
165.587 281.636
372.839 227.158
219.480 276.437
221.821 51.210
119.358 149.986
245.584 3.840
368.821 276.278
170.053 390.327
228.473 212.012
322.010 76.927
421.645 201.769
198.705 224.198
280.541 389.094
226.664 406.247
113.720 178.167
458.480 433.192
281.736 99.163
305.131 219.594
186.926 427.167
436.638 152.782
463.046 182.317
227.651 1.268
451.075 420.159
217.290 6.062
30.501 437.464
305.779 342.600
80.188 340.399
95.195 440.061
331.068 149.479
221.770 488.983
94.426 175.185
446.047 424.763
397.289 218.304
494.109 384.734
38.902 161.589
232.284 66.131
183.227 494.524
51.425 264.544
183.391 372.305
240.690 106.823
137.177 5.984
78.099 390.778
256.002 461.717
114.821 236.220
243.802 118.905
216.207 474.133
328.010 167.070
107.791 48.408
335.351 232.242
36.582 39.026
352.477 216.010
397.204 45.150
8.457 488.182
362.377 16.574
234.989 324.647
130.842 389.695
381.839 422.973
41.740 126.234
259.818 212.513
249.602 33.117
160.348 141.277
460.126 99.391
49.992 408.501
226.080 366.453
157.376 382.305
425.253 111.971
222.092 258.461
468.445 246.739
468.231 94.927
366.336 332.622
240.484 283.562
223.639 69.958
154.537 265.763
442.740 67.597
148.194 375.482
228.396 122.891
285.376 453.540
493.779 401.754
219.527 98.242
290.658 126.947
0.707 483.452
444.375 478.910
485.985 72.618
164.582 414.235
373.008 72.523
453.721 177.460
341.043 356.522
37.939 366.179
67.225 140.739
221.887 131.589
461.315 192.958
341.756 257.567
190.314 472.383
422.451 455.588
497.913 178.528
170.811 233.384
352.784 467.671
132.943 245.075
144.891 161.848
354.028 214.841
3.199 438.002
69.101 17.340
65.223 350.553
198.596 98.326
382.639 141.061
197.002 199.370
146.051 32.543
114.106 0.963
248.915 366.349
496.576 220.799
232.597 406.568
460.614 153.906
75.854 188.548
236.606 471.838
335.450 381.686
460.124 248.628
234.197 384.145
194.671 51.872
120.285 118.069
77.861 216.006
195.989 271.559
259.060 324.763
18.760 41.227
264.379 89.906
175.976 133.731
94.796 127.386
52.629 173.861
36.529 115.005
137.178 387.743
278.839 126.537
495.582 75.952
391.514 324.967
331.806 206.401
105.469 75.286
0.530 467.516
274.483 369.887
0.972 174.497
394.831 473.618
127.971 435.357
339.350 255.516
416.261 31.500
65.592 9.160
166.170 115.050
244.042 401.826
156.392 112.485
349.292 85.343
497.010 107.606
257.788 183.704
68.301 379.919
131.837 238.747
275.762 282.572
410.557 472.537
134.096 168.096
337.119 314.249
55.578 47.456
162.808 403.788
274.124 128.464
224.632 124.593
43.810 276.208
384.531 301.077
34.266 298.968
185.195 260.088
239.514 320.671
377.951 464.047
449.112 458.278
38.323 184.617
140.832 165.858
449.767 274.775
418.093 119.490
41.920 285.508
173.733 326.758
161.501 379.099
348.145 431.660
230.267 120.489
452.008 140.081
164.152 338.473
157.779 360.719
103.961 248.554
448.348 348.999
451.103 408.757
30.678 122.661
324.466 402.144
320.536 323.212
309.784 393.745
424.349 36.906
91.275 237.915
34.490 96.312
423.749 256.766
464.808 438.077
434.641 13.761
127.346 461.987
1.220 254.039
76.522 322.765
7.968 21.964
210.980 91.712
94.538 328.366
264.662 476.341
371.563 444.810
85.248 16.367
317.582 172.540
480.991 163.118
499.911 219.902
444.598 375.221
237.909 122.788
274.024 418.891
26.411 278.049
166.609 76.117
276.797 87.675
446.757 226.640
141.407 237.348
202.076 327.049
347.905 347.747
410.666 64.104
51.176 206.061
153.464 282.488
31.341 428.684
272.966 478.096
202.470 101.601
229.644 448.619
3.076 375.585
248.304 13.036
198.663 54.456
76.837 479.945
17.940 385.040
453.587 33.030
8.498 31.866
380.585 322.908
442.680 385.306
318.456 124.963
343.690 455.565
416.804 262.293
470.769 113.789
8.467 459.855
11.869 76.145
463.850 215.759
366.680 139.499
200.892 313.555
75.124 71.477
142.197 445.148
491.920 69.524
126.038 175.711
284.034 495.299
429.686 229.280
33.519 158.664
102.335 289.947
115.326 51.544
487.327 122.323
374.586 4.644
364.471 2.352
7.364 467.526
124.131 214.948
193.150 363.786
11.221 276.193
86.630 11.281
140.692 53.343
100.846 218.779
474.902 218.582
446.612 210.540
465.086 234.079
199.562 396.384
341.296 174.116
339.437 466.736
162.059 478.292
328.928 449.722
373.133 468.281
422.124 344.345
258.492 107.154
416.647 98.513
298.156 227.714
378.460 67.934
358.164 266.005
67.046 155.314
171.187 68.842
164.398 407.442
344.547 13.039
450.209 113.029
240.048 408.338
410.645 117.289
264.459 478.364
203.819 122.196
492.243 325.602
131.468 276.402
316.730 98.373
399.597 498.289
232.875 49.092
465.914 225.382
223.414 477.448
478.492 490.312
287.700 229.137
447.668 99.527
314.768 61.074
212.815 27.408
239.384 29.617
296.798 76.707
474.680 151.624
458.963 176.771
341.016 129.585
23.264 11.050
269.271 60.475
160.218 207.936
249.094 487.238
161.264 491.111
325.757 55.429
485.891 497.017
186.645 47.550
411.813 375.167
20.981 329.046
88.500 383.052
495.825 309.326
67.896 149.408
485.536 474.350
130.341 329.108
303.892 215.742
66.901 233.574
138.760 306.507
356.971 216.859
233.335 230.543
411.794 295.394
65.441 186.656
495.172 309.614
360.309 480.984
253.198 216.196
247.636 72.341
498.333 299.863
495.302 385.119
208.967 62.175
32.374 87.907
226.953 433.546
68.819 123.395
417.479 402.078
260.157 364.822
320.038 486.433
143.820 8.054
350.872 441.803
306.863 57.968
114.785 172.503
154.952 63.748
310.802 217.374
422.115 157.780
195.878 270.399
353.628 243.284
32.655 334.405
411.886 282.348
55.746 272.216
316.019 212.791
34.132 288.144
212.070 189.224
58.153 411.363
392.526 107.107
165.249 380.618
487.748 487.418
324.028 199.820
129.908 480.541
329.057 188.859
444.329 277.959
52.831 462.096
193.987 281.581
153.289 41.885
288.740 352.818
104.422 346.880
10.041 105.803
291.418 296.867
307.636 263.513
239.779 396.616
356.991 240.674
151.295 14.073
63.282 121.578
172.079 144.386
106.079 152.867
317.083 256.642
21.472 23.141
352.572 494.731
283.612 204.752
74.465 359.606
153.777 359.562
95.733 391.622
73.389 190.666
440.504 374.588
450.544 494.274
461.783 233.654
343.872 238.871
330.994 439.107
340.433 476.732
290.407 131.890
189.353 141.781
54.669 259.133
340.572 399.721
329.104 466.738
34.623 364.438
250.569 347.680
40.149 109.526
303.748 278.125
385.193 11.697
45.234 268.419
404.831 481.284
337.383 183.020
64.465 479.340
218.365 499.765
419.273 97.586
490.051 126.170
49.252 322.042
149.963 25.814
49.475 292.750
68.780 360.055
92.609 150.879
310.929 432.679
120.915 386.995
479.621 384.950
147.680 347.120
412.504 36.640
152.061 364.894
446.238 77.503
436.959 378.412
381.004 14.534
339.801 137.542
496.062 30.017
66.081 364.076
62.125 145.354
460.743 176.741
2.678 423.884
366.977 232.325
359.687 207.811
498.840 239.762
210.609 460.765
214.286 393.427
113.381 169.792
275.030 37.092
453.683 275.792
481.708 498.134
159.811 436.637
171.104 401.741
263.769 72.115
127.668 147.108
80.631 165.308
385.527 191.610
474.885 260.934
391.804 305.326
313.738 400.246
454.388 56.935
398.283 439.031
69.667 60.277
86.277 144.606
349.159 446.800
245.904 216.848
398.802 407.281
328.056 406.681
45.381 238.708
280.590 464.325
415.388 30.582
293.475 301.121
38.291 187.373
396.211 376.220
95.349 99.639
462.551 234.417
471.379 90.520
145.269 118.777
129.595 432.203
304.164 28.627
491.823 159.580
226.699 2.158
262.065 234.513
88.264 240.031
246.784 340.690
340.153 22.755
224.682 370.686
486.823 319.412
167.524 240.430
411.629 177.064
470.084 454.084
100.595 194.269
182.615 324.073
205.261 292.925
470.877 490.843
30.982 35.294
258.742 29.595
286.655 269.892
118.133 203.794
257.186 156.445
427.590 89.493
289.274 230.407
85.310 133.791
263.999 293.764
279.368 317.815
96.552 480.838
87.020 286.268
178.273 467.373
131.372 469.106
182.604 290.958
131.298 456.159
292.927 144.239
188.767 241.869
139.134 497.622
185.960 229.962
173.458 494.614
228.800 436.954
349.297 200.093
247.658 426.493
389.310 64.361
132.779 172.995
217.974 47.910
84.833 22.370
286.160 337.480
215.058 472.564
341.004 195.593
212.912 163.842
