120.860 241.673
20.575 74.806
22.332 444.201
335.387 99.222
281.192 38.596
202.348 404.818
452.318 218.854
81.320 58.989
125.051 93.046
178.260 291.597
57.543 100.512
361.494 189.046
424.545 476.701
245.400 396.509
48.797 284.601
218.533 285.913
69.945 81.794
23.900 449.659
351.501 445.567
444.319 17.189
478.488 50.402
379.723 459.561
293.144 33.770
317.537 345.501
276.900 83.200
145.917 225.830
75.213 14.054
475.190 96.589
362.487 261.612
44.170 155.163
239.995 402.021
417.873 10.993
76.014 99.700
388.646 361.965
376.462 291.838
435.758 88.118
432.913 439.540
427.056 26.993
367.209 8.322
166.453 217.525
180.798 336.947
10.124 246.342
411.373 86.025
70.461 186.962
370.617 440.881
77.302 149.613
375.997 289.076
305.934 337.807
390.514 438.600
492.157 420.543
209.716 16.232
72.363 220.560
180.730 140.490
460.621 332.631
352.513 123.504
142.183 259.298
282.070 222.225
343.654 187.926
60.028 295.860
72.842 249.494
30.374 154.780
49.483 264.458
59.169 119.216
134.156 196.768
360.039 14.063
306.863 383.735
470.041 169.855
350.321 470.808
143.896 147.901
111.691 172.150
260.533 496.393
18.239 93.115
224.196 22.902
26.124 50.502
477.833 163.453
237.421 133.656
176.247 397.055
359.941 325.003
65.786 178.833
77.158 347.036
223.600 37.151
350.029 255.953
320.580 348.307
253.755 368.246
193.845 339.499
177.668 262.300
63.056 398.645
416.887 314.804
421.976 345.459
324.708 29.122
273.839 198.933
118.675 206.239
464.533 9.928
268.526 382.549
252.529 494.821
122.087 324.304
384.623 113.790
324.216 318.747
295.706 23.107
143.655 391.553
465.307 352.964
183.510 315.015
417.728 100.798
469.652 358.963
297.128 275.646
189.540 34.613
465.383 82.207
8.107 215.965
292.585 23.719
136.884 144.383
328.183 163.453
113.590 416.022
435.591 164.823
69.869 308.690
414.384 359.238
43.162 93.075
314.719 133.390
310.970 215.267
201.639 494.714
297.842 456.200
457.133 31.978
69.629 158.184
163.106 142.573
397.465 400.372
205.556 179.817
25.582 279.338
131.053 355.528
31.600 1.431
136.567 316.495
352.740 370.158
319.829 154.530
189.943 302.824
138.419 326.044
386.173 29.707
53.773 114.605
495.671 452.006
223.529 342.203
320.756 172.144
23.778 148.017
176.359 78.527
356.824 341.143
368.172 349.569
211.707 299.400
392.200 396.208
159.509 435.151
283.547 45.117
396.086 87.686
456.235 144.949
44.203 47.100
62.005 178.417
461.633 242.027
384.028 98.465
355.523 262.325
406.936 471.268
96.345 241.711
178.706 199.037
170.992 332.773
340.109 184.145
383.719 78.426
194.252 79.967
267.198 132.732
310.049 348.383
82.778 83.076
401.172 297.233
317.412 92.177
435.245 455.744
337.710 126.038
44.811 147.927
276.730 352.857
0.092 336.023
78.326 307.300
168.663 46.901
449.199 57.877
137.219 254.950
118.091 108.854
344.092 308.313
220.533 196.689
76.151 243.089
391.402 338.785
436.679 307.648
143.584 491.419
459.932 249.874
393.199 175.014
94.594 159.339
473.149 120.039
157.149 322.835
406.712 340.201
195.632 138.424
219.683 401.935
161.732 252.436
121.357 285.723
454.013 99.620
439.790 448.013
412.512 468.130
144.455 367.652
247.567 75.990
313.075 243.722
215.958 22.851
275.271 138.722
370.753 486.521
76.284 442.725
294.596 163.034
333.536 487.186
361.504 309.909
208.567 271.868
116.961 272.579
285.690 89.302
395.204 460.837
400.790 128.426
297.310 42.036
469.959 56.390
262.954 485.421
156.117 447.040
153.251 481.143
66.347 231.497
382.427 102.919
153.073 487.450
313.793 418.609
287.203 346.668
337.488 238.136
359.930 491.948
20.734 160.163
219.636 199.542
362.143 18.560
262.239 220.363
204.603 427.702
167.944 172.546
381.666 142.631
80.628 368.920
93.155 41.943
76.867 397.014
117.406 239.929
203.367 488.212
430.664 428.042
240.137 371.133
232.250 351.252
351.988 486.566
177.204 156.323
427.044 112.376
497.365 287.059
228.105 434.650
36.204 23.541
139.050 485.491
250.158 367.999
35.126 227.991
282.461 142.352
302.647 177.302
443.371 431.370
390.104 424.514
483.489 51.915
462.501 3.522
307.274 366.592
15.086 396.098
261.861 303.324
486.777 162.143
15.990 397.914
238.713 54.846
448.087 275.251
10.183 364.176
352.657 243.139
183.849 72.926
3.846 258.808
104.215 88.856
261.830 283.855
252.557 445.599
222.265 362.499
53.227 457.585
56.757 298.645
458.779 174.388
25.766 375.458
385.718 352.772
16.986 265.253
116.193 29.078
120.439 496.267
66.956 383.799
293.904 215.641
283.472 242.432
283.303 163.990
273.657 334.547
388.354 208.773
446.306 469.721
116.540 93.470
308.803 230.047
160.971 248.173
141.777 150.443
14.914 423.864
156.859 175.574
304.818 493.260
205.883 313.679
478.308 463.817
238.878 4.351
439.002 440.954
428.310 209.374
242.783 243.262
108.999 451.123
1.680 341.374
328.369 337.626
476.433 379.340
460.192 189.629
382.998 330.811
286.395 194.804
332.131 322.727
334.728 326.055
306.610 255.665
312.722 75.747
72.185 350.425
409.290 24.758
426.215 114.527
223.605 411.021
345.328 157.214
196.001 455.437
162.116 232.197
169.961 142.933
164.155 320.432
205.203 446.884
381.408 264.231
421.620 91.365
346.610 83.746
127.830 464.839
139.093 192.526
255.898 279.962
431.348 165.679
464.471 221.214
86.539 40.913
270.848 121.698
164.020 453.766
275.446 354.132
59.800 369.995
370.672 186.199
397.928 173.132
400.334 446.117
136.946 193.459
160.708 217.635
230.594 499.344
413.473 128.916
354.706 433.754
34.002 406.346
365.654 196.827
372.131 366.204
101.959 208.887
428.141 35.530
154.283 418.998
149.815 496.050
38.003 296.810
327.446 396.807
72.728 195.871
463.232 316.667
366.258 329.104
1.363 325.012
139.916 19.978
81.254 488.840
400.597 173.449
86.806 72.448
449.269 499.520
253.363 56.931
238.979 5.739
418.596 498.295
475.808 227.105
435.611 416.758
386.843 234.543
448.511 3.030
402.490 55.177
43.999 131.996
36.834 207.927
114.522 472.944
155.256 115.802
210.811 61.530
185.131 215.035
335.651 9.089
246.544 458.845
96.764 51.425
305.948 250.281
153.612 377.308
367.961 265.024
469.130 178.758
420.094 317.055
330.939 351.044
345.449 490.451
368.525 186.520
494.935 129.656
160.394 259.189
128.974 363.052
331.779 237.117
306.024 204.329
499.818 300.454
91.593 399.225
461.458 122.838
8.742 51.718
62.803 459.235
226.381 467.739
284.105 335.098
87.062 489.124
349.894 364.233
458.127 445.235
411.929 180.989
495.352 349.130
103.960 432.428
36.792 201.467
53.922 145.293
402.427 286.030
397.162 111.590
59.829 253.583
476.310 122.090
419.219 459.588
197.792 151.166
185.020 474.505
110.162 36.985
121.343 176.663
313.158 49.180
30.810 167.756
261.709 121.024
303.126 288.488
448.099 207.467
117.843 355.817
151.006 498.983
454.773 171.383
452.380 426.121
149.707 264.386
62.128 246.697
119.571 432.479
120.247 176.416
374.212 478.892
319.573 459.812
469.671 298.592
236.259 113.605
173.914 98.921
372.061 70.736
254.661 159.893
318.346 381.819
464.336 237.987
425.692 343.684
395.490 107.922
201.958 255.748
130.230 494.138
180.520 217.808
283.493 382.213
330.708 433.254
239.421 31.886
17.675 304.831
325.469 259.626
358.263 169.166
380.358 218.689
288.517 312.429
36.240 100.653
320.803 12.846
49.589 477.244
147.438 462.513
388.540 145.662
390.896 32.039
499.835 299.518
169.622 356.711
431.971 118.345
374.751 156.088
214.447 328.194
74.258 60.010
74.715 102.770
341.375 417.232
397.430 279.716
257.846 329.957
216.514 34.361
301.906 120.987
211.205 242.064
63.489 117.872
270.926 10.253
468.378 111.236
363.868 219.716
436.218 394.136
9.894 359.718
26.737 452.508
171.555 191.710
322.881 477.034
22.807 225.019
151.389 153.571
252.120 305.083
388.960 374.233
79.612 283.334
273.247 103.780
249.831 170.619
271.018 6.676
78.831 465.657
309.292 96.385
395.762 237.069
391.633 455.431
110.506 117.013
115.942 411.820
445.995 376.318
5.994 142.153
405.694 35.354
373.496 259.019
157.577 164.644
491.973 441.488
280.988 354.183
365.673 344.558
455.128 378.695
15.528 34.508
319.077 13.946
209.346 32.818
320.166 269.452
204.445 259.927
346.860 354.610
449.105 69.348
314.828 227.428
407.053 61.576
212.442 287.918
27.089 105.999
88.792 401.026
247.928 493.226
372.484 90.176
414.016 476.331
51.823 385.799
377.774 211.331
262.093 345.370
23.951 325.024
131.052 485.821
230.140 190.878
210.421 435.570
12.233 162.142
172.874 130.268
291.477 117.026
252.586 489.727
317.548 243.780
290.835 388.435
240.694 391.339
366.958 438.764
468.232 255.540
281.496 90.867
158.621 78.651
406.150 434.968
11.539 468.682
494.992 125.520
483.179 337.212
366.264 18.896
203.345 67.287
118.020 128.887
218.415 492.062
15.889 375.461
294.295 210.025
163.019 17.594
250.569 395.683
280.378 421.203
295.814 128.515
369.555 166.331
52.573 381.604
431.790 192.328
394.785 329.750
408.521 145.007
481.655 150.880
419.483 44.346
26.740 257.726
441.704 178.511
126.934 454.550
65.939 398.357
343.553 320.285
358.533 444.524
458.616 305.883
136.840 101.649
464.958 340.350
58.781 262.501
30.429 448.323
53.060 192.819
255.654 477.868
428.043 261.522
457.549 354.783
141.538 266.951
1.472 374.377
222.987 474.374
193.274 102.000
268.585 275.323
212.964 483.355
72.256 292.113
497.729 336.386
41.678 54.863
92.917 3.207
224.353 370.219
407.401 98.358
347.424 314.101
49.442 149.094
240.936 16.047
309.799 66.638
442.880 104.114
175.140 346.409
116.239 376.661
403.780 30.728
154.632 413.163
200.787 376.214
71.995 22.238
119.591 451.190
235.029 381.754
278.928 475.006
313.535 352.233
420.941 71.604
428.850 201.864
134.923 159.167
99.052 442.095
130.851 475.240
11.140 441.903
209.526 64.632
43.252 343.972
430.981 229.685
465.757 125.651
449.692 120.223
324.236 306.573
266.261 176.852
65.808 212.446
31.572 277.349
303.170 173.441
78.869 223.736
234.762 331.672
310.953 402.869
229.866 370.287
376.350 394.337
364.528 471.110
488.203 229.908
97.459 112.477
49.009 284.624
200.754 245.392
491.673 91.020
165.217 360.513
261.532 148.194
397.241 61.191
178.387 242.620
143.692 314.435
373.307 193.193
182.510 218.865
393.591 303.226
