168.992 292.147
332.015 14.399
390.269 2.714
88.924 155.154
197.499 347.978
484.064 377.861
148.479 363.035
250.377 191.692
5.146 177.632
50.254 211.236
352.833 453.448
312.471 443.290
52.537 26.539
479.522 92.328
306.358 163.934
265.313 306.953
379.862 177.716
34.851 306.953
319.384 167.160
133.429 249.032
189.751 269.620
365.618 394.835
425.568 391.706
373.769 96.864
157.677 147.125
316.553 472.713
184.047 470.141
38.864 290.395
380.717 36.171
367.942 294.093
361.050 55.885
102.174 494.758
464.327 67.619
494.411 61.330
325.923 152.048
398.794 469.553
224.366 312.230
220.648 218.151
1.883 297.109
31.354 96.908
415.787 477.912
434.506 260.860
304.552 144.812
477.527 278.739
245.706 321.240
6.023 47.164
477.677 307.759
13.410 91.141
141.859 463.230
465.187 145.416
374.144 226.786
315.446 245.695
138.860 19.106
42.696 478.269
413.915 175.189
477.051 299.128
149.730 494.380
357.122 374.818
433.588 226.625
8.451 48.122
130.594 385.541
389.537 164.957
383.721 459.485
436.250 340.771
183.999 37.955
479.007 348.787
99.412 159.468
221.022 347.233
305.200 300.032
196.563 399.281
405.941 26.750
481.813 197.461
483.034 28.289
425.506 150.348
265.375 313.737
441.009 305.985
327.850 316.355
215.545 201.737
265.814 263.518
238.828 291.093
139.134 316.729
433.757 413.028
33.764 468.863
191.612 141.357
321.411 238.485
321.231 286.634
386.056 220.981
419.298 100.614
301.899 471.820
349.630 387.930
392.249 448.268
44.520 179.082
357.597 377.783
360.723 206.472
6.666 193.656
142.733 213.224
319.100 196.866
122.797 417.740
350.022 259.482
43.685 3.653
213.434 410.363
7.286 193.027
91.351 372.694
336.741 193.207
444.599 439.360
304.383 74.423
473.932 423.747
237.648 260.861
218.574 44.045
178.073 169.131
489.256 350.421
194.963 175.103
261.666 107.543
124.149 153.299
133.147 277.034
41.730 78.474
55.760 363.807
233.392 24.600
237.901 428.947
20.210 449.142
130.222 233.744
474.043 64.305
45.773 20.209
136.847 304.656
327.763 351.503
487.525 33.657
330.415 480.738
324.416 62.390
328.618 14.876
194.437 314.702
212.544 190.174
487.525 207.875
242.908 305.950
320.519 454.617
63.554 286.363
70.908 96.992
10.459 404.528
334.028 221.656
439.395 444.816
380.213 161.898
107.419 76.929
159.655 399.990
148.905 340.337
236.432 106.160
384.551 216.793
460.937 287.281
408.578 147.990
128.406 53.150
60.156 256.433
294.353 302.824
81.292 6.562
301.214 259.383
475.848 270.446
313.850 453.254
393.974 343.816
182.136 271.983
203.564 406.764
412.331 171.956
419.679 45.655
115.733 462.969
367.993 438.059
475.081 233.846
80.390 81.965
407.961 72.942
291.646 371.276
47.595 210.311
91.636 471.483
86.413 418.429
131.872 282.832
192.218 185.444
260.519 305.722
472.252 475.102
294.370 86.656
317.548 158.476
468.229 418.315
108.228 226.581
165.257 103.342
353.519 157.322
70.097 114.379
9.909 140.506
128.638 296.254
60.827 487.961
457.841 196.117
43.400 278.082
289.102 56.180
275.111 399.749
428.862 311.943
487.710 226.156
192.651 437.817
104.097 399.266
291.501 75.349
474.576 313.348
114.437 177.885
357.725 174.332
345.843 62.901
297.841 482.268
327.287 433.419
95.296 63.556
177.039 298.125
186.356 127.085
78.944 74.906
223.156 216.808
221.505 448.031
482.607 35.951
469.205 459.153
11.951 250.153
275.309 447.553
149.533 323.321
499.461 294.385
193.291 85.146
24.228 13.551
360.739 135.677
331.768 294.035
81.845 450.594
70.960 257.554
396.040 428.254
401.017 337.886
429.554 175.835
115.937 284.547
291.542 452.412
139.571 40.011
58.630 33.423
203.719 397.281
275.160 304.973
127.977 17.710
369.878 233.705
101.787 100.609
129.973 167.579
54.225 406.586
70.232 57.223
316.404 219.866
225.605 117.887
65.595 486.347
415.517 308.278
281.469 192.256
409.661 308.843
412.811 294.505
88.363 182.678
238.937 188.932
308.266 265.910
389.593 32.429
115.800 179.681
286.484 358.080
39.575 179.647
424.031 55.057
377.196 481.231
227.224 382.718
228.643 444.185
127.859 192.732
329.784 39.019
338.704 169.341
137.833 110.928
5.147 314.919
225.482 358.162
230.026 300.562
237.664 2.207
333.687 41.724
155.402 196.610
253.468 428.653
287.604 455.987
181.656 495.986
203.335 39.572
71.762 189.887
397.832 7.613
205.433 69.857
390.118 53.986
127.774 385.913
467.316 373.210
42.256 170.629
116.735 414.456
337.448 195.951
391.140 128.823
247.943 174.367
421.226 204.344
297.715 387.003
6.069 28.820
70.903 315.151
62.426 363.349
231.110 257.397
406.743 293.292
460.831 27.999
353.700 191.937
315.459 245.024
174.209 155.545
451.889 124.458
483.085 363.547
209.191 296.051
440.308 106.197
185.112 273.199
373.366 499.448
42.712 454.408
451.758 340.004
454.217 147.491
145.809 457.626
386.881 104.785
355.456 282.685
274.624 74.967
368.437 130.668
89.222 378.056
175.852 16.395
306.996 193.787
452.426 24.154
361.931 44.154
288.330 54.604
178.383 356.422
203.488 431.701
64.553 484.911
475.755 121.890
456.763 110.326
103.198 80.781
115.766 273.831
125.054 214.456
182.771 399.034
465.177 194.687
477.884 395.578
401.949 52.428
96.486 238.367
81.228 137.041
165.502 15.644
412.879 476.684
249.536 4.873
5.568 358.691
198.442 143.502
260.810 277.096
353.321 138.401
251.794 18.463
226.939 12.180
237.146 439.578
60.325 395.460
257.092 362.894
192.532 228.114
233.096 160.797
417.082 268.628
260.288 316.660
143.242 24.256
382.710 193.148
80.884 422.600
61.203 499.864
87.597 329.364
472.601 126.124
26.163 90.276
344.599 352.600
140.268 196.086
268.997 310.718
120.403 471.938
320.619 259.410
48.637 165.496
451.501 451.006
56.400 52.691
390.626 43.707
133.616 233.786
155.110 153.701
198.834 431.388
499.758 322.026
370.045 136.162
155.416 378.493
110.894 446.941
492.645 313.564
487.685 435.015
497.217 422.699
438.314 305.014
164.018 107.603
431.145 398.905
433.266 343.659
427.923 498.952
294.619 269.320
88.843 176.141
418.423 304.366
123.472 39.425
379.385 221.305
114.010 137.020
89.848 117.782
342.943 184.946
325.219 341.812
74.343 303.773
10.434 161.811
66.309 142.093
489.339 67.136
395.873 80.503
32.638 495.184
44.864 300.937
74.327 111.178
408.352 407.395
89.702 37.362
153.298 47.645
165.300 469.115
274.928 426.473
126.443 283.244
231.896 156.287
10.845 123.219
470.140 9.696
49.210 383.917
50.605 276.585
362.301 153.630
483.754 436.381
247.106 257.658
151.110 346.592
381.300 154.191
492.932 394.484
354.988 153.516
429.987 376.594
258.007 137.044
92.931 275.218
396.324 2.843
350.160 32.025
101.112 378.329
183.649 436.622
127.900 147.626
292.128 416.832
302.415 116.395
426.744 6.793
405.572 145.670
177.873 52.269
94.406 252.090
378.661 454.458
335.946 238.645
207.220 3.949
498.736 21.463
463.493 168.257
97.430 61.760
380.283 295.227
378.908 467.004
230.727 218.249
474.464 25.692
158.670 102.511
39.048 107.719
493.199 191.007
370.240 476.876
471.850 480.627
107.846 499.619
300.682 427.048
458.842 141.167
220.338 93.597
229.217 147.990
269.943 389.833
224.854 144.685
233.259 360.906
208.262 129.281
328.376 132.722
35.576 84.010
32.503 0.998
480.076 398.045
485.100 119.052
434.129 444.416
233.687 268.204
21.397 148.500
352.393 407.215
19.119 198.371
327.075 99.977
389.103 296.931
61.636 359.264
286.133 218.064
253.916 392.840
362.229 238.970
115.696 5.046
157.455 411.960
123.470 183.583
150.440 52.715
319.438 98.551
192.822 270.317
85.463 492.393
55.713 60.512
169.644 422.939
137.028 19.114
4.216 352.306
347.837 9.321
352.118 28.099
346.798 419.179
177.785 419.581
301.052 225.684
493.559 453.217
455.824 79.948
71.659 8.540
343.836 406.299
453.085 79.649
466.613 436.742
352.843 423.416
406.261 354.265
21.229 19.983
232.529 374.390
95.683 141.816
336.726 37.541
133.819 341.620
272.632 408.800
120.303 299.057
340.360 408.355
146.012 49.512
329.647 463.391
262.650 405.856
361.406 337.680
98.464 102.322
148.899 246.234
268.413 394.912
60.977 29.261
457.629 161.520
353.058 405.467
201.223 465.897
328.080 6.925
254.427 421.177
453.290 7.164
81.096 366.932
325.227 287.555
395.412 241.562
109.567 7.978
133.932 182.614
397.404 255.803
495.411 149.478
86.587 352.557
240.659 266.530
7.187 105.530
60.933 231.829
417.331 379.488
127.313 6.719
308.028 268.643
147.160 452.374
252.722 207.083
406.321 350.605
132.129 449.206
138.794 180.762
30.428 489.818
228.220 224.691
381.032 41.014
463.537 440.809
340.031 416.844
152.700 319.960
267.940 271.530
466.738 376.867
1.877 161.180
165.293 281.619
314.260 65.575
67.880 484.499
388.963 46.708
303.050 12.858
211.785 270.598
302.769 172.340
36.991 175.672
491.397 163.667
282.229 466.108
277.243 249.197
351.409 353.132
196.018 364.581
369.332 303.207
237.461 312.580
212.024 325.750
381.835 85.405
321.381 313.655
295.350 422.181
256.987 464.222
475.346 5.758
377.864 97.743
486.211 462.015
185.009 49.756
228.743 304.013
99.106 149.910
453.835 297.212
294.478 279.623
388.828 87.968
245.086 46.621
24.436 135.579
439.668 199.043
350.871 100.289
103.483 199.144
115.080 37.333
168.020 223.120
69.372 87.641
104.790 442.396
342.237 402.163
233.118 150.565
137.135 472.654
296.901 57.530
330.673 260.049
27.380 470.871
18.280 14.640
246.339 38.477
177.777 367.525
411.984 353.610
475.019 480.718
306.652 327.651
55.497 333.239
327.500 305.541
136.007 458.535
483.804 293.232
334.517 472.329
368.849 115.153
328.174 52.380
447.996 204.978
279.428 184.683
49.439 87.105
180.393 269.330
85.496 32.115
260.472 391.321
368.236 71.536
291.021 367.191
5.099 296.700
411.335 115.555
96.935 290.299
200.208 13.099
186.759 156.732
223.725 283.597
199.796 41.840
267.423 189.651
60.188 256.110
264.263 469.542
348.805 434.368
340.654 135.908
5.613 350.658
413.231 64.680
306.762 127.940
388.473 245.059
170.696 3.120
104.419 161.443
24.745 202.702
270.291 455.449
458.068 346.031
300.152 126.908
48.378 214.232
246.598 439.732
235.321 31.761
135.610 105.376
353.699 268.807
15.937 379.180
220.720 74.033
190.369 495.732
235.298 201.643
409.208 116.352
