175.635 227.385
151.943 398.197
341.031 52.468
464.012 439.358
255.583 305.178
322.431 488.009
98.039 485.553
188.661 72.843
419.360 468.669
473.602 342.184
105.723 74.669
12.279 16.168
60.206 230.786
443.042 252.342
282.306 205.480
132.384 42.627
16.514 99.563
276.799 271.085
455.455 485.567
376.865 184.010
478.672 342.018
446.247 370.201
25.203 87.838
491.986 77.623
54.273 95.016
499.428 283.203
297.395 315.671
351.100 240.666
97.425 406.759
22.791 227.415
303.344 48.583
207.613 383.604
57.755 71.053
116.126 137.838
248.638 162.196
221.609 242.841
463.900 194.186
332.791 26.413
188.076 273.394
196.015 417.045
187.753 18.157
390.287 485.346
456.667 6.521
178.812 460.801
105.913 322.343
234.009 483.147
205.632 393.875
487.753 128.307
74.402 8.655
423.659 455.358
416.925 408.166
425.654 129.288
453.191 410.601
489.114 90.318
28.677 360.273
278.643 280.629
78.263 256.212
153.412 64.915
74.254 166.425
177.352 393.960
495.714 167.046
334.070 319.475
82.954 416.168
245.871 275.258
36.533 291.932
384.812 116.599
373.859 390.321
439.061 2.889
438.142 405.853
418.571 167.816
28.571 189.448
492.398 179.956
252.774 468.417
199.740 188.777
133.781 121.572
328.214 232.228
443.205 75.408
221.990 426.811
495.122 105.391
93.518 305.567
121.579 194.952
310.456 180.942
88.733 102.406
345.946 471.291
57.807 491.470
323.893 440.168
151.364 490.012
115.649 306.210
287.490 329.157
265.587 193.642
318.514 461.482
83.316 301.802
336.000 386.677
225.013 219.537
143.583 411.195
133.004 238.718
318.622 314.881
481.466 294.305
242.942 178.274
478.082 44.683
98.831 197.719
169.596 303.079
392.669 106.559
437.156 66.331
154.040 56.594
80.553 388.505
3.502 263.758
28.164 360.049
421.509 227.950
312.144 175.650
400.376 159.182
342.739 157.113
405.469 273.633
429.185 249.534
98.025 18.899
276.624 400.526
250.326 40.742
211.635 352.924
306.748 412.230
198.086 487.267
467.083 240.616
60.139 221.133
459.449 117.945
495.995 304.752
156.552 212.899
256.151 188.340
389.182 492.702
201.590 485.508
14.650 468.418
46.133 214.292
414.672 361.848
355.585 424.746
210.221 231.077
431.900 456.717
224.510 175.744
95.213 279.697
196.694 246.600
157.073 43.109
284.618 410.765
395.669 387.672
483.976 286.751
96.133 293.358
164.551 451.883
54.426 240.167
420.005 235.120
57.863 275.772
75.271 404.466
222.628 433.029
221.134 384.287
18.118 435.124
246.064 487.408
358.369 369.266
271.982 425.881
48.669 405.664
270.962 215.864
269.708 259.891
481.999 339.642
489.440 228.782
387.894 45.559
402.907 253.583
55.953 355.504
126.141 288.455
457.819 306.580
438.572 123.463
498.100 287.081
67.509 70.711
5.134 109.457
478.811 47.939
43.330 21.639
246.962 362.149
427.947 282.801
107.714 467.098
379.385 88.706
487.085 55.876
137.399 495.131
485.229 229.097
33.836 150.053
329.938 203.239
491.773 156.299
374.126 216.108
164.164 19.933
104.715 243.967
312.632 257.566
494.458 119.211
489.927 170.580
488.736 387.420
38.896 106.829
403.141 145.626
78.466 432.027
405.488 87.975
493.877 52.508
61.275 121.485
472.183 144.437
259.754 466.899
256.902 18.245
407.469 362.462
203.481 256.265
469.704 452.223
226.946 184.609
179.894 389.833
375.062 423.442
169.227 52.406
405.029 240.229
396.798 132.647
24.267 86.014
473.255 228.741
459.228 281.962
149.522 450.354
89.974 90.752
20.604 32.332
361.480 476.934
28.872 35.048
318.868 126.401
207.888 429.474
311.724 81.950
21.191 373.659
2.877 158.513
455.342 243.618
200.990 257.253
168.701 128.038
430.193 382.188
260.572 236.908
298.035 326.830
3.470 96.352
132.456 219.400
399.663 374.807
22.905 496.261
469.544 202.583
490.555 409.851
475.375 483.593
52.370 114.392
221.855 221.454
486.324 102.215
356.230 473.314
189.353 370.196
446.549 437.656
345.545 120.756
223.645 296.521
137.279 150.335
182.710 369.701
333.745 14.227
494.846 224.011
233.384 393.791
247.679 217.536
363.651 68.082
254.003 261.380
150.063 139.102
318.796 35.292
493.210 128.520
69.861 114.052
472.398 133.466
341.807 29.283
24.262 50.231
409.181 441.976
398.759 417.802
235.811 258.286
59.327 482.047
211.393 405.515
128.475 185.006
23.897 233.543
156.464 188.533
443.395 453.718
330.396 50.049
238.600 242.985
469.310 362.987
345.769 103.794
372.804 438.869
160.345 341.881
121.941 409.269
145.760 210.102
311.291 439.771
491.598 321.386
191.825 479.574
32.604 251.989
320.782 133.311
98.712 70.925
368.216 2.732
110.830 226.430
493.796 183.403
336.424 326.562
286.604 417.940
178.742 370.213
70.614 132.380
106.403 422.395
460.738 306.066
247.258 127.697
463.135 275.170
449.353 495.518
325.077 64.321
169.393 78.780
459.127 194.847
323.091 350.565
368.172 380.663
427.931 20.162
50.349 319.211
341.640 168.218
247.585 47.661
234.252 315.995
468.739 235.373
242.636 51.210
375.380 29.594
129.131 111.080
222.744 341.895
390.963 285.475
341.387 136.391
235.034 487.862
13.218 134.325
44.357 395.334
430.063 29.647
254.144 346.249
183.361 471.771
52.663 41.852
417.408 335.804
206.508 196.396
379.970 193.076
482.067 385.392
21.078 464.450
430.513 466.071
192.717 459.850
292.348 167.674
445.869 183.694
15.438 322.422
113.150 338.518
80.789 297.945
33.920 438.911
287.721 369.524
324.272 238.008
331.739 419.591
59.078 176.532
25.567 382.355
28.372 161.563
174.932 490.331
41.163 132.967
497.530 83.621
438.796 54.564
288.381 3.638
488.121 251.285
24.000 233.292
451.327 212.662
191.117 34.278
48.659 332.714
427.458 410.979
487.211 405.868
239.797 241.648
365.495 435.228
323.221 250.496
321.651 180.997
286.152 179.603
205.802 164.212
268.731 448.313
49.041 137.543
240.887 224.073
90.939 197.273
410.184 239.013
151.323 211.792
343.816 220.894
268.368 69.170
365.128 207.767
261.478 233.342
303.184 31.135
190.411 188.342
302.448 83.550
42.572 224.291
188.163 351.500
220.637 232.940
376.653 3.395
82.156 377.538
459.336 424.319
498.715 447.048
126.012 213.352
331.419 207.016
368.936 185.172
412.880 239.598
15.461 455.343
106.088 408.700
234.840 155.388
150.002 204.534
462.300 309.538
337.126 459.688
249.275 153.816
141.357 335.473
252.131 487.185
118.027 48.590
496.361 430.717
290.878 41.138
158.134 226.715
224.639 113.525
56.897 385.418
67.201 182.864
338.177 17.167
39.480 347.278
478.111 499.481
172.443 194.557
89.821 63.033
139.671 452.322
463.804 101.128
423.752 2.100
302.317 296.802
432.203 268.671
65.273 341.700
430.142 232.093
82.681 164.261
496.329 94.126
50.873 89.600
116.844 212.041
203.663 67.097
476.525 11.091
355.262 450.326
109.433 262.459
69.879 93.302
477.840 140.496
23.548 187.725
87.331 216.653
253.797 499.101
139.413 7.844
9.997 19.906
362.575 211.566
19.153 85.560
193.382 471.709
154.436 267.098
388.290 480.334
89.022 254.785
204.256 178.841
469.876 45.171
137.255 297.035
448.034 110.452
272.103 448.766
179.763 55.803
209.170 297.973
196.947 1.769
228.889 62.938
422.283 255.633
491.534 400.213
78.063 35.898
157.435 263.924
224.963 205.468
328.156 58.930
250.757 162.196
457.499 437.179
82.193 357.947
217.770 354.984
369.131 47.053
236.175 280.153
150.626 193.066
23.646 488.352
365.095 331.142
332.443 426.515
424.326 303.938
317.715 221.979
378.455 10.824
340.647 73.598
361.489 442.628
84.973 48.282
470.829 242.984
367.785 195.823
224.318 206.590
476.132 319.201
37.503 490.331
248.599 250.942
196.409 206.940
101.274 372.397
65.862 23.119
142.564 70.612
233.840 0.440
106.723 80.418
204.861 111.067
6.761 332.993
54.507 154.153
215.919 381.460
483.519 50.921
213.279 223.897
19.396 494.703
207.560 151.661
130.784 40.457
260.603 223.464
422.817 275.196
216.962 91.983
331.481 312.544
439.020 110.014
439.746 118.684
273.626 160.740
343.579 343.893
162.791 393.925
98.917 9.517
439.340 303.111
68.985 66.314
18.524 234.146
481.862 215.112
65.546 156.848
342.038 214.647
340.116 258.084
397.357 158.525
499.336 133.872
183.946 415.040
302.444 246.636
358.629 489.828
419.967 3.011
317.972 130.838
44.188 330.694
82.851 138.753
10.011 250.924
42.092 403.695
195.373 124.402
398.672 487.909
92.658 284.067
71.807 275.506
316.394 301.127
44.782 422.010
395.498 14.486
475.305 420.527
365.792 407.300
2.356 256.808
217.379 68.518
321.485 302.773
76.654 235.968
156.755 182.605
430.781 280.356
409.677 211.267
475.576 315.890
108.470 84.471
292.164 226.797
410.098 118.806
491.795 372.951
296.120 40.374
284.795 206.048
87.563 356.679
387.084 61.943
32.869 472.094
389.652 43.388
386.745 409.735
122.568 9.133
210.231 269.297
182.888 158.079
305.098 415.885
465.692 425.699
255.052 413.987
90.691 137.141
430.099 464.355
360.374 254.315
10.910 266.956
448.191 394.147
387.306 41.985
204.999 441.365
259.222 241.097
266.116 365.566
193.669 232.889
407.111 395.271
225.354 278.937
304.219 408.997
484.806 161.449
489.822 217.698
157.756 488.201
480.499 355.457
105.329 249.513
197.154 165.336
459.381 353.299
327.379 173.547
97.369 59.121
431.670 47.324
397.108 295.342
246.340 223.304
258.215 48.719
473.361 73.053
249.945 43.148
372.134 160.524
226.647 81.024
2.507 218.988
223.659 55.874
88.069 400.532
157.783 124.588
22.290 53.303
394.368 354.399
100.294 245.920
84.998 458.477
485.665 270.656
357.500 202.311
59.291 258.451
172.304 86.442
190.872 318.982
445.677 381.774
144.281 95.746
346.534 162.806
409.877 265.516
454.422 326.028
167.284 389.024
405.298 6.358
215.628 251.607
208.815 401.262
498.700 132.931
184.502 485.330
347.435 293.066
66.840 321.374
443.284 344.142
1.373 394.525
38.143 284.455
167.792 279.178
336.210 81.769
392.367 279.790
149.184 0.386
369.026 332.416
379.924 145.616
79.372 236.278
40.600 10.031
60.841 271.110
75.542 325.189
248.824 465.600
102.456 258.427
119.093 363.851
1.577 326.728
417.054 184.083
420.324 375.469
171.095 330.394
177.903 64.417
56.972 151.342
282.453 275.632
47.775 489.650
466.421 493.076
315.435 485.681
457.233 499.962
352.915 390.951
47.875 130.009
131.330 190.826
440.359 348.452
26.004 194.701
7.232 24.948
