438.974 331.959
303.742 62.124
310.909 148.785
204.153 459.760
47.922 304.540
386.094 200.161
389.037 368.872
473.217 9.734
51.116 226.765
136.328 438.396
249.748 232.167
361.839 147.849
443.299 318.853
157.711 182.720
182.423 328.649
295.558 73.254
495.864 273.120
185.286 498.354
164.516 430.195
369.800 58.362
279.907 412.811
481.448 10.628
17.643 138.780
33.900 4.627
187.000 407.856
225.236 215.461
486.715 111.045
147.835 359.266
62.037 187.106
321.989 119.442
57.746 306.606
418.570 449.387
187.283 42.892
399.677 356.712
233.255 15.445
57.903 182.161
122.185 471.715
21.060 141.795
312.229 343.622
377.398 77.448
440.205 64.624
306.736 475.065
301.903 122.916
281.630 218.151
426.493 341.615
265.454 381.337
396.736 352.807
414.370 0.441
311.153 8.545
406.905 361.522
145.965 375.130
468.713 255.940
308.590 88.832
325.730 125.668
9.775 322.018
10.540 217.971
486.160 453.371
214.072 365.797
459.764 262.521
27.584 495.686
242.800 432.197
38.425 405.256
343.294 227.328
396.847 412.058
52.743 147.375
76.868 34.868
192.297 200.524
411.289 494.572
293.223 133.962
167.188 100.817
335.268 161.131
94.357 236.128
240.655 145.614
380.960 84.511
477.958 435.659
496.934 61.636
161.636 132.839
484.124 481.132
204.640 357.004
494.521 458.176
4.054 456.129
123.154 136.580
3.388 325.871
82.158 457.908
424.254 167.164
393.068 79.645
9.381 431.185
489.383 108.907
169.057 323.077
213.223 407.947
198.438 164.291
377.722 109.476
37.961 156.813
424.294 279.553
125.274 121.539
177.168 170.508
220.705 422.685
270.021 60.081
101.246 75.409
114.683 352.478
233.190 284.901
113.560 463.809
332.643 105.116
232.442 38.233
228.053 237.033
401.338 69.366
354.379 146.836
313.126 103.943
160.847 489.449
267.864 464.133
317.130 496.857
29.872 212.749
184.037 476.234
315.774 242.068
382.033 303.042
212.150 246.229
75.491 129.835
37.443 256.050
391.512 381.117
357.402 320.831
32.913 179.662
8.787 83.894
257.937 481.380
266.138 417.744
258.795 473.596
369.545 400.050
184.656 213.414
42.192 102.983
201.146 373.712
111.562 145.000
217.569 69.467
322.120 198.090
475.077 41.029
380.370 207.406
325.239 86.890
398.078 386.258
319.105 295.391
149.990 61.599
408.525 146.197
445.484 190.159
318.822 286.350
200.680 299.449
411.436 438.577
413.399 58.546
322.714 85.012
150.271 205.188
55.555 352.559
185.486 346.749
451.145 196.629
498.189 316.083
17.505 494.775
362.442 414.236
271.155 441.891
142.397 419.461
132.884 255.416
476.768 66.075
283.693 483.428
431.125 465.778
297.900 438.283
408.009 25.765
57.241 408.581
436.036 389.239
16.127 109.219
84.009 341.948
76.957 279.071
409.585 453.936
345.465 6.435
124.989 71.962
398.504 264.334
441.486 335.924
177.292 17.618
280.601 144.194
459.826 300.428
413.175 202.040
292.985 443.654
272.222 90.181
96.120 470.984
369.377 357.512
287.769 412.539
57.950 259.843
325.492 73.941
415.473 70.350
222.684 107.385
416.894 234.100
420.765 158.840
241.971 116.080
83.504 149.404
400.050 431.586
165.137 155.351
225.955 366.480
268.604 191.282
170.255 58.632
473.252 44.529
152.678 430.881
269.221 381.726
40.106 68.676
237.088 155.642
0.172 326.798
231.585 408.234
325.405 129.752
197.491 336.016
144.747 253.248
329.432 221.346
275.700 222.734
499.568 341.118
141.536 427.803
10.850 171.522
294.044 416.822
158.013 86.785
63.649 98.247
261.488 92.237
209.695 97.060
47.478 499.219
29.571 34.132
376.408 248.210
166.299 412.596
362.220 100.737
91.010 390.428
465.975 410.937
4.826 347.700
451.127 0.147
497.350 149.496
398.657 286.228
396.848 391.299
52.897 222.937
314.618 194.785
331.038 169.761
450.574 159.237
246.284 434.300
4.893 200.619
89.215 387.801
430.924 491.130
337.751 266.765
95.644 223.224
345.133 404.590
174.359 363.877
27.301 267.343
14.212 38.493
32.585 367.505
156.094 116.270
99.672 181.331
490.431 262.557
210.419 457.002
473.119 140.805
295.824 161.370
303.871 295.616
311.541 252.130
50.009 144.229
430.089 384.115
236.489 319.219
193.790 353.314
486.674 57.391
337.945 73.085
421.857 81.459
375.836 301.638
253.966 388.839
446.211 322.007
281.824 239.442
434.720 410.820
55.653 417.858
28.736 25.625
399.887 360.117
132.139 419.437
226.430 483.125
453.233 186.629
215.411 405.338
339.229 365.372
129.890 116.754
174.433 253.096
401.477 425.535
272.115 486.098
347.515 422.288
239.622 323.973
113.973 476.435
288.968 340.496
280.294 188.426
108.996 473.787
315.596 445.035
449.440 298.498
159.690 471.500
302.662 278.614
387.011 387.761
129.633 80.114
455.036 11.215
64.143 294.700
26.853 156.768
456.369 52.402
272.318 129.396
330.416 42.362
190.064 60.506
249.614 96.839
299.138 369.561
429.084 196.973
258.941 170.743
395.082 446.238
178.051 186.979
100.084 406.104
100.939 208.179
129.918 282.343
358.624 345.421
220.037 91.534
167.580 316.645
440.359 65.290
161.796 297.455
370.201 314.524
243.256 485.208
76.145 342.489
476.436 341.221
140.105 122.904
452.679 286.353
217.360 49.140
154.517 405.406
361.869 304.960
247.940 45.831
406.577 129.663
378.231 148.476
49.988 257.952
68.922 36.317
184.681 144.324
420.617 19.842
28.238 463.617
330.401 196.116
197.196 493.017
30.038 434.594
63.622 75.363
279.218 99.726
0.747 336.479
192.812 429.796
399.696 293.704
256.204 86.680
5.894 128.447
62.004 498.608
489.371 459.069
489.719 484.872
481.401 41.258
154.283 42.688
41.497 52.959
88.174 93.025
330.927 393.205
380.780 201.936
210.772 301.663
193.640 379.840
302.956 21.433
417.813 292.281
408.052 117.420
322.449 165.595
496.564 40.869
297.242 61.909
135.201 53.446
162.197 392.040
269.931 312.550
313.186 258.728
416.329 12.000
47.720 120.244
275.534 416.697
120.518 467.294
429.193 37.811
97.537 185.228
463.790 108.668
119.524 89.764
299.890 323.526
138.360 169.577
183.862 19.662
346.285 480.083
261.948 24.758
93.591 118.689
418.816 367.934
348.929 5.217
163.235 388.928
365.014 241.679
135.777 100.938
421.398 442.214
391.416 387.877
225.621 352.977
423.536 444.762
497.675 308.813
344.566 104.495
255.790 106.044
86.893 56.667
381.350 191.276
273.537 352.576
478.753 390.428
29.630 261.134
304.372 493.788
168.753 446.297
394.052 233.502
421.858 492.675
23.241 205.188
427.057 318.732
419.626 70.631
80.882 5.005
148.633 207.713
315.740 164.741
474.146 224.565
436.030 376.267
74.520 156.787
469.476 85.128
237.818 138.013
1.539 326.879
230.743 374.241
325.878 41.906
266.664 9.360
270.358 174.265
293.518 344.556
89.248 26.562
426.320 94.971
386.306 395.033
245.308 371.591
488.202 93.723
183.734 6.730
413.172 430.800
175.152 371.683
86.307 433.248
151.563 313.215
467.498 182.749
195.620 38.463
287.793 40.254
422.590 359.646
297.720 336.011
188.181 143.746
437.425 456.705
152.824 387.288
385.117 279.122
438.729 391.865
322.296 290.422
498.696 410.545
311.139 258.316
206.367 182.469
260.300 381.861
261.442 129.626
145.974 60.641
178.658 89.970
339.717 307.838
374.620 90.770
472.708 9.240
190.676 332.214
317.424 392.098
80.715 47.622
195.522 404.935
76.564 455.334
318.737 109.803
68.707 267.005
193.776 198.888
394.095 367.688
141.060 403.423
388.844 27.782
474.884 2.377
28.337 179.990
86.458 320.582
39.217 44.519
190.268 43.086
184.165 345.708
169.752 351.749
165.904 222.493
387.724 477.167
301.769 232.339
161.604 443.618
485.939 382.567
93.836 89.918
463.572 275.495
356.239 341.202
366.867 245.757
132.983 315.161
113.578 150.493
379.162 495.768
392.821 251.632
450.055 43.081
147.422 427.048
477.323 445.214
374.049 41.225
229.781 121.318
107.755 428.727
34.102 407.716
141.507 456.827
232.804 289.088
394.484 225.983
154.473 349.328
206.589 36.245
392.170 380.082
156.038 255.225
279.864 123.304
268.466 36.296
112.647 3.751
472.237 375.291
444.053 179.677
235.358 134.126
260.715 139.896
231.641 258.776
206.579 88.378
322.751 177.702
485.575 214.739
434.162 286.797
336.731 174.173
426.223 487.613
40.812 57.652
198.840 52.740
296.690 174.932
6.429 488.797
378.240 281.748
386.901 299.746
424.781 312.955
203.418 338.775
485.840 52.731
160.058 150.233
116.307 255.447
174.092 112.582
81.330 15.896
471.113 93.189
489.295 322.317
93.738 244.053
148.473 418.111
457.350 171.483
386.326 93.811
270.153 174.194
155.073 229.764
108.750 458.892
53.687 11.502
91.781 475.262
178.196 167.820
300.454 188.976
290.246 64.572
340.359 97.138
139.153 344.192
46.661 347.139
320.083 433.661
264.736 377.531
493.182 355.591
167.635 20.617
468.731 355.330
243.578 13.409
121.408 499.487
370.778 382.670
188.666 407.937
137.064 38.407
433.120 152.797
403.251 283.338
56.417 230.896
264.279 215.045
181.253 391.707
228.124 64.691
236.370 381.945
255.912 93.653
359.430 81.216
435.866 458.833
191.330 66.751
378.141 202.358
212.632 33.566
60.055 280.876
326.243 263.753
483.035 13.177
407.402 40.234
8.534 62.189
8.167 234.735
234.883 22.565
100.871 177.791
2.502 480.814
417.782 136.265
50.496 482.941
113.779 204.849
160.078 490.277
16.955 275.637
386.290 469.935
377.792 494.806
432.787 335.267
242.384 228.566
485.962 476.926
334.030 266.693
164.172 277.077
474.168 56.661
0.074 143.624
401.351 204.388
339.709 289.675
347.163 199.735
339.313 73.845
151.338 366.110
34.510 450.165
62.169 308.726
215.750 451.144
160.999 139.677
229.341 178.780
453.374 359.192
229.335 170.819
180.394 472.279
435.609 187.005
450.286 123.735
437.973 404.771
182.244 38.411
273.011 112.394
148.202 156.032
356.162 209.626
381.657 498.143
127.307 204.037
445.168 465.538
360.782 416.019
343.040 322.408
204.282 70.868
121.913 113.943
4.421 491.101
305.575 141.227
35.480 398.332
193.363 435.251
243.629 42.872
491.512 81.963
306.209 366.295
140.072 28.637
365.351 408.759
365.969 35.316
107.866 11.496
348.679 294.313
270.563 347.994
315.203 237.058
212.280 4.318
429.529 347.252
355.238 272.596
2.494 119.702
14.688 255.591
41.211 158.174
395.821 204.204
358.079 445.526
140.648 182.487
340.572 338.277
271.495 278.288
341.149 54.198
147.374 399.451
391.914 108.989
