239.924 199.623
82.050 309.300
494.914 77.213
471.384 335.658
344.146 110.087
105.152 458.102
410.783 196.031
250.317 411.388
131.924 333.926
456.690 124.327
24.278 105.806
219.581 132.668
159.906 283.866
12.567 423.972
370.508 203.641
201.684 391.808
95.213 354.845
471.424 41.488
268.278 176.588
175.463 292.552
352.562 41.318
55.897 281.852
130.527 389.613
129.170 151.970
131.064 466.471
127.089 420.905
253.359 370.850
56.663 41.572
229.828 160.946
493.283 173.924
461.841 164.962
195.062 249.303
395.691 133.356
454.638 486.080
146.897 283.840
212.144 458.000
487.127 286.796
154.637 297.075
203.971 78.751
5.681 288.710
402.251 431.211
81.085 295.661
483.223 92.298
249.804 495.820
124.226 227.022
344.001 76.138
141.109 276.586
398.065 256.307
34.746 242.381
452.838 322.488
316.096 190.881
4.788 304.117
287.439 40.023
335.698 332.503
349.601 391.562
243.620 378.915
266.687 382.756
404.701 325.083
121.202 110.225
2.973 406.150
58.378 401.657
63.957 483.568
123.931 409.806
171.303 357.745
225.895 125.450
485.953 285.025
41.667 284.272
155.752 485.073
346.268 338.652
211.148 195.849
74.153 442.395
446.091 273.408
458.906 372.107
197.775 243.455
465.462 71.830
110.544 103.179
38.600 248.443
335.883 388.168
295.652 260.803
450.572 241.970
266.127 437.456
29.879 347.542
248.906 104.358
374.755 394.776
24.272 48.215
235.386 264.151
436.332 34.301
432.676 328.594
312.017 297.040
304.331 80.537
321.929 238.553
11.322 440.375
290.996 282.334
235.649 381.063
3.647 390.659
243.717 451.091
483.991 407.562
67.873 178.072
486.172 455.145
111.885 496.140
163.766 492.482
179.373 159.526
480.522 102.512
483.511 319.844
348.503 144.553
81.426 148.998
348.545 43.169
115.789 290.556
133.246 31.673
446.174 470.523
36.641 331.641
250.256 430.621
331.198 142.298
5.834 301.947
419.224 250.202
149.647 286.530
313.232 79.400
115.150 422.012
12.805 282.604
295.448 219.857
395.082 108.892
376.155 303.379
493.313 395.515
70.440 307.610
16.314 470.857
72.397 163.078
430.167 404.397
411.157 22.227
167.480 392.223
226.810 55.422
220.467 108.145
138.832 121.219
201.444 139.400
267.836 452.320
139.904 283.227
413.147 111.822
431.497 267.571
243.287 419.116
392.444 499.295
74.905 386.625
425.066 108.128
235.836 191.315
196.572 476.368
239.741 93.801
485.035 70.700
141.241 155.970
131.955 302.544
82.682 151.478
152.868 436.270
453.821 378.351
339.784 420.371
304.065 367.231
499.320 132.186
77.538 320.418
432.803 395.534
291.888 359.999
244.790 402.280
428.910 481.191
285.490 42.604
301.170 231.020
200.161 488.736
329.624 171.713
3.411 313.513
248.321 139.318
50.724 82.651
68.714 405.889
49.368 455.408
437.464 231.377
338.335 165.242
439.758 249.062
141.977 375.084
358.807 216.143
413.406 395.637
425.282 342.286
374.560 150.185
99.257 427.282
202.319 281.489
248.169 390.587
144.216 287.600
443.033 458.108
309.422 133.598
108.761 406.976
351.228 294.547
459.020 53.757
216.759 233.110
27.408 336.341
128.435 332.796
74.381 314.409
290.978 143.079
95.322 188.672
256.523 440.979
212.242 2.774
483.290 243.398
152.398 36.041
117.169 190.437
175.564 282.006
271.469 468.343
34.830 82.250
264.133 86.420
256.811 488.418
384.895 386.887
219.666 61.698
448.129 125.317
429.360 170.760
286.963 300.302
211.355 269.564
61.309 359.883
55.790 346.879
152.006 99.537
486.352 466.409
151.689 37.958
309.917 326.625
337.666 97.871
108.558 6.110
203.334 432.151
381.041 221.520
208.460 438.341
197.266 476.994
430.470 481.143
79.671 62.382
352.355 212.908
144.759 355.644
199.913 428.108
475.020 36.663
279.664 316.476
145.309 313.000
102.363 179.202
348.850 401.884
472.528 341.850
268.135 310.662
116.140 480.360
201.877 12.192
471.184 426.330
498.552 349.319
12.313 490.203
255.414 70.996
393.550 431.907
441.670 118.551
303.601 462.353
411.139 18.778
404.018 136.798
240.765 372.111
183.189 474.694
6.459 305.795
294.927 455.507
125.321 360.642
102.239 162.495
296.725 269.967
205.469 302.591
23.561 49.812
340.760 84.755
129.343 248.568
4.170 90.326
370.181 370.128
407.705 496.775
157.452 147.494
288.745 23.254
102.348 183.897
126.509 196.817
186.601 21.028
341.555 145.564
444.111 34.125
360.801 222.542
386.918 169.602
197.226 244.034
295.910 159.994
60.074 52.802
43.341 265.645
409.985 41.611
276.769 451.544
159.855 177.153
131.118 114.350
139.690 117.979
125.458 9.052
181.453 227.839
375.686 363.883
332.515 420.777
88.547 77.701
53.807 487.403
461.381 295.063
99.375 309.503
153.886 34.825
54.232 67.835
241.721 241.269
485.031 340.011
380.812 261.762
452.039 93.753
441.581 344.122
6.910 172.364
393.857 253.815
291.702 150.789
258.156 262.164
50.835 37.254
283.868 484.619
486.248 361.314
439.685 7.270
17.557 105.902
380.229 217.483
371.897 193.295
186.486 379.176
80.972 137.990
345.769 268.124
492.000 220.439
95.896 138.128
139.477 377.375
331.797 72.355
414.139 370.569
8.179 368.938
456.983 441.479
112.535 458.662
494.168 205.873
281.554 143.430
168.704 392.436
395.833 11.572
50.010 380.638
434.663 137.213
164.113 194.643
45.840 90.437
141.401 412.777
54.340 305.130
26.744 412.289
31.367 192.931
5.562 255.172
341.075 369.868
232.553 98.710
411.727 26.383
339.606 201.422
408.553 63.595
316.808 12.353
362.831 82.800
341.549 135.915
394.883 392.488
218.030 71.541
89.810 317.033
246.152 354.487
420.232 180.062
241.873 82.300
495.428 185.950
84.047 307.851
115.815 481.015
256.043 112.326
156.286 207.480
368.012 365.677
116.275 143.213
219.593 146.865
192.779 254.323
138.744 391.439
134.564 414.138
254.885 125.129
417.160 413.900
464.887 52.701
219.638 413.140
411.264 287.352
224.283 81.099
175.767 130.687
257.802 495.996
111.387 289.879
278.984 40.919
74.132 482.088
17.306 5.438
234.236 372.403
102.671 404.411
149.158 372.347
235.818 319.257
311.504 83.479
91.525 30.468
64.383 410.723
95.690 55.307
445.355 405.594
465.997 104.081
260.753 288.421
298.355 229.196
145.764 312.093
274.848 331.235
64.157 135.636
116.134 305.374
273.004 300.502
25.814 113.782
229.092 188.835
159.789 151.027
357.016 482.863
48.345 199.371
438.897 323.590
31.721 375.447
298.691 21.619
319.681 120.424
67.556 154.071
48.212 151.881
477.299 204.603
94.948 6.864
95.106 462.267
256.956 252.212
286.789 360.470
300.773 350.963
86.660 119.513
416.073 106.488
192.641 154.383
215.419 340.358
172.268 491.142
115.843 442.153
495.195 17.212
392.171 91.156
315.948 335.044
265.912 390.880
258.544 485.805
163.301 437.429
372.786 473.849
182.265 187.469
269.763 479.418
131.189 257.041
379.227 417.302
442.110 282.594
72.816 240.383
49.383 438.852
127.702 339.630
139.597 6.044
381.853 17.249
6.607 6.476
440.984 265.287
79.999 177.521
242.493 494.119
83.021 89.222
115.847 100.525
72.552 311.261
475.950 326.718
214.163 370.485
402.637 276.952
13.041 485.405
244.211 33.776
274.863 228.304
56.773 121.616
283.401 375.298
350.361 306.408
201.919 486.465
2.224 31.348
73.510 242.243
194.684 378.455
405.006 162.916
243.366 367.537
259.400 18.544
255.142 497.214
200.616 75.565
390.521 296.568
255.613 85.564
313.768 186.332
342.707 56.327
17.868 313.184
108.344 391.025
465.651 269.222
499.616 352.774
468.856 108.515
67.511 187.451
280.186 7.430
253.972 291.599
36.184 399.861
74.927 378.049
232.335 87.891
107.135 130.560
135.619 27.797
140.874 142.152
492.811 298.310
433.227 272.010
317.320 73.761
492.431 373.291
217.641 256.676
215.921 329.620
397.197 244.308
372.680 401.784
250.431 384.805
389.370 472.604
371.022 146.451
79.771 346.170
412.909 68.016
329.982 225.132
36.238 334.419
202.212 174.625
379.909 322.421
173.138 379.551
27.666 388.193
294.717 35.653
117.349 350.681
292.786 403.150
123.588 233.464
466.085 386.876
365.397 265.812
284.993 84.487
227.680 141.742
215.966 307.855
350.494 45.883
217.413 386.748
4.734 185.514
441.433 168.655
323.247 7.632
320.853 203.500
178.734 44.003
98.925 470.298
215.446 50.591
382.945 119.684
18.212 385.562
321.910 178.990
329.970 446.516
187.320 385.904
491.185 76.076
86.588 150.889
430.212 444.949
300.791 350.410
484.112 8.957
441.684 77.759
162.219 368.607
265.213 496.708
87.086 193.212
233.426 164.400
361.708 238.622
165.356 69.186
236.836 133.474
149.322 325.117
39.948 309.335
166.657 72.010
179.768 63.369
98.786 496.785
5.541 360.311
359.432 254.583
315.390 199.949
77.625 388.892
298.669 74.033
301.730 71.867
175.898 300.049
340.862 385.998
472.493 300.883
53.940 159.360
305.261 138.403
22.462 394.561
276.495 123.355
262.977 66.022
227.323 57.859
48.736 334.997
123.093 0.284
80.939 310.612
299.003 57.132
404.529 129.273
161.068 181.183
165.812 46.097
233.596 209.608
440.911 250.729
256.023 309.452
346.717 360.634
73.202 321.109
36.769 37.030
401.054 404.739
259.304 103.463
408.962 244.963
205.705 117.403
69.340 118.432
181.882 25.160
399.152 10.315
369.461 64.036
379.649 252.367
67.358 87.189
428.690 369.180
149.467 223.617
85.870 440.413
338.758 280.751
165.813 336.181
318.641 395.312
284.428 273.225
183.032 370.064
76.302 334.543
10.270 281.733
101.355 375.194
301.816 350.047
359.292 308.811
90.966 24.495
44.469 146.784
490.961 105.619
16.639 460.396
270.245 54.806
306.066 452.032
289.588 119.850
355.458 117.553
171.425 187.959
460.783 413.690
170.063 109.837
492.984 101.157
133.519 432.653
175.167 410.739
445.676 237.601
348.269 327.162
182.093 78.897
250.955 356.213
33.692 468.389
245.461 146.390
494.152 26.808
496.503 11.425
428.394 36.563
457.801 488.093
484.135 407.539
226.810 480.051
117.783 497.963
133.648 3.608
43.751 481.524
386.347 470.544
460.509 364.829
7.297 51.448
57.967 450.562
162.265 189.045
189.064 89.325
105.639 265.512
28.813 403.385
106.412 79.895
39.636 347.042
47.814 345.603
404.730 266.744
413.577 454.561
134.428 23.566
98.913 92.883
115.361 150.947
310.244 449.078
129.745 190.265
49.255 9.121
245.335 206.989
169.228 304.839
492.798 348.627
491.950 410.504
458.574 277.470
310.292 412.789
