131.296 251.992
192.830 396.880
490.219 152.684
72.400 4.535
143.875 128.205
164.528 324.426
415.301 432.297
432.080 360.693
292.872 360.999
470.661 99.501
393.774 11.773
310.739 164.666
230.411 266.061
76.472 428.218
133.336 286.376
330.937 241.600
402.459 149.195
413.653 361.295
391.145 71.670
131.476 288.213
179.272 350.803
132.936 222.957
142.051 340.776
421.312 190.182
468.161 156.680
79.237 444.407
205.546 260.436
359.068 267.283
323.395 230.831
69.631 403.258
493.078 361.100
113.567 340.667
187.041 189.752
259.282 321.549
39.399 215.445
102.949 328.465
73.999 398.297
197.841 473.682
74.177 16.721
213.691 249.455
428.226 59.153
12.645 387.191
171.887 242.361
399.118 108.540
103.089 412.958
395.032 285.409
20.156 153.351
288.842 12.442
16.535 192.124
482.232 122.502
216.586 63.229
380.386 69.355
91.265 194.645
331.332 55.299
176.119 382.081
269.059 473.599
407.123 226.389
42.453 199.559
481.608 4.983
27.046 234.405
192.965 262.832
32.798 324.224
493.110 496.627
474.355 218.756
348.785 106.804
298.498 210.128
99.044 291.708
455.830 130.314
248.741 438.292
169.565 412.828
465.341 209.954
490.500 5.835
77.739 207.759
299.795 497.223
192.179 129.490
187.427 321.225
201.184 444.662
134.894 131.900
113.771 2.366
432.536 463.191
127.373 492.212
254.714 256.058
38.264 434.296
200.318 309.132
306.872 446.964
30.582 331.024
383.259 370.085
146.063 313.953
204.750 184.188
186.318 116.950
448.501 212.103
114.294 437.821
259.479 47.312
328.702 398.458
10.309 195.294
13.682 361.598
108.808 215.769
208.133 436.676
495.017 180.678
87.238 345.810
473.708 10.094
10.682 280.797
166.284 171.016
63.500 157.487
102.906 273.361
226.367 394.923
303.468 191.958
393.535 98.386
374.084 333.214
294.528 401.607
449.775 277.728
119.279 496.211
433.173 177.895
391.100 390.596
56.527 429.565
341.853 127.607
121.770 334.211
379.187 52.008
114.482 305.079
291.697 168.117
175.477 124.140
336.188 267.677
369.858 440.904
475.854 452.289
276.227 197.545
233.829 241.571
21.184 45.335
336.838 310.382
146.050 274.994
191.766 277.053
256.561 331.738
156.954 424.640
208.579 305.571
5.612 13.872
492.132 339.689
462.497 107.451
290.803 248.165
100.925 59.501
278.255 127.609
175.425 216.790
312.288 141.695
498.633 445.028
398.171 29.561
112.819 333.782
377.615 94.872
393.714 241.184
175.922 494.453
289.185 248.656
497.205 270.322
367.242 436.667
259.964 118.126
248.633 56.720
389.487 295.316
150.450 58.503
166.801 479.074
196.083 377.620
55.389 472.636
442.153 100.169
413.866 154.649
204.286 107.650
399.222 327.878
415.277 53.006
420.073 80.683
178.339 356.491
43.613 389.920
69.045 321.125
282.090 254.554
490.603 134.074
449.043 490.257
181.174 443.166
495.125 198.799
479.863 43.061
177.269 457.869
294.158 81.171
27.351 373.834
323.804 363.231
333.014 13.957
426.416 272.305
275.073 331.230
344.067 140.690
221.131 440.340
8.363 7.639
223.814 108.709
313.710 124.871
328.510 178.617
183.187 247.857
430.270 399.470
151.368 186.924
344.874 347.628
203.348 232.208
428.290 342.033
490.403 274.834
461.580 87.124
49.611 205.382
268.586 280.293
123.720 71.968
247.731 250.576
477.880 371.419
451.887 368.275
429.527 88.328
336.106 479.438
235.044 90.509
453.159 355.246
418.891 269.237
86.638 297.244
57.034 166.064
217.287 386.294
480.017 290.183
298.630 307.278
466.696 75.110
387.253 351.508
345.951 21.669
183.024 77.981
122.413 265.247
264.601 81.847
186.921 25.681
50.262 458.551
439.208 275.984
1.970 363.335
480.613 104.965
291.376 89.224
267.825 413.319
403.825 10.966
214.292 174.620
233.443 428.402
78.060 95.562
335.498 438.658
7.988 483.846
413.758 377.974
494.390 371.270
261.883 422.038
122.823 278.421
361.258 160.553
113.011 247.090
416.313 388.199
441.790 468.599
100.946 468.450
356.787 64.413
374.597 332.723
248.751 335.017
136.388 100.973
205.946 235.373
490.010 16.410
307.337 162.231
209.270 131.517
456.753 230.145
499.295 234.404
300.231 473.923
54.590 116.898
189.041 245.356
137.893 422.221
9.112 20.849
427.194 303.815
422.008 314.818
360.463 358.340
73.067 4.008
324.931 78.158
41.062 277.121
497.611 413.001
409.516 406.127
21.547 61.829
209.665 186.084
76.111 228.932
19.269 373.646
53.253 417.262
269.991 130.980
56.206 300.766
367.133 140.656
16.624 452.690
283.829 185.772
227.500 191.192
264.920 381.202
122.031 368.819
23.285 290.914
251.868 209.147
278.926 74.708
459.804 171.430
314.077 92.962
164.199 38.676
90.655 215.968
173.892 262.268
126.304 84.764
280.676 124.457
482.756 411.510
248.533 233.443
217.200 484.063
289.818 483.078
205.247 137.744
288.231 345.748
326.757 313.720
165.278 42.952
269.067 25.320
460.611 487.056
31.054 498.058
50.810 139.569
10.019 192.751
434.889 190.723
476.984 489.441
493.085 300.514
169.583 320.830
487.075 137.073
408.611 116.306
284.135 180.053
223.180 366.186
264.245 141.018
14.497 459.073
375.975 140.130
406.580 8.145
46.150 460.747
233.712 237.223
385.744 373.330
384.167 156.832
140.082 129.732
207.185 69.272
302.815 263.367
68.652 182.905
420.007 219.074
184.468 436.888
360.559 137.360
101.795 175.402
463.701 361.653
78.881 164.261
11.802 302.372
61.508 455.467
115.801 180.098
47.960 246.464
125.759 187.670
96.174 375.152
475.907 135.310
235.155 135.497
373.048 113.985
337.279 117.971
61.621 470.372
479.523 464.085
352.484 83.748
390.922 468.928
153.821 255.296
362.986 273.267
466.319 20.830
96.316 20.286
32.975 76.893
188.061 326.677
34.139 319.738
336.696 112.084
23.240 139.769
345.416 312.822
444.047 19.493
272.719 35.199
225.420 453.969
71.413 24.442
407.653 103.719
25.835 314.705
309.524 314.179
165.878 315.631
290.309 214.054
306.409 160.969
243.061 67.370
371.386 252.969
356.701 84.473
48.932 144.361
47.852 1.644
327.288 116.281
423.765 82.898
173.658 229.774
259.025 158.825
234.592 427.341
192.881 321.606
7.530 19.337
18.823 110.053
297.806 343.010
316.817 333.033
114.820 456.937
149.482 424.798
358.102 164.880
35.824 117.736
200.448 266.281
26.064 246.908
233.012 409.855
237.289 262.451
490.153 485.775
405.641 459.932
198.602 280.501
397.172 316.691
153.324 264.924
498.826 464.450
495.688 458.124
242.446 468.179
406.288 40.444
204.929 35.082
36.328 81.808
311.451 424.736
11.280 470.130
306.868 51.860
78.138 436.485
122.804 385.187
93.775 290.774
466.526 48.884
243.533 238.532
466.327 351.950
112.126 397.021
210.559 318.227
36.319 301.694
124.480 243.301
215.126 433.901
399.786 194.880
113.448 475.764
64.702 291.171
91.849 208.545
134.992 235.037
126.109 318.189
398.820 46.877
150.015 231.027
162.991 92.969
42.499 235.709
108.771 486.371
186.660 320.450
93.111 453.229
42.174 274.854
246.641 140.627
164.875 49.567
448.637 187.330
497.696 482.986
305.090 198.276
90.398 188.645
443.116 285.754
465.402 375.179
440.890 151.314
47.622 62.912
24.216 28.164
281.476 212.421
73.814 309.713
86.534 422.013
287.616 477.888
251.830 422.956
271.639 401.601
456.313 376.922
490.780 389.642
113.182 193.749
0.925 165.895
386.134 99.879
221.385 365.055
418.898 27.141
449.816 27.304
127.784 191.283
84.032 191.908
196.824 143.018
97.283 320.103
80.024 242.280
489.731 350.644
165.671 142.078
79.311 335.122
211.333 86.587
105.069 274.204
26.903 229.601
346.165 275.686
245.328 143.937
258.532 385.756
16.949 152.323
130.481 468.129
375.864 99.620
425.443 109.754
498.268 69.755
187.933 286.282
373.612 210.357
153.259 459.574
269.837 95.301
37.265 445.039
426.222 291.310
258.993 274.514
200.855 189.190
172.704 104.000
144.697 339.684
356.871 154.836
388.345 418.962
165.660 213.276
482.202 442.923
3.819 375.738
126.892 344.349
162.322 385.597
212.081 422.639
195.577 274.204
172.695 400.413
480.209 403.741
390.439 135.617
392.650 142.164
324.216 391.851
51.970 154.285
150.137 373.442
330.515 204.622
469.877 351.842
380.894 371.379
210.248 247.431
391.730 353.123
245.053 460.976
144.565 336.403
243.235 246.918
74.008 479.314
97.247 450.322
184.785 283.241
485.008 321.791
416.952 379.931
150.989 406.339
202.658 114.349
309.237 338.374
459.559 209.525
431.489 394.134
488.851 341.812
452.371 401.822
479.065 162.352
48.448 361.566
16.066 254.936
281.495 359.051
124.225 277.893
105.873 203.723
406.896 486.109
136.463 41.117
489.489 427.361
397.611 216.017
424.552 186.537
329.545 90.482
218.130 99.776
4.712 351.471
163.163 317.247
155.435 67.001
228.179 489.033
25.775 311.824
343.271 104.519
333.415 237.217
402.170 243.111
286.368 167.809
217.589 13.432
114.676 320.106
132.298 355.533
145.054 338.081
220.369 342.289
457.680 258.588
328.240 369.949
239.093 144.722
446.239 14.495
487.752 421.083
11.375 105.486
477.673 481.435
108.330 361.486
132.866 370.569
234.825 159.788
34.728 289.087
224.742 6.276
109.299 143.900
178.685 103.811
391.204 471.657
121.924 274.553
480.349 287.224
154.945 21.493
409.746 14.708
323.670 403.961
212.917 497.840
313.360 497.851
472.612 257.018
174.865 298.784
194.539 59.227
337.031 10.598
475.780 497.626
407.790 250.017
168.920 464.310
78.502 246.104
234.000 151.597
1.264 218.586
122.394 147.427
59.257 139.260
331.677 360.051
404.810 106.669
368.582 386.014
400.333 372.429
178.692 301.629
463.043 477.496
204.549 499.320
243.413 430.288
398.295 311.182
57.264 397.513
62.681 394.313
329.853 489.178
150.977 158.000
101.579 236.683
380.369 283.361
100.385 136.561
141.722 412.571
36.339 149.970
274.972 401.391
283.353 347.157
378.183 127.934
40.401 350.082
153.716 308.318
366.363 475.708
475.368 367.728
8.199 88.828
486.937 31.216
325.457 110.262
133.521 308.908
270.399 81.907
44.291 411.943
338.392 238.507
385.306 492.678
140.976 474.600
126.203 417.563
440.061 14.800
440.459 194.302
58.716 458.909
134.102 443.100
157.601 276.367
63.883 25.710
35.231 489.710
218.809 449.763
147.964 408.955
218.681 381.408
224.341 109.335
308.998 208.830
15.695 148.462
292.393 61.030
306.687 212.897
151.330 119.740
399.096 148.418
272.877 137.951
404.097 264.013
438.330 70.979
399.442 389.365
