447.522 136.909
219.042 133.506
460.441 112.719
169.765 334.146
226.178 328.525
58.200 86.499
181.555 258.516
387.692 180.915
97.579 355.478
244.215 371.713
204.310 116.898
340.818 348.977
355.368 313.069
314.638 76.705
113.008 420.651
171.473 384.217
45.648 293.994
304.784 37.872
14.242 277.765
337.407 107.299
474.357 228.098
386.741 137.158
436.549 265.548
227.186 461.966
448.245 43.712
142.281 102.149
44.447 369.331
77.907 62.732
271.671 126.978
266.273 346.886
246.885 329.308
440.433 366.116
23.202 491.271
212.284 159.457
81.550 406.025
84.962 242.528
389.012 207.313
1.840 149.728
110.844 321.793
292.541 265.296
89.262 262.486
9.624 60.724
52.877 409.116
114.594 78.454
57.327 263.661
398.497 253.009
292.551 62.950
399.587 158.140
238.322 16.710
2.986 450.317
285.486 133.687
364.845 73.950
157.519 8.593
299.631 432.301
78.406 305.437
406.727 310.269
85.523 132.174
103.431 78.672
490.130 269.730
269.182 200.929
318.308 355.765
381.786 159.006
301.627 264.734
356.764 380.082
343.486 109.062
43.035 270.090
499.469 494.318
483.063 312.928
19.489 186.096
245.391 94.932
46.619 427.973
363.586 168.439
205.628 220.512
485.111 128.054
223.486 36.774
374.906 114.700
430.188 280.281
414.280 288.651
350.820 242.938
134.717 309.041
57.052 68.494
6.775 180.124
15.842 205.582
412.229 383.249
215.807 427.450
191.250 442.132
107.099 467.703
42.097 364.094
405.781 490.445
29.891 417.354
329.164 419.348
20.455 182.618
455.703 77.720
404.881 16.037
105.153 1.657
71.882 33.212
319.994 291.607
450.541 329.022
96.484 106.197
425.976 170.877
458.658 84.109
495.968 214.843
461.936 363.908
185.087 97.361
289.702 200.640
442.945 51.603
487.029 163.957
324.544 119.892
448.165 149.448
432.240 217.723
231.319 111.844
66.577 98.692
465.216 100.552
81.744 228.378
106.261 150.195
115.461 423.393
49.229 266.180
115.560 150.825
486.832 437.182
379.178 277.693
36.044 70.724
267.853 221.830
407.725 52.557
398.128 161.746
184.479 220.740
34.659 149.318
234.629 102.215
81.240 316.721
85.292 400.003
225.671 429.338
368.712 50.777
189.863 417.213
383.419 177.569
151.400 203.981
337.320 149.949
471.782 70.167
139.765 388.912
275.953 188.657
225.704 239.001
237.732 339.447
202.221 120.543
330.043 139.392
261.495 87.670
258.213 383.204
410.913 447.953
96.188 16.891
266.681 387.076
376.791 158.082
449.332 439.065
267.031 127.622
281.484 285.546
181.356 14.642
26.534 141.503
183.827 218.586
92.391 329.220
207.294 273.494
362.620 97.449
494.325 74.200
228.632 339.685
213.868 121.949
50.959 378.935
264.834 418.176
320.634 373.717
133.407 459.821
313.528 250.797
66.696 131.640
426.438 341.940
191.875 109.240
390.383 153.644
419.047 421.663
429.379 13.064
489.263 236.344
130.557 249.222
77.562 392.834
327.539 146.537
355.770 332.406
417.532 257.571
2.424 250.567
348.338 117.206
348.194 360.724
328.305 446.470
85.100 301.803
84.576 79.847
30.553 0.422
474.520 169.075
468.602 47.387
413.133 307.366
150.788 21.238
203.416 417.399
260.217 375.262
427.608 183.960
339.352 255.407
415.508 355.703
411.970 315.896
362.159 430.148
227.519 176.095
71.980 311.157
43.112 422.285
329.333 337.811
215.899 335.331
160.228 71.038
345.136 423.455
36.992 160.307
59.429 135.116
484.995 165.921
70.533 364.153
261.666 271.879
197.949 249.407
73.791 44.186
1.327 394.988
121.423 270.599
372.846 284.040
206.955 452.140
354.576 434.872
339.527 116.354
167.242 69.659
96.726 337.577
493.464 98.349
55.720 299.104
3.243 456.005
65.304 166.316
488.497 350.650
474.537 314.833
212.117 95.315
480.193 475.189
375.987 155.187
216.237 410.925
22.728 470.701
314.533 343.071
401.957 389.382
288.295 253.803
353.691 191.594
230.975 264.399
348.001 194.678
20.432 207.425
328.644 225.847
340.912 2.159
271.483 127.589
498.040 292.150
463.083 263.698
497.314 271.590
177.259 432.475
232.395 230.059
303.959 289.305
314.088 97.317
111.433 326.910
474.263 112.486
380.723 482.474
62.259 72.598
433.655 478.838
444.110 141.941
198.106 422.923
147.684 85.437
333.216 263.230
293.408 41.369
307.331 41.434
202.870 320.528
462.511 175.643
179.860 50.585
244.154 259.400
324.525 423.728
391.177 84.218
152.778 401.919
496.574 182.828
135.699 15.744
475.375 251.325
165.271 471.897
305.417 298.968
276.386 105.941
161.538 76.258
315.506 271.238
71.199 157.498
108.654 256.371
122.739 431.232
281.501 19.523
175.336 74.245
88.441 63.198
243.937 118.226
230.365 103.289
14.051 95.309
348.765 57.436
250.740 228.964
441.248 464.453
31.505 433.483
247.895 456.253
147.733 292.956
457.401 279.802
104.216 396.956
493.620 184.567
377.114 126.209
1.270 234.823
229.148 9.275
91.193 97.673
151.652 181.640
123.466 150.675
278.444 294.525
146.488 93.882
83.027 323.868
20.024 48.676
361.382 207.085
176.823 198.985
101.355 417.343
457.611 178.208
334.917 92.793
143.412 424.210
401.416 477.337
159.401 478.851
208.808 449.905
423.217 480.314
26.023 421.287
139.603 199.689
60.928 403.525
395.929 137.737
254.104 438.922
465.671 261.250
86.434 382.389
211.118 119.196
301.753 180.392
486.435 440.473
249.706 298.162
78.935 413.711
313.499 234.026
224.619 401.142
413.154 0.941
203.266 392.524
65.617 324.675
131.500 194.169
62.305 299.361
498.634 299.283
338.771 52.662
295.260 0.076
264.784 64.018
196.561 292.996
224.132 227.688
449.640 285.138
421.245 401.058
145.547 170.614
371.648 218.740
113.202 9.877
189.122 48.946
259.177 68.626
270.810 128.640
134.666 229.760
5.236 486.653
366.039 206.954
184.343 249.333
168.376 332.444
203.338 321.757
364.364 42.192
126.132 362.988
185.365 445.668
361.500 47.168
468.907 450.642
197.270 188.171
351.151 315.940
52.200 160.551
156.411 479.475
411.825 381.049
468.316 5.892
223.830 354.781
334.810 313.304
69.682 87.019
4.892 394.000
150.663 295.312
414.755 5.123
265.322 492.121
389.642 250.500
288.991 384.409
210.318 361.673
97.673 61.906
432.952 337.568
236.869 363.042
239.501 14.727
58.066 431.607
480.551 180.654
401.972 231.800
80.754 187.051
167.197 461.098
60.015 387.155
111.771 446.317
137.133 405.946
182.907 248.790
122.803 285.303
411.651 122.739
251.160 176.238
178.844 16.205
315.828 110.304
153.664 429.908
255.444 494.229
264.526 173.011
11.207 11.141
44.253 218.677
141.420 18.986
264.225 153.383
38.895 352.471
211.780 216.817
493.939 245.640
252.999 351.045
104.575 96.958
276.659 387.608
105.594 315.499
372.779 391.185
191.488 93.140
31.975 404.701
250.098 116.350
303.126 334.463
280.521 264.043
104.156 198.307
207.620 165.488
80.345 288.467
152.436 122.968
376.576 471.853
353.472 208.881
46.289 122.684
325.715 53.269
380.786 494.697
353.245 417.664
414.121 370.860
370.043 225.392
396.868 460.189
403.805 158.122
451.632 26.270
179.429 149.187
142.093 173.673
13.474 107.747
4.294 147.228
435.062 492.219
477.069 437.917
189.793 391.612
178.510 271.543
279.752 258.037
264.066 478.481
67.085 129.785
308.713 18.635
246.546 25.901
366.243 107.175
207.522 154.971
59.149 229.976
138.453 420.293
42.606 290.720
459.518 226.916
288.726 142.917
327.376 101.926
79.040 166.575
1.828 470.609
144.838 109.120
266.179 98.967
36.766 348.043
297.915 158.330
482.650 146.403
105.369 253.796
220.770 25.519
365.404 334.991
294.334 418.577
442.365 64.268
57.884 137.445
365.755 277.310
39.892 122.145
110.016 104.315
298.439 80.532
479.483 132.400
330.622 93.535
424.458 212.140
343.744 230.343
290.577 41.900
246.791 420.567
161.283 300.655
149.372 443.330
343.594 170.974
406.279 422.777
352.970 220.720
261.986 325.726
230.898 27.006
315.923 93.013
14.686 468.951
176.949 105.921
116.300 263.785
71.612 396.037
288.803 177.300
396.412 321.721
184.468 107.677
87.295 160.256
133.953 148.404
278.612 471.995
223.725 77.302
319.291 386.952
185.424 112.671
14.521 476.924
47.542 382.963
385.873 371.873
453.155 399.182
4.110 174.222
499.428 248.192
233.089 387.500
420.879 114.606
194.458 392.488
360.575 87.814
100.406 334.619
407.888 139.749
303.380 234.725
125.037 324.555
85.853 89.082
470.517 434.386
153.712 44.678
110.090 366.192
301.337 219.868
346.519 489.740
313.953 255.439
180.169 203.111
226.516 46.831
37.471 204.242
409.386 39.088
293.202 261.460
31.789 8.636
51.023 374.227
449.715 63.550
177.657 199.305
148.234 16.067
499.828 389.708
53.523 320.882
336.510 83.749
306.248 59.431
240.975 218.381
31.734 125.889
360.727 21.596
252.185 155.334
378.045 229.606
269.896 3.031
337.080 223.827
410.295 477.786
322.064 37.293
387.627 92.829
282.449 421.057
347.036 310.683
439.009 447.730
10.268 262.032
300.334 95.174
409.750 163.668
398.150 127.934
116.519 458.947
289.472 483.178
300.188 139.212
198.141 157.694
168.860 240.159
202.367 35.407
316.293 236.598
308.030 246.258
458.856 420.746
454.164 315.414
192.625 458.787
257.264 349.076
148.910 226.541
156.781 488.596
216.681 192.490
273.998 330.025
146.666 73.082
66.615 444.806
387.952 308.276
363.052 21.458
269.097 176.363
146.331 407.628
243.121 273.305
298.540 216.428
20.108 386.869
215.488 433.667
155.190 447.706
95.441 493.673
359.260 456.293
261.680 180.048
301.660 91.968
250.696 414.196
61.019 78.183
24.528 463.415
229.296 493.215
306.950 360.131
217.790 183.003
2.222 422.161
438.460 144.690
106.315 377.149
133.679 382.968
54.654 142.307
253.921 316.319
358.770 441.183
233.066 485.370
350.229 189.576
56.390 371.318
29.300 298.245
390.524 99.735
177.799 384.279
72.063 205.182
485.326 183.033
88.363 5.725
356.428 97.170
74.830 23.981
405.158 106.143
122.402 424.982
429.339 451.913
226.220 0.284
152.632 270.983
186.848 273.015
349.690 373.743
484.271 414.255
61.559 391.213
197.749 498.465
483.544 44.303
79.036 171.827
169.798 78.802
3.371 210.393
378.036 165.172
151.200 333.710
50.909 103.486
360.633 412.741
76.810 180.743
353.490 262.659
4.402 313.064
232.892 195.279
170.768 292.039
429.243 253.967
15.708 476.689
374.791 43.039
460.352 497.634
279.179 170.925
25.704 167.457
483.991 62.961
286.044 207.797
