446.951 37.907
376.692 90.979
203.272 491.660
161.707 228.408
438.093 78.816
441.058 499.749
350.293 252.201
40.481 410.104
392.626 402.337
408.880 11.484
411.912 247.975
180.851 144.736
45.374 178.285
299.265 45.177
318.655 373.186
399.192 354.921
187.082 344.908
86.107 132.895
81.659 99.073
108.182 343.178
47.761 410.274
319.805 256.455
112.988 372.034
391.378 388.459
316.823 446.699
483.933 251.530
304.061 108.761
472.993 193.704
58.518 144.692
337.709 437.661
33.733 21.882
277.575 8.132
298.428 343.172
125.584 492.490
300.693 14.813
307.207 322.933
331.604 380.319
440.185 472.562
352.678 397.653
192.884 350.343
157.587 106.085
227.720 92.914
320.138 186.035
76.890 183.245
189.306 163.714
267.145 80.537
172.197 372.112
494.550 270.072
479.654 134.916
32.719 46.968
96.145 74.444
220.450 162.296
218.855 133.478
101.784 494.125
266.828 186.272
109.757 314.420
290.385 165.672
88.140 181.444
12.973 182.092
324.640 114.526
358.041 188.329
270.770 161.779
257.337 200.937
75.086 31.015
338.327 125.072
284.656 142.777
27.945 156.122
229.825 123.653
429.628 456.794
102.584 149.205
19.086 400.185
370.623 478.301
114.125 231.980
109.593 429.362
154.829 470.799
413.109 217.599
43.942 425.346
175.315 318.008
138.980 331.960
150.065 198.547
499.173 62.393
156.202 165.020
137.260 69.510
381.438 465.591
330.466 198.022
490.936 143.700
246.586 316.065
454.988 425.527
107.383 164.488
44.252 475.025
258.352 279.776
83.868 228.653
423.473 454.130
27.958 209.091
194.308 360.896
203.483 167.851
8.108 86.076
185.138 438.103
475.997 252.028
371.861 476.092
13.354 434.368
30.297 253.216
213.510 402.309
265.682 363.264
473.378 382.639
158.261 462.253
121.780 477.034
51.961 54.865
246.215 58.331
144.627 421.854
305.342 193.380
285.069 419.024
300.745 498.677
249.372 309.341
111.184 114.673
114.535 212.575
215.635 379.701
190.357 411.838
482.447 200.364
344.292 342.306
15.864 392.981
479.544 155.507
261.599 465.695
113.209 49.551
290.182 156.428
299.335 419.615
363.099 390.428
355.136 296.672
327.075 131.866
279.771 299.566
297.761 433.861
55.529 413.518
325.422 97.799
365.602 459.271
49.040 244.819
214.253 372.119
69.629 438.882
279.375 346.729
120.141 264.336
20.193 60.388
23.909 106.069
308.051 119.205
391.628 291.915
21.713 339.912
438.399 260.315
0.835 270.803
325.614 25.695
380.705 346.291
497.548 47.530
62.979 51.039
2.936 136.211
415.760 156.063
59.182 314.378
493.889 415.215
191.002 7.332
317.581 27.157
305.911 374.727
398.527 159.935
361.818 432.541
488.660 485.386
96.225 224.983
149.165 92.549
111.006 388.537
185.742 8.518
391.278 292.357
215.475 275.293
450.309 29.777
224.402 162.895
353.311 335.712
168.954 266.097
113.607 83.349
108.083 102.679
359.924 63.775
476.236 26.142
422.988 209.312
83.560 231.616
50.691 132.674
132.757 250.887
167.816 182.600
55.446 459.655
61.495 44.981
265.612 27.912
24.853 352.981
196.512 487.567
492.490 206.789
232.035 218.537
122.166 158.358
374.044 158.923
83.221 406.691
431.929 221.122
323.509 425.311
269.189 394.757
174.210 290.174
165.429 230.489
1.113 204.130
368.486 286.566
187.782 386.562
84.205 259.883
128.033 51.848
314.126 254.406
315.086 465.203
328.557 218.890
224.013 321.781
91.875 181.191
49.549 263.661
437.738 259.252
147.875 56.598
449.414 232.636
195.667 163.676
339.696 154.156
192.991 90.064
225.168 152.062
38.725 312.924
168.982 296.483
409.502 414.949
447.784 177.383
312.643 265.192
398.989 401.530
20.869 310.137
74.227 279.943
444.575 279.536
464.232 180.041
291.069 49.061
134.300 212.822
387.492 334.101
335.946 234.907
417.044 289.434
449.182 486.389
108.546 378.854
349.331 23.457
458.354 61.154
366.920 101.665
278.327 310.887
135.200 420.952
475.246 496.519
308.895 278.917
98.838 2.875
66.795 303.905
453.699 479.277
252.885 427.438
173.767 387.484
351.293 396.812
434.397 219.067
468.731 245.183
209.675 405.114
173.019 422.582
360.668 262.251
65.390 81.631
4.583 228.882
324.848 103.820
189.658 23.672
421.412 270.312
266.961 29.899
172.936 192.881
481.293 135.585
60.863 240.495
162.743 211.602
234.072 74.010
89.479 163.756
257.185 214.650
322.442 160.691
459.612 400.158
465.603 389.265
387.954 79.172
106.240 278.587
396.330 462.885
138.531 300.873
165.100 44.057
246.319 166.783
444.621 241.825
415.169 35.562
212.080 263.984
74.499 361.924
483.332 182.145
245.815 113.495
32.085 63.247
109.580 152.933
481.338 320.776
432.462 151.070
43.609 198.540
219.683 16.089
83.085 347.811
418.846 305.009
188.619 164.145
36.878 109.407
228.467 144.851
296.664 400.979
98.902 330.372
296.052 202.345
244.887 74.475
419.839 53.504
254.958 68.878
8.669 432.786
39.491 430.330
279.219 178.672
242.928 109.796
333.084 77.806
483.106 391.084
261.778 488.888
471.958 234.637
78.338 234.802
438.982 64.886
125.453 103.116
460.254 60.268
82.690 413.126
490.598 435.075
194.091 337.248
374.582 5.510
228.673 462.858
203.411 114.302
193.515 430.239
264.348 222.681
279.334 142.824
126.466 414.216
330.614 262.940
157.670 407.700
27.337 283.988
299.462 59.134
229.595 198.449
95.640 277.637
436.256 175.444
394.746 394.454
118.086 356.924
84.140 251.952
286.673 404.941
327.769 422.956
407.621 434.397
485.791 63.693
103.318 430.100
391.266 443.946
430.727 403.309
382.785 344.188
253.678 415.168
330.074 236.169
291.089 225.445
162.528 482.675
47.670 294.208
388.991 150.201
461.458 150.642
495.588 270.068
360.100 66.956
355.695 498.607
359.445 396.805
357.949 373.101
349.670 23.128
201.701 455.368
95.319 408.697
282.586 459.706
90.174 190.607
60.871 329.453
222.722 488.208
167.484 256.250
416.268 358.260
403.670 78.934
67.449 198.607
320.972 413.175
298.660 122.925
41.573 368.936
309.440 246.958
146.029 31.555
91.918 494.016
110.918 54.048
49.616 392.142
493.259 22.642
131.361 366.589
320.891 250.422
405.530 16.261
126.055 432.267
326.535 361.473
291.948 223.346
68.968 240.322
13.032 200.216
270.875 331.902
37.859 54.597
298.436 110.760
357.752 8.046
50.314 302.321
62.949 181.048
269.424 291.639
242.009 289.144
45.064 278.362
67.948 77.229
170.201 49.146
4.383 19.841
283.914 281.603
367.604 5.071
40.716 186.021
208.849 3.697
208.799 158.703
449.853 198.484
446.283 347.667
312.951 328.434
446.026 44.015
195.354 168.901
293.298 375.814
242.837 82.140
305.929 105.969
413.842 414.173
54.526 184.896
211.083 153.586
22.755 224.724
485.043 37.946
105.184 180.079
96.543 140.748
475.208 182.438
250.212 7.515
256.643 382.758
249.938 90.654
454.549 315.702
348.658 357.762
466.235 462.214
248.680 273.011
380.398 67.664
155.516 214.458
439.013 340.573
419.917 301.927
463.870 361.657
229.376 411.403
383.679 171.727
485.501 186.812
429.717 376.099
125.871 146.834
73.660 378.380
274.757 173.519
168.963 135.599
387.353 192.599
420.278 93.877
274.922 119.664
204.717 296.773
397.936 138.517
18.195 121.100
275.717 15.137
14.276 218.799
468.403 478.922
222.454 163.582
315.985 56.126
112.275 288.386
293.108 113.734
190.522 65.790
130.796 394.307
412.942 341.058
429.197 483.920
132.697 425.318
215.390 359.065
83.430 123.561
233.528 62.989
344.006 425.508
324.060 276.500
310.473 284.464
389.898 9.887
452.833 328.088
298.135 498.880
318.933 207.174
311.903 139.284
374.037 360.836
147.588 410.945
78.136 363.204
207.764 309.193
244.753 302.238
51.925 196.830
311.360 274.082
490.754 234.076
137.486 482.079
203.474 173.640
53.252 222.851
382.572 302.034
346.648 365.592
318.464 48.434
203.786 408.219
79.119 48.600
242.344 53.508
477.305 81.980
132.668 364.463
242.548 113.148
414.055 376.399
497.922 164.038
23.199 122.106
437.167 495.610
249.731 305.704
492.717 322.090
418.031 239.661
81.787 412.839
291.915 16.763
72.686 222.109
112.211 420.096
202.398 297.442
226.037 404.223
258.124 268.880
97.984 95.873
67.757 217.169
285.688 112.506
265.447 5.357
491.212 327.244
165.180 252.346
129.565 204.914
167.162 48.958
233.411 474.573
250.502 92.741
191.668 258.367
117.828 219.839
42.171 319.054
79.766 494.606
40.756 65.264
184.875 217.547
34.249 296.775
43.270 362.945
126.717 125.818
139.890 453.930
26.761 374.668
462.663 444.705
110.891 394.905
183.255 194.001
183.179 258.565
291.475 447.952
210.055 16.377
283.456 335.258
6.295 73.332
304.128 253.971
276.331 72.359
365.236 123.659
141.649 173.072
27.814 449.183
391.263 348.690
313.824 408.729
250.699 168.058
211.125 314.524
309.524 385.160
241.010 204.696
308.497 262.738
452.508 402.123
351.982 428.422
440.750 209.665
394.356 80.301
285.524 277.051
239.463 7.753
479.010 302.209
417.400 184.391
293.693 361.430
250.285 473.028
290.426 206.380
491.677 271.786
28.893 282.453
421.079 299.578
233.556 442.182
151.088 26.262
176.078 134.603
200.480 414.414
69.264 430.042
200.433 122.678
348.229 460.953
455.277 415.967
134.533 95.583
431.556 130.279
63.460 140.433
158.149 287.722
492.785 327.085
420.371 40.857
196.044 89.884
410.734 414.118
339.659 290.166
465.948 151.117
262.499 283.709
194.975 53.632
171.860 204.370
295.639 342.998
65.740 457.111
110.072 320.707
307.736 357.736
405.178 431.418
37.646 149.984
17.302 370.719
275.758 8.498
27.913 291.528
365.790 264.743
462.576 39.627
251.867 34.067
311.946 460.132
295.261 176.260
206.263 229.714
6.379 323.963
139.762 297.577
79.583 399.488
455.493 276.367
101.678 370.716
32.549 42.092
174.161 393.904
460.931 271.354
234.470 451.374
350.096 231.911
275.078 248.564
127.876 457.215
47.887 237.249
41.267 353.956
269.679 421.238
151.007 126.492
257.068 155.208
285.025 330.540
427.276 444.995
75.499 221.382
383.814 249.947
227.846 127.750
471.547 421.767
392.195 148.518
66.732 88.154
264.047 23.896
301.640 108.887
46.510 259.920
480.789 488.869
123.713 141.324
402.794 445.030
437.357 169.555
428.963 383.373
357.718 422.906
265.786 115.636
266.043 442.612
5.839 321.079
350.889 35.851
184.656 279.603
19.225 290.041
81.324 459.030
221.773 330.949
76.157 131.495
71.904 10.585
450.693 56.631
208.178 427.607
