461.306 102.441
309.285 261.870
483.239 346.462
437.437 396.723
199.765 489.507
389.088 33.769
94.079 386.754
192.873 387.656
280.128 303.089
295.640 384.881
157.658 203.126
444.022 440.561
456.890 144.884
196.693 188.821
254.250 89.828
480.582 251.735
26.823 496.508
41.835 230.550
127.069 69.726
423.572 118.352
53.627 231.667
191.073 258.631
469.548 287.978
242.969 387.886
95.867 91.651
497.139 397.638
88.863 76.873
487.595 268.225
230.123 453.560
144.157 280.271
417.481 1.423
26.923 285.617
361.847 54.411
492.911 360.741
107.247 394.982
48.428 45.082
157.656 484.170
214.897 353.581
163.985 233.462
244.177 490.282
369.085 94.421
230.171 428.300
99.296 152.025
24.022 181.611
35.391 101.001
231.202 271.083
209.364 83.070
31.989 13.515
169.599 284.595
429.408 400.797
253.236 375.142
367.598 8.628
418.841 220.050
203.541 64.831
226.056 14.262
357.224 329.219
66.207 398.987
87.523 56.323
298.540 414.176
215.981 168.176
56.985 299.233
346.163 90.775
430.998 188.971
349.637 35.981
329.315 123.628
241.214 55.547
277.052 266.811
180.779 123.031
446.280 425.024
436.443 195.754
156.453 360.027
474.960 275.968
466.699 267.606
351.977 61.748
468.499 196.152
495.716 198.683
414.284 303.013
218.061 370.211
111.522 390.642
198.110 71.307
406.353 129.078
407.795 329.808
377.913 320.103
467.383 273.499
296.448 166.626
283.632 373.324
416.050 43.383
356.959 436.328
93.437 353.966
225.811 367.172
421.749 381.473
486.498 104.535
300.207 269.049
186.340 196.491
289.149 403.531
383.428 153.974
428.408 17.223
340.287 93.293
206.575 406.429
322.836 119.204
335.655 344.805
82.302 188.991
109.354 121.711
70.778 216.331
31.440 215.028
153.016 399.223
171.486 401.431
6.368 199.674
84.942 55.397
28.443 94.595
1.559 256.004
193.164 354.862
367.563 40.244
265.272 281.148
365.004 199.718
33.998 71.099
356.278 170.203
370.617 213.102
22.408 132.561
27.919 88.915
398.272 163.386
358.397 431.487
53.482 380.312
359.265 126.610
148.855 470.605
129.100 192.823
145.611 477.128
109.819 436.050
212.235 237.321
162.238 394.499
171.325 442.427
122.206 271.059
353.264 358.587
13.158 331.763
112.823 471.535
403.789 231.367
473.277 420.128
302.998 164.814
172.530 429.943
250.184 216.229
81.688 179.261
303.224 38.845
238.888 312.817
460.776 1.131
380.304 338.291
50.686 86.300
429.053 330.884
241.515 271.981
293.853 186.956
37.309 227.364
335.579 44.807
277.970 473.176
84.161 328.668
235.336 295.743
411.666 423.572
154.124 343.753
161.027 417.772
493.002 242.276
385.060 162.641
166.959 315.726
302.273 458.347
269.192 177.088
429.885 326.171
416.010 94.840
192.998 162.103
437.827 471.264
232.079 110.167
59.311 108.449
200.835 26.287
69.117 317.445
219.868 461.066
264.674 436.757
11.794 156.600
60.389 322.921
481.965 192.958
353.825 194.604
490.800 290.291
60.748 80.346
442.547 467.073
458.781 14.029
321.528 407.417
147.810 114.138
171.914 464.881
489.165 123.992
488.316 256.313
120.853 482.814
153.658 275.962
214.470 259.401
22.186 81.430
326.871 186.872
34.911 377.100
295.122 290.142
8.422 489.643
365.874 190.392
256.359 391.896
451.565 339.765
428.886 387.935
191.650 162.153
126.523 372.533
211.406 113.160
300.529 159.701
453.615 358.015
204.962 306.937
30.546 278.075
289.543 339.234
357.917 160.908
120.875 142.316
193.881 135.669
39.407 267.939
435.000 254.419
289.393 327.194
487.075 5.096
159.832 90.702
168.195 244.220
149.953 262.531
338.899 54.452
308.938 41.047
118.430 86.501
402.191 200.042
475.642 409.838
472.244 443.245
391.745 314.665
192.272 441.215
398.100 327.311
70.672 4.413
55.080 286.820
416.209 152.549
116.249 408.595
84.665 31.392
143.435 8.580
164.282 221.549
38.841 66.752
253.663 105.395
106.885 12.701
330.404 118.979
407.047 62.240
9.666 376.165
202.655 58.639
100.852 203.240
276.858 495.911
22.728 335.744
254.095 137.085
321.273 300.939
149.859 187.310
5.357 122.310
84.130 234.618
53.913 155.825
339.618 189.391
495.270 136.474
376.134 371.611
461.489 329.605
387.255 234.500
6.089 498.348
99.965 499.359
331.079 466.957
60.971 174.430
259.408 7.387
492.218 21.568
27.696 74.874
19.583 190.680
39.655 230.276
153.047 41.812
131.064 225.562
426.252 320.988
289.012 87.760
438.353 429.183
229.078 216.191
263.932 256.496
226.369 242.342
283.590 441.779
441.343 470.438
110.109 121.643
212.627 109.509
254.332 394.146
492.786 226.947
175.542 468.128
445.337 139.226
136.948 413.306
395.020 148.889
286.577 412.256
142.236 263.051
459.381 291.449
123.107 488.044
66.243 297.213
430.556 204.518
291.811 328.738
302.823 312.881
181.067 106.064
134.083 230.058
156.396 93.412
419.350 492.088
383.256 311.097
404.756 441.245
141.276 355.903
410.269 91.707
495.430 225.445
142.199 434.310
13.591 332.194
356.992 149.447
154.410 486.207
50.652 190.032
345.267 176.472
383.015 220.369
176.350 376.232
19.722 183.328
442.788 141.969
456.475 133.446
212.569 0.161
315.712 305.095
43.572 421.065
406.299 10.830
98.580 428.307
463.813 414.642
78.981 32.208
341.588 177.641
140.170 249.906
80.488 178.783
334.849 58.173
446.340 207.998
32.508 447.629
139.302 335.889
94.477 21.194
86.487 403.507
155.693 67.856
389.807 479.550
316.322 225.219
341.982 275.011
365.860 226.159
157.887 2.296
35.953 161.463
413.501 301.901
375.761 165.154
458.291 143.671
141.193 407.185
377.779 486.643
274.324 374.504
285.457 12.852
274.647 262.353
118.099 491.616
281.037 225.547
368.000 480.371
422.302 101.744
353.135 56.703
336.473 28.411
346.503 105.208
212.619 194.219
239.576 477.840
134.847 34.816
68.235 379.819
87.386 267.289
157.139 430.702
197.041 372.879
42.458 276.383
152.017 439.734
406.555 44.149
12.801 91.905
296.493 205.402
127.033 439.559
86.372 485.805
148.328 262.458
222.588 21.906
106.410 439.910
395.106 343.650
209.266 299.774
230.823 415.714
191.369 461.658
188.330 479.593
109.106 477.659
252.156 494.950
101.976 142.645
373.413 444.425
69.714 359.675
497.966 481.097
94.233 236.879
271.984 31.604
43.124 14.779
370.395 191.752
70.160 355.986
275.477 48.550
237.858 330.361
307.902 443.814
138.716 318.992
485.715 324.790
481.223 235.263
276.028 377.898
9.935 317.223
408.265 361.752
174.302 273.220
178.260 74.638
262.888 441.745
11.520 160.067
229.158 28.429
199.559 192.196
260.015 375.317
36.661 83.248
74.833 180.192
165.662 159.524
342.557 45.154
175.756 39.041
357.798 135.931
370.213 270.004
446.795 133.923
118.072 303.918
247.640 96.772
39.179 22.271
387.394 142.226
408.836 231.861
321.286 346.507
355.305 459.027
91.549 370.869
73.945 106.300
131.253 423.591
412.410 363.413
437.001 139.082
333.435 61.501
43.966 448.734
321.750 48.632
180.915 132.882
175.699 137.707
225.557 443.657
142.775 270.527
409.923 159.317
57.499 134.806
12.639 76.378
149.119 404.116
13.684 261.706
204.817 311.876
491.101 262.702
485.323 435.295
277.078 488.249
390.071 327.078
197.871 473.364
94.519 391.955
487.241 241.616
112.043 206.481
47.963 193.612
209.283 267.862
339.571 161.753
371.278 257.896
473.125 312.617
455.785 472.069
186.816 161.785
281.564 254.419
368.416 345.280
116.215 422.289
21.913 346.890
455.429 422.330
328.029 332.956
124.044 271.017
358.555 365.913
272.317 253.622
46.449 317.731
281.470 401.239
382.916 184.290
434.378 347.428
381.742 420.833
460.829 155.511
163.103 323.042
425.239 435.900
271.977 491.108
109.294 275.729
233.624 6.902
221.367 75.171
348.148 86.258
456.099 207.704
157.058 292.056
109.804 245.276
360.728 322.767
493.686 297.160
455.737 200.376
325.036 467.797
439.909 464.940
311.717 291.390
330.321 187.690
93.210 44.282
408.492 288.769
447.263 31.228
33.503 496.704
372.090 371.800
302.284 89.735
166.263 92.091
367.243 63.000
134.280 24.346
38.658 77.643
198.051 10.993
187.173 324.184
371.948 140.715
413.812 407.549
494.938 58.208
387.252 159.474
216.916 103.286
314.909 186.863
118.538 140.620
410.887 407.207
66.341 416.608
245.835 232.328
486.224 15.746
447.561 236.544
32.925 0.418
325.860 167.772
413.616 379.566
48.912 396.087
136.072 149.374
261.900 86.234
249.431 52.531
206.627 221.497
427.714 376.017
5.026 440.959
104.500 306.321
380.839 145.532
70.415 153.011
257.625 400.612
365.777 381.059
277.346 272.151
313.083 84.077
479.785 365.302
358.394 11.878
463.016 444.246
319.893 302.512
476.427 273.424
129.076 222.062
268.081 427.986
34.615 318.654
112.704 52.144
406.029 221.406
138.366 499.837
359.050 29.829
380.078 123.807
217.307 49.759
102.751 177.701
174.728 360.040
312.996 312.768
276.976 301.391
12.336 162.545
227.529 196.614
387.035 417.222
444.638 264.327
368.871 126.924
42.765 16.892
220.886 366.118
430.388 292.494
277.423 456.123
352.336 161.254
452.730 300.295
278.112 24.051
271.983 100.375
219.393 434.292
26.246 370.150
375.015 478.077
484.877 431.889
43.140 486.870
211.644 34.229
156.821 107.060
161.287 324.010
485.583 300.865
200.386 346.439
75.694 453.981
167.270 305.014
7.760 290.894
482.311 311.104
467.932 378.417
435.806 374.174
7.427 223.327
454.099 478.145
487.525 282.571
341.104 50.514
194.315 345.109
312.473 400.615
174.222 82.618
459.443 22.938
405.520 401.612
484.792 166.491
160.087 208.676
35.739 463.166
210.491 106.270
332.670 64.092
199.055 303.605
41.340 76.150
19.825 343.618
0.898 316.371
154.751 397.243
138.617 210.097
489.101 400.950
215.572 452.328
377.869 5.147
292.357 243.903
155.423 147.574
92.365 47.939
86.031 81.461
490.095 112.413
246.084 56.038
220.793 133.828
266.456 316.205
370.144 301.485
286.531 298.861
170.400 379.448
70.158 361.059
86.236 402.617
228.471 248.052
78.519 421.574
299.839 410.032
130.049 43.754
111.106 187.594
390.702 143.120
69.417 245.678
327.562 104.109
446.490 203.954
432.633 231.323
169.300 165.966
298.896 190.837
137.463 412.815
353.792 328.165
210.839 97.243
24.356 492.409
383.650 7.669
279.053 479.074
337.014 335.154
82.785 123.773
137.495 361.266
192.124 436.509
207.527 65.916
307.913 306.909
312.744 212.617
456.983 33.181
201.564 138.596
