387.190 291.382
76.363 313.076
392.447 282.723
479.554 270.489
438.170 208.904
81.297 277.027
354.178 72.181
9.254 418.765
424.949 19.053
222.084 471.654
16.456 257.711
77.943 277.443
104.663 154.249
440.323 280.281
465.645 451.876
425.565 470.936
241.927 88.788
241.065 116.981
118.611 336.284
474.655 201.805
111.101 126.307
72.018 88.213
445.872 449.502
410.277 452.660
19.097 355.941
59.726 227.415
302.897 199.206
153.683 227.871
198.378 71.632
127.640 230.941
219.734 450.621
270.635 93.102
80.938 224.502
93.228 387.986
344.324 19.059
22.289 124.072
477.645 245.111
348.849 172.464
266.741 485.371
204.937 291.160
481.780 286.483
72.585 64.521
357.653 277.424
344.040 242.064
181.568 5.105
308.737 292.479
398.420 201.429
90.690 226.734
135.134 484.477
197.244 15.706
156.391 326.942
268.797 5.469
1.721 248.256
70.215 326.470
173.525 74.263
129.304 368.009
304.265 103.644
32.910 233.389
182.260 233.961
427.418 325.609
42.819 353.912
200.084 13.345
412.061 313.463
52.537 356.445
325.817 117.337
190.974 389.427
379.986 383.164
83.469 240.720
300.489 482.074
341.792 99.819
77.277 70.868
296.911 467.716
339.579 447.296
136.120 258.241
113.468 400.841
83.349 174.853
162.139 428.066
298.100 167.448
309.569 206.774
34.414 320.049
178.026 451.123
160.906 266.103
272.220 255.254
383.356 76.243
156.507 260.191
474.097 471.909
260.612 93.784
233.249 342.265
27.728 347.188
286.017 240.760
150.075 205.336
336.138 265.717
404.332 144.509
465.974 92.454
400.495 51.197
116.913 361.615
50.359 313.057
486.932 479.221
271.453 53.934
177.139 175.346
287.627 94.266
248.689 221.397
99.385 89.966
118.704 351.434
264.742 338.343
269.162 196.743
173.729 274.599
176.013 266.585
128.283 419.983
326.401 426.306
92.889 413.353
162.406 188.369
261.360 489.582
152.615 85.647
4.256 180.590
191.872 157.763
321.298 475.707
70.974 247.627
444.247 384.053
115.574 241.808
284.445 275.362
482.875 148.625
206.272 35.665
421.313 35.398
311.594 289.086
438.717 125.975
96.048 499.966
454.899 85.205
270.851 240.469
32.107 483.327
493.141 12.725
470.880 3.151
291.319 192.935
57.381 360.374
194.460 439.000
234.437 287.980
452.545 46.512
463.141 217.628
432.102 466.234
149.072 484.267
459.055 234.916
422.950 66.495
112.615 84.511
132.337 161.339
138.488 331.319
337.207 381.223
215.565 457.050
115.885 206.743
298.819 350.062
257.478 76.197
425.108 191.110
198.520 212.291
371.813 241.891
253.433 132.747
95.153 369.765
67.539 445.468
393.952 0.225
155.414 209.278
75.306 216.378
150.774 262.634
147.130 111.053
407.521 305.588
19.435 311.610
180.918 232.770
474.098 280.415
358.421 365.433
268.395 466.798
494.339 104.651
372.354 486.229
337.719 99.870
315.702 34.880
365.925 98.337
30.876 76.027
391.132 226.191
172.150 364.114
298.401 171.966
363.192 268.742
45.719 151.798
281.589 250.284
105.090 255.830
372.171 22.540
336.817 198.213
311.808 461.051
261.481 51.681
260.944 205.738
376.075 33.509
453.962 460.036
225.531 48.625
285.578 163.424
332.662 412.654
128.248 226.533
457.376 79.305
438.793 183.602
404.690 184.134
203.750 352.085
485.423 185.967
85.231 25.751
420.769 185.514
125.475 437.980
488.549 422.178
253.873 498.982
438.989 93.086
44.230 297.503
304.895 65.429
415.463 123.916
158.176 317.488
453.843 64.069
54.918 268.033
232.216 244.017
164.689 32.179
434.406 211.622
351.546 437.528
152.257 24.187
345.896 422.759
427.123 275.019
281.296 342.440
11.121 8.153
421.620 176.810
248.740 492.302
38.092 223.866
367.911 398.189
445.785 30.930
248.698 379.220
155.103 129.036
271.149 12.413
430.332 167.645
214.493 422.163
436.324 398.388
186.693 112.200
221.521 493.985
49.935 362.292
326.481 139.660
140.116 300.516
165.668 361.511
3.372 291.380
493.277 203.528
133.990 215.180
366.716 55.392
163.884 484.741
464.370 114.168
295.547 18.614
272.343 467.494
185.027 360.270
217.336 250.637
69.293 158.294
244.625 485.679
440.630 433.302
27.422 398.062
367.884 148.286
217.164 94.656
298.265 456.282
223.806 183.636
165.747 342.473
308.104 454.791
20.274 417.825
452.773 164.162
295.004 431.443
250.615 30.818
403.403 312.929
264.777 332.773
46.457 404.910
41.089 153.685
377.961 147.359
432.084 135.057
472.315 187.386
283.122 101.340
352.002 159.515
81.319 426.602
227.058 250.847
368.949 494.962
180.107 497.597
60.873 289.492
258.984 110.673
139.655 287.543
432.032 374.659
484.530 496.725
315.850 457.723
93.906 386.335
344.078 245.407
252.444 344.138
317.438 436.330
244.935 12.634
62.563 384.647
103.230 475.293
181.436 211.074
435.619 99.152
76.569 33.770
16.438 208.250
94.074 226.692
484.969 23.957
130.071 225.860
179.031 491.477
352.735 66.327
356.386 261.653
119.584 424.115
363.287 215.222
471.040 447.374
241.554 373.350
83.319 470.787
445.217 143.102
265.411 389.416
362.069 203.398
471.013 329.850
219.397 252.261
37.886 377.376
367.878 179.313
23.481 97.864
476.074 394.635
260.321 404.417
171.404 80.433
460.847 86.757
275.456 221.565
460.508 360.214
301.585 325.738
137.598 376.313
14.310 322.136
127.294 208.841
255.944 146.436
42.571 111.335
437.842 254.015
254.091 475.960
13.516 187.085
115.823 104.603
348.810 114.606
453.608 281.411
483.128 413.411
303.915 79.543
50.868 58.112
322.353 62.307
359.112 82.087
391.643 353.338
10.344 176.542
285.915 375.648
365.043 390.819
8.847 180.156
431.636 81.058
281.308 278.827
481.482 351.465
422.410 343.388
214.320 449.279
344.258 297.375
63.139 53.966
114.087 487.454
331.359 295.478
46.348 209.143
301.530 195.483
362.760 316.432
360.227 94.282
76.255 118.582
134.841 432.730
256.057 145.131
454.241 489.034
304.972 58.515
444.427 198.420
346.816 237.341
81.339 293.169
403.931 359.691
369.827 272.871
149.237 268.033
143.136 178.643
321.887 171.501
389.574 320.883
353.726 372.864
266.794 466.235
166.768 84.523
100.855 2.162
6.519 223.579
492.218 33.696
305.263 290.788
493.535 83.754
383.987 244.731
23.365 13.323
42.214 0.915
286.540 110.465
440.133 431.384
159.628 255.865
151.900 333.603
208.540 342.002
482.411 362.175
79.137 200.347
359.493 443.799
490.239 20.995
31.848 79.675
167.439 129.679
428.368 62.468
354.690 322.137
79.572 381.722
339.761 273.754
137.841 324.327
118.574 133.036
185.059 180.209
412.025 139.686
63.714 118.536
175.571 394.915
250.483 218.214
195.387 100.977
372.671 172.485
497.441 212.909
79.405 359.180
37.517 498.023
190.357 109.194
401.145 79.012
425.074 3.760
339.318 106.459
200.608 442.048
309.866 308.664
326.558 91.525
241.640 393.305
224.209 66.883
223.956 97.469
51.861 57.676
205.388 201.732
477.120 428.527
289.575 400.944
95.657 56.504
47.074 146.249
172.284 8.893
370.528 322.741
433.874 430.688
140.520 233.725
104.779 104.807
459.603 56.535
446.700 169.488
405.710 272.167
295.524 455.410
468.850 143.852
122.884 132.701
135.149 388.547
389.894 336.044
281.805 217.228
275.578 294.842
376.534 324.095
61.470 268.110
260.987 42.119
63.833 465.349
120.047 307.424
467.772 371.899
394.683 441.495
419.636 282.695
292.142 454.009
473.522 76.020
493.244 268.593
295.372 116.865
34.501 480.885
183.561 409.935
373.171 56.951
108.131 333.183
390.703 388.507
249.891 294.516
300.377 325.333
158.059 430.245
118.780 36.103
126.964 187.994
177.850 109.909
440.583 110.589
150.156 362.926
29.523 400.548
259.315 437.364
454.424 19.063
324.672 121.518
248.699 234.254
162.667 468.802
85.614 403.881
283.338 393.353
354.045 299.254
258.489 278.919
149.592 489.710
171.922 479.671
141.192 4.330
3.032 99.125
238.149 191.676
29.428 103.526
204.495 148.936
283.089 193.776
304.239 129.275
362.169 195.036
297.565 295.444
16.855 424.008
478.941 24.670
290.364 143.231
302.809 461.057
415.709 269.063
494.888 229.417
209.913 400.160
220.948 269.095
257.591 221.367
281.990 276.173
24.892 239.322
296.858 234.710
342.722 45.509
424.956 16.122
16.911 112.340
350.880 363.275
463.117 123.399
289.149 280.597
91.875 92.174
51.914 2.094
293.261 124.587
7.313 87.925
139.500 354.475
32.884 140.177
435.457 428.420
345.540 102.992
44.803 69.553
121.028 237.209
346.410 385.205
3.312 80.338
143.832 96.175
162.939 252.591
268.577 433.334
1.119 370.798
68.093 375.140
498.611 425.497
320.796 195.698
37.549 377.747
188.342 369.121
143.969 212.203
450.553 290.763
182.642 261.155
355.486 217.450
180.900 226.568
323.008 118.062
85.031 241.280
100.408 344.216
335.178 54.685
107.794 402.286
372.405 184.076
294.236 250.319
334.130 335.149
424.364 117.736
462.408 385.119
271.909 189.819
17.894 90.658
244.848 85.475
409.667 243.059
125.894 199.599
328.691 498.028
10.711 351.638
190.470 199.079
480.829 183.618
495.377 55.929
429.813 133.510
338.272 0.404
105.706 370.521
81.545 224.134
486.739 116.108
50.578 355.561
115.059 388.521
250.543 495.709
480.486 71.819
180.761 189.885
301.443 390.442
296.719 216.352
208.563 343.579
111.811 337.312
93.301 65.497
73.174 174.222
218.536 51.224
71.864 187.882
46.191 427.443
46.657 83.498
490.056 111.400
473.654 275.472
222.073 167.425
135.306 117.884
144.437 77.578
488.555 492.303
106.371 431.464
244.218 50.087
142.669 428.162
406.542 33.213
142.313 164.285
159.747 25.768
249.052 175.456
317.183 441.357
252.402 149.839
91.837 44.105
8.073 259.193
251.643 409.770
151.968 160.120
366.727 266.645
350.362 27.368
419.121 321.821
128.601 154.404
320.502 475.005
423.008 196.796
320.618 437.617
308.350 196.640
306.148 181.017
255.433 28.686
363.943 58.740
416.808 394.527
174.604 443.272
344.587 378.273
273.763 381.894
346.425 490.665
307.007 398.959
165.614 386.441
301.904 168.228
35.620 215.675
120.577 374.670
399.944 378.468
77.047 158.503
42.579 252.528
10.943 223.448
346.729 382.382
175.867 465.176
493.547 377.971
288.688 267.040
100.716 140.385
254.064 379.727
343.401 299.051
8.040 395.497
416.756 362.692
292.147 150.576
457.134 243.048
344.005 442.302
388.980 31.318
312.337 378.144
357.274 228.345
235.054 372.497
39.770 254.354
303.367 2.191
331.830 269.378
415.945 422.265
