301.970 332.888
369.240 478.085
333.121 301.115
298.396 23.474
184.099 119.869
48.680 370.356
373.451 497.561
151.072 427.369
353.410 464.736
255.334 465.597
390.976 450.471
412.841 279.684
404.124 235.100
83.285 342.919
88.789 80.458
218.984 250.386
184.439 66.198
239.380 381.785
481.419 144.783
79.565 356.352
337.760 144.411
142.342 237.398
100.747 200.955
263.241 381.884
323.855 36.519
40.476 118.349
467.465 477.391
199.022 310.231
333.202 107.683
44.232 494.241
206.922 475.708
47.501 171.720
319.370 492.826
325.882 26.921
296.533 335.042
236.288 193.990
393.984 425.533
118.689 370.116
246.096 194.046
17.100 329.236
419.507 63.651
79.423 263.194
434.256 379.283
416.475 444.435
162.218 482.034
328.850 68.339
4.910 160.744
486.430 240.705
265.175 264.624
445.321 288.755
256.795 40.165
17.478 322.528
25.623 486.332
474.957 433.105
463.618 128.448
496.678 163.668
68.028 180.494
117.384 383.394
43.617 359.479
260.363 8.148
387.091 113.811
161.390 0.319
69.320 69.471
465.805 349.996
85.998 49.073
6.016 326.761
291.627 209.669
111.761 78.356
81.310 179.883
408.789 1.826
429.279 455.640
155.468 498.038
460.176 433.080
489.707 65.162
499.117 404.879
108.268 216.233
300.540 457.467
478.012 374.960
239.291 235.414
339.268 10.032
61.086 6.788
491.248 69.844
185.077 483.357
65.926 314.500
23.837 17.848
134.631 165.959
327.377 290.303
172.696 265.028
191.649 170.175
194.631 210.686
354.946 62.440
135.354 278.296
411.396 485.808
455.762 145.913
249.453 41.180
272.901 107.353
489.100 447.321
132.300 233.875
115.819 283.859
4.991 495.558
212.297 6.257
476.049 175.819
428.486 68.762
328.054 381.971
239.892 214.918
3.839 417.557
295.798 151.266
32.154 471.100
5.359 319.299
456.896 303.798
144.291 453.873
132.837 347.735
446.237 417.785
235.234 131.822
249.497 353.623
471.469 39.765
441.982 325.019
288.079 419.541
353.456 413.711
406.155 12.722
100.087 323.458
339.048 49.820
327.643 366.816
415.171 139.146
239.527 175.616
452.182 232.954
243.795 323.239
341.445 439.031
354.515 385.059
166.070 286.736
172.315 173.156
178.342 255.412
198.343 347.215
245.785 195.779
292.996 90.145
361.001 214.340
447.624 3.494
325.207 388.065
358.469 495.514
105.127 136.600
365.193 167.841
167.194 408.186
194.264 129.487
463.861 191.080
373.857 368.101
368.737 2.000
417.779 321.398
116.172 65.454
364.392 436.902
238.162 101.804
372.404 370.009
194.407 314.859
241.237 126.747
453.369 54.136
280.236 115.455
156.956 362.421
267.640 187.035
339.536 390.652
161.372 392.599
409.542 453.745
67.036 51.754
415.741 72.776
80.979 341.353
228.340 69.909
471.239 261.886
214.020 384.657
257.887 87.048
98.124 9.423
223.104 208.730
88.373 279.413
45.224 490.091
236.789 373.165
429.346 378.358
93.630 465.691
281.309 249.173
313.953 440.196
150.134 433.324
209.742 437.264
471.850 55.365
465.137 102.741
351.982 7.061
151.532 124.035
400.715 1.291
49.737 151.506
483.116 92.443
91.057 444.939
109.664 357.992
37.599 323.561
188.702 429.815
441.372 292.088
37.381 204.172
31.909 191.012
423.319 149.669
397.696 194.048
492.033 388.757
198.924 360.342
379.918 192.930
337.535 154.226
310.522 256.003
315.235 373.073
282.093 42.005
286.591 490.868
344.814 374.770
296.069 232.216
475.038 372.894
415.901 309.610
93.396 121.566
148.335 185.231
407.489 476.152
361.609 132.915
171.178 318.605
405.396 133.985
351.885 87.540
101.746 77.220
336.226 400.675
364.747 278.186
423.685 369.859
181.771 48.077
476.898 0.812
222.851 413.942
399.667 267.069
115.055 230.168
243.724 197.735
158.862 337.270
244.055 324.520
262.635 499.437
42.249 145.510
4.490 390.470
238.047 451.086
181.472 274.674
62.724 89.403
166.740 258.008
54.477 415.350
358.375 378.050
286.756 217.548
454.185 492.340
463.901 136.282
170.919 391.071
464.016 470.314
155.854 364.248
434.732 281.331
290.050 84.101
251.504 267.095
207.733 150.592
380.956 132.851
286.409 492.373
235.828 204.948
335.929 113.380
297.372 297.082
198.598 54.303
456.892 189.861
347.383 216.817
467.106 321.742
146.817 412.614
497.784 317.432
147.030 103.904
285.139 403.282
476.070 81.143
239.105 390.470
306.904 134.071
405.812 335.021
378.366 374.410
43.714 110.012
492.639 58.027
441.164 376.125
151.723 403.303
495.467 97.385
372.713 309.181
223.250 220.967
377.841 147.225
258.923 460.707
407.465 50.301
488.453 222.240
455.239 179.816
349.516 9.205
260.354 173.171
448.331 493.179
133.140 368.154
407.505 264.822
358.216 327.343
469.492 359.482
377.947 493.128
123.879 296.706
129.138 68.778
270.614 61.360
291.638 75.859
192.493 462.702
380.894 282.899
315.890 39.534
269.443 79.354
364.970 24.785
392.918 41.911
88.130 473.887
400.016 177.582
410.345 86.111
462.747 203.839
389.684 310.048
137.415 402.765
312.492 243.301
113.313 196.512
181.902 214.503
229.739 118.246
98.527 490.518
22.180 286.321
498.110 213.881
80.257 83.848
203.786 52.221
176.687 265.004
160.605 157.213
119.358 164.594
236.643 173.916
481.332 334.272
490.094 115.714
262.954 424.604
354.906 128.082
199.688 478.064
293.864 402.372
31.655 147.736
454.759 139.639
346.280 416.425
373.894 326.366
493.145 397.198
472.532 220.256
334.461 340.504
342.261 32.754
130.558 347.813
121.293 367.150
134.924 121.160
384.011 235.450
402.865 393.614
299.204 41.139
50.260 43.234
49.378 245.915
99.783 371.080
219.278 384.034
382.175 22.384
470.649 379.668
192.580 5.784
353.291 148.296
435.409 267.964
483.694 183.162
28.113 28.496
150.776 131.778
287.235 433.830
175.741 284.958
258.197 163.176
391.515 178.858
242.462 145.014
50.874 469.005
120.539 466.442
195.636 479.244
330.937 392.392
154.387 334.375
6.465 85.561
252.681 279.216
161.313 217.837
154.191 302.404
222.496 74.616
421.956 43.640
278.045 348.882
239.596 380.505
250.935 236.849
391.142 326.421
21.444 427.617
174.492 457.666
401.174 466.592
108.920 290.589
114.969 485.811
446.860 97.764
387.430 8.124
365.402 116.499
58.624 167.068
431.871 370.488
422.413 345.181
437.452 80.996
83.272 387.350
16.958 473.389
314.151 57.405
459.848 231.284
72.626 142.291
201.134 278.015
376.615 83.112
282.717 381.004
444.461 374.651
272.718 342.015
112.065 34.554
212.420 436.103
167.049 37.180
86.614 2.282
179.430 155.298
12.259 120.544
176.900 360.640
127.554 409.362
256.933 345.347
431.850 242.776
104.384 338.725
266.730 179.021
353.727 76.933
403.844 311.637
439.718 155.081
266.927 418.281
419.088 215.428
451.598 69.965
359.143 50.746
498.528 381.619
397.130 111.841
209.405 492.727
98.758 233.897
282.055 373.575
198.221 493.326
266.173 282.354
175.312 492.869
209.119 425.691
399.330 10.946
270.353 221.909
329.757 254.431
205.265 220.923
435.841 350.993
491.042 195.438
410.869 496.976
68.303 23.681
99.959 355.457
123.708 477.135
97.574 91.198
182.900 291.012
150.815 48.201
444.793 148.144
411.102 440.730
341.940 82.329
296.984 83.558
328.273 433.298
177.961 416.708
162.838 210.405
400.052 400.544
221.865 143.502
263.510 8.687
10.924 412.262
373.359 184.478
241.782 125.875
137.218 458.246
391.885 489.073
19.091 216.859
83.896 403.163
304.115 484.557
262.972 406.196
299.573 28.339
280.067 313.605
459.721 391.800
21.066 204.771
296.813 94.724
207.981 337.709
269.804 306.783
265.601 166.469
44.156 303.704
83.800 462.419
353.517 361.006
120.226 138.243
358.177 272.025
225.706 185.916
377.387 105.209
348.417 280.304
494.007 436.545
196.497 19.254
58.404 184.419
140.647 316.742
368.292 199.290
9.364 168.662
3.290 421.529
220.082 41.330
343.374 466.292
212.033 488.085
349.126 195.415
473.514 496.582
268.424 34.354
486.651 345.504
270.559 40.800
214.614 190.564
173.933 62.954
433.126 288.362
7.525 412.272
223.310 398.434
252.017 101.398
428.861 126.612
125.404 274.119
166.746 427.541
430.799 82.865
408.353 242.596
347.177 104.580
260.049 245.178
111.197 449.774
493.942 58.292
139.663 124.403
8.386 176.755
85.529 252.296
170.544 34.139
221.123 488.985
256.935 368.309
172.463 41.944
234.871 75.279
162.605 21.537
314.999 45.697
220.110 38.026
41.423 424.191
291.105 124.039
383.878 17.027
7.575 335.050
161.083 100.424
15.076 429.358
455.739 30.548
201.833 194.052
192.751 21.333
110.779 230.306
61.574 154.913
117.543 451.554
469.873 217.309
48.556 455.505
260.784 424.763
242.292 151.613
374.240 391.646
121.693 294.122
161.209 146.595
497.448 38.555
142.737 55.550
193.260 365.678
393.935 272.767
147.459 207.042
235.038 118.557
118.593 19.235
350.920 346.187
46.075 458.173
58.105 176.991
245.009 367.856
94.071 493.625
200.148 132.870
464.691 32.893
52.918 439.290
188.117 408.226
461.288 383.744
155.572 498.846
31.576 247.773
281.465 135.824
292.997 419.548
374.961 216.498
477.176 141.555
55.466 270.488
453.114 152.726
458.065 327.076
461.176 315.564
143.425 88.095
163.921 497.738
386.965 96.252
19.975 323.611
420.471 399.717
373.263 412.568
146.353 137.461
442.277 494.660
219.072 88.065
161.647 263.245
440.417 25.621
249.843 54.352
59.730 459.850
488.047 5.465
389.158 418.689
16.738 4.842
478.421 116.258
243.317 157.655
394.201 332.919
289.626 309.387
255.303 119.518
281.261 33.017
147.281 7.907
203.581 498.329
176.900 165.021
225.040 139.637
334.981 150.435
440.711 106.134
470.892 385.453
445.302 9.396
240.309 467.712
193.032 217.823
364.301 0.423
456.893 282.314
425.824 166.447
282.007 141.038
400.736 437.650
309.647 257.889
47.097 172.036
370.248 374.554
41.648 28.003
176.721 486.458
205.968 70.307
41.306 185.084
224.924 152.946
69.970 187.527
428.860 137.231
37.511 359.731
405.537 439.154
456.900 211.750
328.427 82.834
58.502 346.730
221.300 89.550
427.379 405.409
470.809 477.381
376.896 28.731
446.336 397.907
432.715 315.518
465.574 158.906
376.795 316.980
244.206 193.020
262.724 96.473
26.674 145.926
115.531 160.136
38.788 389.498
445.502 112.417
80.569 335.813
310.858 467.573
368.156 41.633
70.151 302.058
390.691 247.888
88.221 382.828
310.939 216.880
357.362 321.662
261.508 107.671
126.296 161.928
100.211 123.542
