433.184 153.660
484.706 247.518
63.620 304.092
153.589 22.076
163.325 134.989
234.170 440.748
456.634 238.302
218.436 125.312
312.855 89.857
388.622 456.305
149.796 380.537
497.327 327.009
57.432 298.479
52.988 253.038
107.230 126.633
399.849 367.852
481.083 143.800
265.335 301.760
172.892 299.258
355.396 226.277
102.405 207.054
324.585 453.394
479.000 450.006
143.603 94.409
384.466 382.726
55.896 426.483
269.089 100.565
75.080 284.609
133.541 455.057
219.196 11.813
399.925 79.898
29.104 215.235
249.153 294.550
277.622 335.801
350.562 275.321
332.371 357.851
282.510 209.783
48.944 1.281
488.562 151.470
22.361 475.372
234.910 235.927
491.770 475.441
252.323 163.494
31.006 459.312
242.643 208.018
58.050 458.860
397.406 111.226
438.795 25.336
442.812 16.494
277.431 397.244
57.367 201.524
251.089 303.631
435.864 275.019
255.781 256.434
2.549 178.558
246.632 95.847
56.652 20.378
151.801 254.370
382.057 186.773
187.966 423.863
360.399 301.616
305.873 88.969
492.260 167.755
484.497 286.103
326.265 393.154
319.709 354.519
343.099 456.947
499.222 341.906
32.002 76.666
114.058 255.319
40.987 314.607
219.823 222.758
406.588 468.577
390.293 9.068
250.811 56.921
78.088 321.434
482.028 16.776
236.412 492.471
122.230 162.751
364.059 87.618
291.661 239.614
325.871 342.443
421.161 175.255
443.421 367.112
484.592 97.289
255.184 47.257
499.297 243.039
2.662 193.045
116.530 143.985
408.263 63.093
301.509 324.491
61.096 295.666
12.435 274.943
269.186 213.639
379.234 456.080
1.593 345.766
492.079 433.718
61.548 373.377
393.352 158.635
464.456 8.324
368.066 348.335
88.214 177.736
146.020 48.608
336.586 317.198
162.131 47.533
360.109 411.600
473.180 375.233
312.494 28.528
196.222 423.015
107.421 352.184
220.645 457.417
268.007 78.371
85.159 130.365
210.647 486.714
492.974 331.154
343.347 311.589
456.866 62.342
379.015 189.430
452.946 353.499
469.698 155.702
159.886 66.272
401.839 202.728
455.028 252.401
443.722 299.532
107.550 113.122
405.889 493.323
14.243 121.925
116.465 366.756
89.854 145.046
464.108 103.758
327.399 137.220
203.426 117.347
169.859 47.045
219.191 385.639
249.170 97.091
105.362 489.490
137.210 380.505
483.388 407.013
180.210 443.139
330.738 13.813
92.674 308.331
439.849 149.434
68.795 199.735
247.496 96.339
194.000 242.439
276.563 328.461
19.181 68.237
289.778 305.917
65.110 45.392
191.345 203.075
308.686 390.262
269.819 48.401
268.347 146.322
497.689 324.993
365.831 274.427
297.516 275.057
149.208 172.756
198.302 307.824
270.517 445.786
252.688 112.150
422.852 323.962
494.076 32.647
152.734 58.745
293.209 140.079
353.661 423.403
390.304 248.986
470.097 324.772
372.052 342.813
290.599 165.726
190.733 263.520
311.259 387.032
14.645 127.143
10.925 400.522
229.869 240.250
245.831 265.693
157.337 147.889
424.287 71.449
161.705 203.675
37.679 101.148
373.831 11.166
161.530 410.956
374.259 306.009
490.686 261.690
63.432 366.316
112.507 94.008
332.108 89.918
64.367 374.852
252.093 382.399
107.630 163.289
76.019 97.486
225.774 18.189
45.303 155.099
488.978 174.460
280.824 368.077
227.753 322.452
52.448 159.102
304.221 104.812
401.312 161.254
204.487 64.993
98.509 418.685
260.899 175.343
382.278 311.670
291.280 443.072
82.529 362.033
417.973 29.656
374.850 416.524
494.527 491.130
154.808 335.753
447.883 171.844
346.262 365.042
176.232 4.592
3.886 406.396
474.176 388.504
250.597 284.272
82.559 401.228
18.683 215.852
480.127 72.066
14.696 177.885
205.921 368.001
66.524 385.816
9.617 33.011
222.026 451.958
403.981 252.632
353.917 164.067
488.684 258.539
254.291 448.635
90.635 483.438
233.389 83.880
326.791 143.120
65.370 36.275
82.972 414.431
370.195 59.709
159.379 57.689
247.160 116.552
225.178 75.978
297.534 373.973
310.606 264.237
342.783 191.296
226.952 184.201
273.161 431.125
448.196 443.152
157.852 345.117
260.554 184.693
171.698 36.865
53.487 144.929
399.669 273.796
248.378 76.037
479.230 36.391
75.375 486.561
464.164 24.467
82.072 141.519
87.485 243.698
220.492 302.280
388.357 411.132
225.925 146.532
430.670 377.731
275.012 212.649
152.067 345.037
79.239 100.987
231.713 5.128
443.050 16.886
41.838 325.840
258.551 5.842
351.110 289.866
45.338 62.096
199.227 145.104
372.073 187.738
403.093 137.560
335.088 264.911
229.019 407.743
171.501 140.564
471.420 333.210
158.124 6.103
440.748 207.496
154.088 119.625
40.633 405.851
298.758 190.766
117.740 449.946
454.642 187.297
66.595 90.647
211.869 412.338
166.997 232.976
85.562 64.686
106.520 328.060
22.238 1.517
306.820 247.477
322.754 307.793
370.027 22.789
97.841 256.776
129.699 158.272
381.579 80.972
428.777 341.184
459.861 7.292
261.346 421.164
192.012 103.243
173.049 312.386
421.615 199.822
37.450 481.648
217.660 392.542
31.011 386.763
391.751 494.141
242.333 179.133
199.926 122.977
237.388 36.797
355.916 275.957
495.103 292.387
59.638 181.129
157.937 31.628
259.932 49.055
391.195 142.917
175.633 434.844
62.989 250.341
460.551 249.746
296.000 485.290
275.208 107.928
486.299 489.208
365.455 115.696
397.966 182.832
10.518 198.925
421.309 459.943
233.326 409.433
465.702 426.708
76.662 475.605
230.591 211.494
300.076 83.154
228.285 388.544
199.958 390.565
484.705 430.218
231.619 362.487
30.423 470.077
438.969 67.886
189.864 282.466
29.899 350.712
457.831 445.341
37.857 264.549
213.675 484.709
116.668 73.072
370.817 187.584
483.947 53.599
140.274 462.455
105.583 167.232
377.941 451.406
317.581 357.832
269.682 159.076
425.123 407.522
177.965 365.096
84.056 291.993
184.685 475.465
31.906 450.921
444.945 140.355
197.418 111.453
431.980 172.670
10.558 409.636
183.420 173.605
202.523 93.047
382.353 325.402
129.710 14.002
289.865 252.648
372.013 217.768
235.795 123.940
276.365 235.175
186.152 472.404
146.367 160.718
186.215 486.173
410.055 257.986
0.401 13.400
445.102 459.095
81.168 60.566
423.026 17.595
217.116 385.412
159.247 257.782
461.479 69.670
50.914 8.724
111.291 27.707
309.876 190.780
497.179 144.325
468.199 240.195
149.110 118.333
217.711 180.291
204.983 313.174
305.500 164.324
151.971 228.237
146.107 392.549
184.091 45.520
409.828 292.204
42.075 136.218
249.928 219.459
382.064 25.354
423.777 236.913
327.275 56.009
282.100 282.156
494.203 11.467
392.407 173.648
394.225 201.792
371.654 408.179
348.200 64.491
159.917 362.586
219.532 401.637
197.341 123.581
201.524 87.168
27.243 472.745
205.067 143.863
444.373 8.477
262.854 365.136
353.056 361.224
473.662 480.373
237.385 468.667
312.846 148.853
86.926 401.223
251.282 133.232
162.078 34.005
250.268 169.220
120.046 488.747
35.203 152.447
113.397 30.593
153.460 287.432
106.355 484.183
225.639 263.120
275.605 43.777
486.152 41.722
347.284 100.212
68.515 386.209
412.318 431.485
304.490 411.238
386.221 308.225
389.954 377.351
191.657 454.278
348.175 416.930
322.791 199.966
294.465 359.533
49.422 141.818
111.806 150.850
295.678 444.938
95.137 215.150
393.991 150.018
326.512 279.268
266.109 141.986
474.302 145.637
121.164 462.762
447.865 50.494
7.087 255.770
14.356 431.057
108.838 338.742
365.618 409.088
266.919 65.762
196.539 219.815
14.220 288.798
114.519 339.066
232.991 424.588
304.838 254.457
354.945 56.020
483.789 42.736
197.507 167.975
483.770 307.578
314.897 339.599
382.634 71.246
402.550 129.889
435.355 22.601
103.366 451.503
115.671 309.278
166.150 152.104
237.203 31.185
388.249 452.499
379.814 141.049
164.672 173.228
155.652 182.020
243.640 290.734
211.833 414.488
337.667 51.257
114.942 159.031
353.400 95.047
383.488 81.542
223.679 425.555
27.824 368.864
125.650 376.742
387.495 329.738
422.482 254.882
378.336 223.303
143.814 34.908
237.149 182.085
130.807 17.270
196.329 496.541
449.460 98.078
357.949 340.368
65.447 495.712
18.147 444.615
214.333 417.202
316.733 175.756
365.164 459.454
75.469 24.816
325.381 468.370
331.793 385.705
343.748 275.085
128.205 9.608
473.956 96.002
194.165 282.774
23.650 476.163
5.312 323.306
41.010 431.294
354.366 106.048
393.617 37.424
461.018 431.453
164.213 284.074
208.120 183.578
294.726 161.650
136.634 209.617
223.832 462.851
473.106 185.400
206.097 310.460
261.262 374.289
251.092 41.589
134.163 259.293
121.729 397.784
423.589 389.152
99.448 331.198
98.929 194.398
438.938 35.988
366.614 178.579
264.048 350.546
479.424 261.108
268.742 183.611
168.044 331.584
79.854 449.097
37.538 318.076
346.003 428.050
190.437 437.141
42.776 399.524
305.359 50.283
339.971 410.868
79.355 297.498
118.521 425.912
264.276 39.662
106.929 316.742
111.185 208.552
368.427 107.885
188.641 384.615
168.829 281.308
431.316 495.302
450.665 217.565
191.422 326.891
218.319 8.981
443.070 156.141
448.690 281.853
31.432 338.027
375.403 385.645
140.756 325.651
192.859 343.194
375.242 197.896
42.945 4.203
246.528 15.755
14.206 114.708
398.655 298.308
495.447 50.734
417.209 375.438
58.754 321.341
7.918 305.939
209.493 218.559
440.677 233.063
322.743 442.678
224.273 425.260
248.836 131.868
351.805 193.158
399.836 316.820
90.842 272.209
305.162 215.627
60.690 223.373
442.117 420.485
331.039 427.544
494.522 326.530
308.970 455.592
350.046 205.226
379.590 379.353
223.290 392.394
498.952 33.251
152.854 433.300
398.657 401.400
363.439 207.745
258.158 211.083
99.820 441.108
269.945 19.878
283.555 197.383
304.631 129.052
341.887 394.049
36.745 280.877
429.572 102.664
488.784 430.237
140.007 231.061
340.519 420.851
180.484 269.944
386.878 362.234
63.365 294.497
256.882 117.512
448.421 294.231
389.079 446.406
118.430 210.544
367.191 244.118
379.249 367.748
199.459 24.154
130.304 368.985
227.202 290.683
373.577 14.013
265.378 153.408
227.071 440.170
490.368 300.036
406.390 455.770
13.694 129.301
17.890 403.462
297.381 313.147
452.478 429.992
365.248 429.370
32.700 464.560
135.532 93.631
266.278 23.493
79.620 346.921
288.290 422.929
423.634 297.814
446.681 140.241
219.374 241.839
322.758 313.383
448.474 278.725
27.740 290.857
357.051 80.864
221.788 78.768
388.285 287.594
136.597 477.901
