16.614 229.074
3.716 363.704
292.034 331.958
322.102 241.615
302.825 73.302
331.295 4.383
268.041 259.253
135.655 32.880
221.142 260.737
13.904 374.616
246.395 373.162
140.270 267.711
10.405 341.588
270.621 412.538
263.839 163.322
151.244 196.477
293.185 416.974
34.155 8.410
476.840 494.244
385.177 274.265
157.049 306.526
47.109 35.291
306.899 418.235
400.674 53.189
245.327 200.030
445.322 159.076
448.694 443.876
75.338 16.752
150.749 406.724
243.408 352.293
248.488 437.884
294.652 348.202
143.331 374.011
110.307 42.395
359.096 368.407
275.126 173.249
477.847 10.974
318.727 150.586
362.421 259.615
429.781 278.762
321.785 420.817
228.448 362.143
463.076 139.177
339.417 151.280
270.758 341.185
466.106 404.747
295.042 78.782
454.048 11.951
273.864 449.731
188.158 147.298
370.589 293.631
382.800 354.635
465.128 7.509
15.821 284.568
12.981 168.818
177.901 399.735
498.148 153.356
483.818 326.430
120.027 385.121
261.336 441.958
96.101 487.242
116.870 330.838
420.760 278.123
422.558 455.508
257.956 58.521
355.138 252.939
385.006 434.030
133.746 104.769
158.988 340.331
323.299 247.296
72.222 247.061
148.950 185.749
337.815 21.595
155.268 100.780
217.099 244.942
133.450 271.018
391.015 49.450
291.288 430.461
185.387 139.958
397.591 137.862
414.366 406.717
343.891 481.529
346.468 299.073
78.250 446.236
166.575 454.487
246.961 212.725
116.386 419.028
13.875 20.216
474.800 269.958
235.192 354.478
350.311 56.990
370.237 275.207
116.913 76.780
179.291 471.392
211.503 134.299
470.612 399.979
328.960 118.415
488.560 383.588
56.732 408.419
220.899 343.587
309.575 387.069
100.534 239.568
471.049 47.049
346.640 223.256
32.089 250.069
452.494 375.224
209.756 351.663
281.247 354.655
256.102 284.243
265.697 128.956
19.169 354.267
300.033 136.283
274.975 396.054
312.631 163.087
278.505 7.332
21.219 291.177
359.456 417.568
105.629 374.501
455.488 411.415
251.176 486.932
489.822 434.779
484.523 385.866
242.104 243.579
385.995 35.753
458.483 394.939
289.497 120.476
427.960 320.443
207.480 288.139
463.945 299.372
374.125 224.066
78.911 81.941
9.359 104.127
39.681 315.783
433.696 240.599
259.660 78.000
391.125 98.776
207.516 409.474
117.864 357.971
368.236 1.156
288.940 232.569
205.185 266.171
130.130 241.069
103.298 332.345
35.502 406.091
336.369 354.963
197.105 425.422
130.610 490.621
382.296 315.419
397.973 405.848
229.149 333.186
306.407 238.570
413.871 452.239
203.314 180.317
327.106 42.959
346.652 254.563
38.885 272.053
15.547 253.150
236.751 408.128
176.307 463.736
121.669 246.031
410.125 289.089
209.211 349.399
302.481 289.344
224.565 441.681
216.249 6.059
1.043 219.361
481.719 103.876
244.501 288.147
0.354 100.425
463.207 248.798
302.671 88.443
356.787 112.988
336.806 262.090
222.302 373.647
82.070 347.897
390.383 145.302
212.307 436.278
192.260 473.146
392.848 281.871
240.288 219.214
236.613 53.664
442.816 95.730
110.029 403.985
171.906 245.758
136.237 76.630
8.501 209.950
38.400 38.186
109.470 33.632
440.423 418.050
265.213 284.580
334.548 68.114
113.345 67.851
411.056 17.567
249.051 179.381
105.870 175.081
6.000 257.144
63.533 351.356
141.817 440.504
435.548 453.274
15.649 396.469
70.397 24.219
43.004 312.325
331.551 272.190
481.006 258.775
467.594 173.369
267.104 337.893
36.731 43.453
494.779 198.989
41.633 48.415
223.259 380.038
124.101 94.137
330.139 9.350
48.360 44.948
404.917 52.643
331.856 72.919
38.891 247.304
52.195 309.326
76.496 494.925
220.843 345.862
292.840 438.773
430.396 196.249
30.429 189.100
48.511 416.750
94.926 77.409
340.843 188.155
359.772 189.915
115.833 166.631
285.867 286.177
252.096 240.477
54.195 391.604
429.686 338.391
197.196 22.919
83.612 287.418
288.210 428.874
249.144 345.014
79.052 426.198
321.918 113.963
191.774 445.082
455.970 18.159
204.475 165.616
498.915 110.258
225.670 376.516
108.206 37.236
352.844 87.854
287.200 210.769
472.789 214.058
233.056 190.284
498.960 255.628
317.046 238.454
418.766 175.726
347.048 370.654
136.138 435.145
452.662 54.401
82.274 425.612
439.525 334.254
362.304 398.373
237.587 202.110
345.816 201.934
265.957 461.497
80.547 200.366
492.794 376.829
86.018 322.907
333.125 362.516
373.097 153.060
436.897 368.796
453.716 103.817
310.709 232.223
302.754 9.990
287.136 179.439
289.564 168.319
326.335 207.811
1.489 436.057
318.761 387.190
281.432 294.283
103.834 398.285
173.227 94.256
385.525 169.416
254.275 58.916
385.310 130.887
182.141 318.249
347.444 3.914
292.055 276.967
97.110 423.994
360.561 299.775
187.696 440.951
473.093 215.820
30.443 38.363
175.988 28.699
24.505 128.602
413.063 54.910
39.996 399.897
212.829 30.338
379.410 270.145
220.528 51.852
21.125 475.111
481.242 11.302
417.582 295.074
311.890 155.248
74.312 276.778
161.725 293.635
169.973 257.688
402.652 133.661
96.173 474.038
81.098 358.641
306.322 128.479
363.306 153.890
316.371 28.807
354.580 308.039
349.826 318.705
104.689 427.480
51.880 454.155
455.456 448.906
393.023 312.249
497.948 222.037
325.181 280.304
149.501 467.887
205.520 16.978
70.376 1.168
345.185 255.598
43.398 111.121
424.275 350.070
76.078 234.523
20.985 92.866
383.582 115.402
181.106 102.736
471.169 312.903
443.014 313.402
419.414 236.258
424.825 217.186
311.777 184.687
122.456 69.589
124.279 439.279
288.566 25.244
53.166 376.989
42.171 97.959
167.267 394.044
359.303 77.383
245.804 39.716
337.701 98.478
105.112 316.358
376.123 344.847
292.574 480.965
53.978 454.367
160.903 51.914
380.879 415.271
144.095 89.948
243.370 206.280
453.262 26.382
357.880 282.884
447.037 155.777
40.498 38.654
244.259 499.372
15.836 18.512
92.011 499.287
208.884 274.223
30.278 288.911
489.932 171.522
349.595 98.616
177.059 453.323
195.355 88.746
313.244 172.235
143.980 148.161
276.236 1.016
270.011 321.660
490.986 306.389
347.593 87.869
399.152 242.826
190.570 35.811
97.501 27.107
55.679 1.935
376.308 274.229
254.324 73.597
387.028 313.358
321.859 30.747
315.448 470.292
139.988 309.047
205.699 33.672
339.751 226.163
121.928 467.078
93.150 201.631
68.228 311.202
117.046 26.793
206.502 263.229
84.467 387.634
67.639 385.745
46.083 226.150
483.939 369.950
194.940 146.775
372.327 178.609
328.387 232.583
171.506 69.376
241.267 433.725
417.430 282.050
448.866 19.876
370.530 160.952
346.237 281.600
260.728 41.953
135.416 415.669
294.704 211.504
380.259 65.719
452.217 85.526
231.640 267.867
38.875 343.772
391.445 135.546
346.307 104.400
60.551 126.716
353.101 132.356
243.760 289.907
214.876 413.256
186.740 289.025
361.335 25.896
448.437 477.501
491.479 419.406
148.208 3.988
492.623 234.563
412.424 180.947
239.350 479.443
330.658 488.812
164.427 341.912
421.073 361.396
269.075 75.161
94.473 101.590
345.934 378.575
351.144 270.880
249.958 326.704
429.753 434.487
380.476 31.137
134.923 242.014
129.285 42.906
267.148 239.510
311.153 467.289
244.458 180.701
394.298 490.196
1.099 420.931
456.022 491.334
199.315 490.351
398.803 487.260
301.320 7.865
458.005 208.811
64.054 186.238
312.596 70.432
15.525 75.881
429.027 204.591
24.239 443.899
444.367 495.602
282.319 81.852
442.859 299.125
398.739 380.539
336.320 313.341
0.402 61.232
228.400 227.149
38.482 126.998
394.805 337.208
339.529 480.275
183.497 11.576
207.723 354.534
285.877 341.956
286.280 145.164
454.769 228.910
197.247 99.675
467.589 218.035
380.846 493.757
313.980 30.583
475.216 83.783
113.439 240.921
230.693 160.211
421.965 396.324
328.830 331.780
201.617 413.485
295.924 96.249
218.657 197.304
68.486 48.823
141.674 170.164
341.911 233.002
220.556 20.803
279.594 430.595
233.996 148.157
274.625 390.242
376.718 451.896
66.327 29.383
56.028 114.734
470.807 151.520
445.537 300.160
458.770 125.318
245.125 255.517
335.551 170.981
227.665 22.895
228.866 476.611
121.037 75.875
33.403 36.831
154.122 487.425
471.556 224.018
463.949 217.384
456.195 140.493
342.314 482.900
284.600 436.820
19.046 476.339
341.012 463.322
154.072 115.362
331.179 29.841
242.119 201.467
300.075 237.604
152.616 354.371
127.386 54.251
98.229 327.944
126.152 95.523
319.875 227.915
50.681 345.195
181.844 345.424
111.102 272.241
258.669 97.906
244.330 331.693
274.487 76.417
389.726 69.558
283.691 394.019
497.543 47.856
429.699 95.324
138.018 402.315
184.637 181.107
35.840 448.394
243.926 410.050
226.110 175.134
418.074 87.282
76.271 139.383
2.245 414.767
412.559 49.088
481.217 184.108
480.932 114.621
375.767 367.568
445.983 230.853
176.679 121.704
283.331 61.964
225.294 487.430
255.872 104.579
223.777 107.394
35.522 134.780
472.939 159.635
306.991 48.773
454.747 370.118
218.525 215.252
23.407 324.588
18.754 220.673
335.303 304.502
135.035 219.893
128.001 77.568
115.877 445.618
0.381 369.403
343.477 433.994
414.802 171.027
351.244 321.325
487.170 15.031
229.143 485.989
354.132 9.380
365.392 242.633
220.639 307.228
314.571 86.098
103.684 375.241
171.554 432.529
250.290 391.531
378.372 87.473
136.926 91.418
288.425 456.505
73.584 464.887
411.924 485.463
398.400 449.425
255.786 457.978
42.834 376.314
389.261 238.054
75.211 349.343
324.195 6.943
442.387 436.621
205.878 131.264
215.064 201.086
292.820 275.880
268.243 187.318
444.223 209.265
2.786 68.786
279.923 424.893
417.673 331.842
236.474 240.459
421.176 123.342
380.226 40.125
30.045 61.519
212.922 30.312
21.538 461.385
288.711 488.352
373.881 410.323
68.204 312.714
332.068 10.101
39.864 164.316
287.545 442.574
13.503 373.587
5.154 22.173
457.172 459.000
397.623 128.187
116.151 1.127
350.580 158.314
405.442 207.888
470.314 413.820
493.325 19.020
43.436 308.418
209.105 426.036
235.673 26.437
232.192 456.589
325.842 450.194
24.430 133.936
238.953 48.434
36.872 302.602
260.195 297.912
94.521 111.922
490.252 336.443
439.760 156.696
292.137 488.544
65.356 193.998
327.834 435.185
15.531 203.538
362.592 259.608
300.181 371.804
85.565 361.397
252.718 419.957
329.633 475.510
170.622 473.868
139.246 325.476
334.287 77.174
298.127 498.478
