70.384 331.851
460.309 498.252
59.504 49.950
52.551 317.501
100.517 218.912
393.155 144.752
390.416 334.460
161.214 64.311
352.141 210.553
17.717 319.621
36.809 399.832
119.006 65.959
177.192 351.269
101.344 170.646
431.695 487.415
370.794 305.584
218.389 460.423
314.369 385.093
322.159 286.719
372.225 465.579
357.411 72.755
368.660 496.323
479.531 384.897
117.576 64.874
120.872 258.258
66.987 14.981
449.951 41.956
223.878 181.713
300.972 326.341
276.963 306.933
129.671 432.133
272.283 233.516
462.084 172.927
277.161 312.544
401.737 74.760
66.993 347.457
266.847 22.875
62.204 59.182
405.812 486.649
70.592 463.775
499.965 256.090
397.818 237.503
169.858 384.935
10.800 196.854
19.052 51.474
303.780 316.784
187.887 64.557
328.466 239.747
28.395 339.911
330.029 239.754
209.387 192.361
352.942 316.730
430.453 205.297
126.737 117.813
370.404 256.213
448.168 433.774
297.824 345.211
55.505 7.398
213.257 184.241
254.000 131.167
90.174 17.431
386.906 444.894
169.254 27.530
314.527 445.192
31.953 397.408
470.224 338.140
167.973 496.092
319.304 36.838
305.099 117.734
329.762 466.127
25.013 262.006
265.695 406.823
224.389 322.528
181.069 115.822
460.738 308.270
76.257 401.369
18.493 95.516
447.350 23.826
394.843 154.777
195.689 323.900
150.536 393.354
91.914 21.240
469.388 96.941
134.183 256.659
250.953 25.738
442.098 202.635
146.610 277.388
2.964 494.549
420.059 67.799
103.371 335.036
62.747 211.543
205.807 32.423
223.382 165.792
149.054 304.922
413.725 389.951
204.872 342.163
75.856 49.223
108.607 67.395
331.447 177.599
242.191 370.247
185.199 50.555
308.098 111.589
399.273 386.938
245.194 10.741
116.286 73.325
291.400 348.181
390.049 432.542
291.702 35.266
415.487 354.675
425.067 286.400
52.074 283.578
156.437 415.815
461.214 272.759
270.006 13.198
104.760 296.816
4.560 96.022
186.300 89.772
8.096 206.833
402.697 248.721
242.814 269.428
216.391 358.946
128.979 294.634
364.710 231.084
214.204 117.535
340.336 303.331
287.312 357.590
144.846 466.675
274.523 412.800
457.268 340.053
125.738 234.087
463.616 107.477
169.360 85.455
464.948 143.728
203.115 443.503
10.462 451.915
228.894 298.086
303.479 493.452
427.253 293.542
354.407 140.830
385.124 111.261
408.233 481.504
443.559 209.191
12.601 89.896
55.769 479.862
84.765 35.953
370.125 255.021
305.380 235.689
455.292 256.753
350.277 281.405
487.311 97.155
315.398 464.303
293.151 469.221
135.812 229.613
88.723 88.967
406.803 140.071
368.951 399.449
454.474 119.190
198.777 480.580
103.260 230.717
292.379 391.879
473.861 440.950
268.014 216.945
404.960 89.400
442.626 38.731
112.209 22.996
169.061 484.434
170.314 185.540
196.223 316.616
239.150 18.248
408.632 40.088
333.381 365.444
473.315 378.215
323.783 72.380
186.681 18.091
275.077 300.169
92.283 271.411
490.380 29.002
438.455 174.823
401.956 426.052
412.640 80.808
32.023 201.028
192.923 212.224
258.064 475.970
19.645 43.016
430.922 355.779
34.332 68.159
234.155 418.648
459.378 471.852
4.943 297.732
171.633 207.112
162.016 463.497
306.121 140.691
183.301 395.759
342.478 469.105
431.601 53.504
428.623 341.766
329.347 407.830
33.165 110.907
295.534 247.354
222.201 161.545
115.999 441.722
91.744 66.929
384.700 337.231
2.013 76.025
399.231 74.363
441.414 26.788
307.164 431.809
85.876 480.227
404.781 333.590
230.384 49.782
436.284 440.481
44.719 478.120
26.338 421.698
162.644 181.761
33.219 290.242
200.808 291.358
198.733 44.237
100.826 10.493
454.849 222.609
379.773 459.185
381.575 353.452
263.122 73.579
346.813 114.840
56.090 478.363
216.995 33.141
279.626 414.502
401.105 255.708
252.057 398.435
253.200 126.275
371.314 369.235
187.023 3.663
493.589 20.396
13.324 326.377
116.505 243.898
448.679 235.453
123.078 211.336
205.953 455.602
66.628 296.865
461.957 328.546
205.682 263.168
35.290 460.808
131.362 483.125
429.883 132.738
412.326 143.904
202.806 46.080
234.424 407.764
203.143 244.943
47.749 310.495
291.801 138.508
419.883 206.325
276.649 145.849
417.119 370.463
254.685 80.467
258.400 353.056
178.222 330.195
456.763 465.642
419.140 354.569
176.198 94.019
68.199 397.791
234.696 352.295
77.307 121.853
387.669 468.713
486.017 338.072
135.117 251.223
46.429 314.652
277.428 183.487
431.344 342.257
74.043 78.487
55.524 374.198
56.227 334.543
422.444 309.726
406.337 452.144
159.790 74.358
241.930 316.952
183.770 50.510
424.517 162.480
318.399 249.557
278.969 260.420
21.183 417.839
397.275 248.161
402.191 87.446
192.079 164.544
353.725 129.020
228.855 343.861
142.007 383.724
339.833 229.992
245.939 419.587
11.132 359.271
343.205 370.634
381.969 494.273
359.820 7.250
282.906 422.187
296.730 320.559
100.949 377.214
482.350 440.230
14.869 216.092
237.171 442.972
384.043 354.891
224.321 374.051
453.040 103.477
105.274 400.346
332.730 333.182
189.800 51.194
251.512 492.432
337.236 250.949
443.615 484.989
117.872 132.960
411.415 133.495
6.681 371.904
385.330 183.406
321.280 199.161
192.273 486.474
334.028 159.984
340.650 484.205
474.975 113.374
68.954 376.695
463.196 196.009
149.224 130.506
141.187 33.194
285.164 268.271
163.600 318.902
150.124 355.834
134.784 214.465
148.630 252.966
176.374 203.609
262.784 13.855
177.126 394.292
375.270 76.999
81.643 279.122
201.491 26.748
382.308 163.037
453.224 425.770
378.683 414.592
259.971 245.443
13.251 375.102
84.473 375.545
312.441 122.269
370.217 377.503
293.243 213.978
108.021 85.192
443.275 103.530
336.418 109.576
144.740 156.106
231.475 438.093
87.436 298.424
394.691 78.221
132.135 420.933
209.689 134.672
408.712 70.602
312.894 363.365
93.908 394.118
380.078 130.536
425.274 216.311
423.620 92.103
437.499 98.304
181.350 372.511
414.157 174.705
50.750 147.224
498.614 289.525
465.052 260.368
12.008 210.853
407.894 247.942
196.481 283.627
289.574 169.844
245.885 252.391
13.818 463.450
462.091 454.313
362.138 243.297
39.403 157.385
306.090 112.335
105.143 381.049
258.492 132.962
43.841 208.762
116.201 160.323
404.332 223.893
0.986 63.944
492.159 185.376
435.804 276.491
182.782 225.005
53.304 58.632
141.946 315.064
78.081 110.595
187.437 224.453
475.052 298.407
451.257 470.593
378.154 55.719
247.947 438.814
469.690 155.461
200.489 441.351
6.406 261.613
211.533 213.052
390.477 265.392
74.424 146.059
109.560 362.666
414.726 324.837
107.194 453.695
34.946 446.946
105.196 148.616
497.415 291.710
46.452 291.737
79.649 351.784
330.249 456.012
41.220 491.503
67.394 345.954
196.745 254.609
2.454 131.581
147.030 280.500
409.350 175.696
433.749 2.287
178.786 50.042
210.316 348.496
194.441 457.540
263.919 205.012
368.679 76.691
288.233 29.017
473.070 52.186
121.396 121.317
164.843 266.025
333.553 178.666
195.256 134.648
101.328 326.044
156.751 450.492
45.030 455.315
480.918 17.665
398.505 426.483
91.605 309.848
223.999 99.943
280.124 128.043
89.253 303.629
407.015 23.014
434.819 68.607
58.941 140.833
301.015 311.068
95.022 403.456
83.185 157.320
141.483 73.777
131.145 362.919
487.695 91.008
381.778 398.085
436.767 340.209
5.995 341.313
475.362 7.613
131.525 166.514
363.684 240.418
180.602 311.928
16.338 241.227
344.984 311.029
401.508 173.152
128.839 25.214
12.721 346.267
330.828 471.949
64.874 132.119
160.658 44.122
346.730 420.361
281.993 401.106
78.330 322.333
149.417 83.072
31.177 201.405
157.397 316.661
451.100 360.323
260.307 309.363
460.392 344.972
168.542 54.158
325.213 179.021
266.001 334.384
31.609 399.366
124.094 470.366
257.306 450.243
268.179 336.120
243.816 204.422
489.054 498.732
44.737 130.634
316.409 273.463
105.969 230.366
338.783 317.334
176.772 313.984
117.071 34.643
162.648 446.219
416.855 226.783
278.294 59.795
385.848 472.035
295.541 246.890
47.436 218.768
409.650 137.223
82.635 452.902
389.350 347.570
380.905 52.256
260.524 28.008
32.243 115.045
99.023 395.945
317.503 98.438
19.330 375.245
287.256 233.472
492.826 282.887
7.967 362.232
117.792 309.389
439.366 264.763
235.592 79.215
461.522 282.450
461.154 63.443
146.396 288.778
138.359 203.204
68.460 270.999
112.284 178.544
423.504 175.664
303.881 11.536
107.855 361.659
140.452 60.058
262.252 198.935
365.230 44.077
141.969 440.481
104.821 252.639
155.848 282.434
23.374 219.344
112.533 242.847
93.802 299.800
211.225 125.328
361.995 37.797
23.929 172.536
397.834 32.047
342.683 498.546
291.212 494.138
237.893 212.872
428.998 441.353
458.428 395.362
472.650 156.669
164.992 131.134
176.580 287.096
242.964 31.403
214.814 296.900
83.968 247.427
241.430 126.056
19.749 40.871
456.954 493.234
128.249 306.053
44.190 36.968
313.268 293.464
221.807 82.620
74.306 408.526
136.105 399.401
164.394 338.925
383.378 490.124
196.842 23.254
80.772 222.843
179.681 237.943
156.753 142.176
470.745 390.595
267.190 415.869
496.732 436.780
269.947 255.418
445.409 189.540
108.977 244.042
128.211 4.502
135.542 477.642
328.369 124.245
469.289 461.074
385.135 301.246
313.403 288.849
284.916 446.984
242.464 482.100
497.709 236.393
245.480 109.915
384.920 114.927
321.596 456.133
253.571 280.056
359.698 40.510
440.888 287.341
45.313 419.321
440.177 301.584
74.753 237.437
485.079 53.998
446.166 147.104
91.061 180.988
322.639 466.419
295.944 276.998
495.215 108.935
467.128 255.651
297.720 464.477
214.787 232.446
136.418 422.263
123.388 371.283
346.029 97.618
72.243 216.208
51.522 272.816
10.487 301.726
337.977 341.579
492.351 395.003
5.109 27.215
393.335 52.740
345.048 103.199
96.319 227.621
29.486 60.155
191.695 133.552
436.442 272.372
365.398 250.600
171.681 80.220
129.220 121.273
234.776 95.909
368.631 424.097
162.851 422.526
286.074 54.087
491.540 13.984
79.217 491.997
28.682 352.977
255.468 384.530
15.746 155.956
265.871 180.689
203.276 199.850
142.977 224.088
399.078 187.609
96.487 261.891
141.311 291.432
59.449 27.236
269.829 307.232
89.205 221.153
225.291 120.812
75.916 169.565
92.931 295.766
412.890 282.176
3.221 477.371
358.719 372.763
247.456 479.781
489.510 102.774
104.389 220.032
393.518 362.873
