111.621 492.047
278.502 459.958
330.839 71.985
132.491 236.145
115.154 101.720
292.654 96.738
304.659 91.755
155.616 396.066
358.315 481.903
428.541 428.335
342.947 311.248
451.433 437.031
247.345 440.559
110.044 7.326
102.368 398.125
295.504 485.414
105.216 88.824
63.105 235.714
150.749 107.372
231.087 383.558
283.973 58.381
343.351 33.946
71.975 326.979
402.705 38.035
212.823 102.978
141.935 6.682
492.198 431.614
105.124 166.214
36.824 361.034
377.155 365.565
128.642 182.861
299.218 71.616
274.557 116.034
97.194 180.339
212.472 46.525
164.732 381.229
71.651 13.180
480.331 463.307
473.763 136.030
235.478 405.558
305.982 195.058
297.194 123.547
268.095 294.765
207.289 274.368
352.617 171.683
366.903 101.175
473.887 5.076
142.993 291.522
360.224 474.186
120.328 198.150
242.806 268.398
335.084 139.730
283.004 231.515
145.211 261.736
11.309 171.078
311.764 451.866
424.659 444.228
221.739 473.350
350.635 452.617
487.169 369.943
321.981 22.226
470.095 220.545
464.197 208.612
342.235 6.206
233.970 100.801
279.071 238.501
300.468 126.340
269.926 122.020
169.807 172.576
94.950 281.373
376.756 194.736
455.544 402.313
350.881 381.244
104.860 62.780
200.043 340.595
121.114 131.838
211.628 200.034
458.696 113.404
247.946 475.513
67.575 202.877
231.608 400.594
11.720 261.435
470.931 341.941
48.198 208.700
357.620 365.021
127.231 212.649
441.508 414.352
14.697 231.499
378.758 114.670
297.406 498.903
131.952 253.142
10.708 426.766
354.048 466.831
412.575 253.257
39.937 196.299
133.218 279.285
188.346 124.069
84.353 81.330
337.702 479.249
1.539 429.383
38.329 105.578
438.512 58.339
336.174 302.817
296.192 484.900
25.832 84.225
336.620 376.752
79.369 161.403
120.089 319.873
295.346 497.941
422.766 346.352
353.449 362.198
96.240 51.210
94.768 185.514
361.810 82.499
234.914 64.223
41.981 468.793
350.775 390.841
192.661 322.639
476.672 455.627
190.864 360.173
485.401 89.820
317.015 84.201
489.003 223.983
357.366 376.445
104.346 82.408
83.248 480.377
437.852 462.513
242.252 231.012
278.615 283.920
250.313 467.412
246.165 192.282
400.521 395.546
19.288 227.739
219.582 225.953
45.419 494.895
61.251 275.309
105.891 45.538
429.174 473.047
292.750 166.556
156.815 147.025
84.681 492.796
118.604 94.433
313.428 86.874
8.823 12.976
453.743 248.643
3.418 175.019
135.376 81.196
143.564 228.769
491.860 291.962
367.188 491.988
310.026 85.681
28.322 492.854
104.050 76.135
423.072 455.551
468.300 265.655
382.153 350.646
433.038 197.666
295.969 255.913
296.741 204.393
322.318 67.875
311.202 291.440
422.554 70.312
78.386 440.541
163.113 189.852
413.644 435.880
137.997 64.838
1.069 228.465
119.315 469.779
93.425 410.278
458.442 466.233
465.806 480.159
291.021 424.556
188.731 405.248
99.058 14.798
112.370 463.727
180.573 196.862
410.603 215.939
301.657 321.588
19.044 170.904
113.443 128.254
116.134 492.537
215.801 497.036
268.767 230.216
50.506 338.432
451.037 308.286
307.050 411.133
291.828 238.544
209.876 85.265
446.893 34.412
141.702 222.327
52.794 153.641
30.947 123.664
224.279 216.178
274.435 151.388
423.516 56.241
111.150 435.862
298.049 431.269
95.218 251.738
215.049 342.780
3.712 362.516
121.352 97.270
126.127 161.809
278.202 333.661
330.717 291.714
411.074 480.966
307.361 276.635
444.507 307.851
189.789 106.053
168.267 292.624
415.222 466.059
337.240 256.111
254.726 299.191
260.182 308.622
20.344 112.888
151.507 490.004
407.631 440.261
482.030 402.864
64.654 406.881
208.366 474.550
290.090 88.243
364.981 290.786
39.477 359.383
123.869 125.884
495.974 337.315
235.144 54.037
166.017 172.999
192.859 391.967
51.461 466.656
303.311 219.646
26.865 46.919
448.963 284.318
286.172 156.518
184.690 339.673
211.453 111.045
210.447 301.787
381.820 90.744
395.881 287.363
248.242 12.110
372.954 321.020
94.300 118.819
419.788 418.937
338.764 3.073
211.298 365.540
235.935 171.527
387.606 212.235
449.410 326.120
306.683 28.928
271.537 126.060
360.887 117.734
313.305 18.011
340.588 385.575
402.521 483.650
188.910 234.227
112.136 304.527
42.940 462.427
494.640 283.846
17.674 307.456
359.831 228.459
289.992 101.969
76.773 229.870
74.370 181.356
380.813 433.051
281.478 355.014
451.168 201.481
468.998 474.677
440.883 282.736
427.509 88.204
183.038 242.039
429.396 183.710
155.809 231.456
163.452 327.404
60.788 162.561
404.496 232.080
102.599 152.728
363.459 370.791
79.295 270.476
131.792 271.127
389.707 16.725
114.899 371.763
458.828 7.065
9.403 343.409
244.910 472.725
280.447 200.149
65.347 220.904
45.585 16.871
255.544 151.992
129.318 341.176
346.693 390.703
37.387 172.573
125.983 368.232
184.700 116.175
274.487 286.256
255.927 344.375
289.336 244.872
233.529 12.491
298.980 292.864
386.696 327.982
205.555 420.423
445.290 473.880
370.885 33.248
181.918 209.762
371.725 220.938
203.026 316.598
154.161 392.366
483.088 232.834
67.016 275.897
121.128 59.181
17.422 126.494
24.903 498.674
277.322 360.495
77.535 53.454
36.776 141.908
280.506 128.310
303.712 290.969
394.927 176.421
113.328 3.298
287.529 195.436
457.918 231.771
450.755 445.392
108.223 28.286
462.725 294.676
97.822 59.968
484.574 402.393
144.891 100.103
351.161 365.671
203.573 308.959
329.423 116.302
363.258 15.832
372.773 149.906
417.025 292.960
201.131 120.983
54.268 136.942
337.393 439.059
336.951 370.506
385.823 366.694
424.820 58.965
291.350 341.812
0.056 202.688
4.418 289.424
132.604 419.340
186.187 283.981
487.724 322.018
252.046 303.239
323.661 133.595
498.190 138.951
186.604 330.106
233.751 369.883
48.686 310.451
435.177 38.278
289.134 336.463
92.871 443.936
245.197 428.741
97.007 43.761
201.756 275.695
108.741 441.497
262.989 154.782
62.108 144.674
202.630 332.971
130.099 266.591
335.880 148.808
313.850 300.898
360.449 161.380
301.021 97.719
370.029 237.771
268.868 31.635
478.501 238.418
408.459 417.566
406.842 171.762
338.380 461.911
435.244 375.875
478.919 364.633
446.324 266.493
296.721 93.497
96.118 280.815
294.618 471.870
341.480 286.757
492.780 104.403
164.181 483.909
378.559 42.219
21.344 294.492
328.513 339.054
203.617 259.172
141.011 436.076
163.410 89.469
78.762 312.153
381.316 78.924
377.491 414.388
411.010 333.891
286.669 73.719
109.605 447.314
22.522 24.557
307.282 25.214
498.241 284.695
8.159 33.444
445.634 316.077
126.081 463.456
64.427 283.555
417.855 120.277
159.237 377.138
473.263 88.927
319.337 317.868
84.964 84.410
405.109 181.736
235.087 164.478
211.439 488.621
261.397 96.363
231.283 344.910
201.737 399.697
472.891 116.625
377.976 329.355
311.171 333.530
263.503 468.124
30.113 330.966
489.425 339.756
454.096 43.604
328.605 329.693
416.442 267.364
0.701 59.873
154.262 70.556
420.277 116.679
491.494 116.165
347.804 313.627
85.440 43.361
164.989 341.927
273.614 3.006
331.652 491.864
435.293 281.100
329.940 178.433
242.161 137.363
61.069 261.387
268.718 323.672
475.681 462.019
254.746 366.627
124.265 354.923
482.190 80.635
317.375 352.008
77.186 411.100
25.984 255.504
331.312 260.598
208.965 161.782
248.813 109.835
291.626 41.984
443.729 22.534
256.436 326.081
329.507 257.566
385.642 269.059
434.198 83.366
45.900 187.504
174.640 252.275
382.823 281.076
222.951 25.699
184.966 293.680
215.922 343.721
282.978 261.259
145.243 38.972
91.936 468.987
30.737 143.468
405.252 466.346
214.841 126.519
294.113 355.784
29.429 278.557
472.472 152.623
59.827 159.229
180.585 440.809
42.001 142.518
452.842 374.475
191.972 397.241
366.672 80.292
91.448 492.880
328.182 226.824
124.164 333.292
247.136 158.221
287.420 19.812
326.624 254.524
303.729 372.869
306.902 305.041
476.913 494.436
420.086 32.052
84.501 421.754
382.235 269.965
188.207 199.825
382.633 162.822
460.112 451.473
434.919 4.268
316.685 94.387
319.600 346.364
281.164 370.822
44.263 171.105
499.168 246.105
461.234 382.202
361.917 8.848
257.671 124.263
266.226 294.400
24.479 365.086
316.665 140.880
290.037 122.230
25.548 317.106
493.518 454.438
467.080 266.809
202.735 490.429
493.513 108.987
68.725 373.714
40.184 353.963
262.632 187.988
79.313 142.190
327.437 292.509
242.778 51.953
435.671 4.284
200.082 372.865
372.584 0.218
361.107 253.629
399.838 497.944
21.515 315.547
332.541 386.343
46.346 29.391
94.507 325.589
310.952 372.009
70.077 488.170
225.557 16.141
59.636 410.636
52.573 97.852
425.940 50.025
113.107 182.208
50.464 81.012
53.731 474.298
280.492 342.186
89.755 0.766
412.124 127.865
154.589 411.628
424.947 342.208
366.503 329.742
86.984 220.776
342.005 337.651
452.469 5.199
287.035 108.103
238.063 467.822
238.154 287.101
357.915 407.495
109.854 109.211
296.526 256.041
448.679 264.635
408.938 20.473
22.293 256.673
405.246 300.017
195.487 121.141
485.153 204.941
117.945 178.222
493.687 264.894
133.693 405.838
442.413 112.722
205.810 326.827
67.908 287.548
88.446 490.771
322.524 470.634
299.153 489.131
10.895 7.145
194.282 250.600
355.562 168.165
203.750 449.490
108.626 423.642
202.669 324.193
446.491 309.164
349.582 64.063
208.914 142.567
180.570 76.462
231.444 65.667
54.906 285.286
453.846 460.005
166.582 128.365
205.932 442.620
304.243 151.686
179.804 223.230
442.866 209.856
156.341 244.106
71.959 426.687
84.491 85.238
384.416 93.007
431.943 187.799
318.771 427.576
436.723 384.714
398.661 409.287
347.166 392.956
351.394 60.564
272.915 61.173
491.625 411.866
147.507 438.982
405.347 61.579
180.507 336.728
79.250 156.567
417.033 273.240
412.737 223.623
198.086 288.607
368.447 497.431
442.885 47.121
338.533 256.819
190.020 152.364
162.877 211.370
454.545 339.485
445.128 7.998
261.754 105.039
320.354 8.535
411.047 194.112
295.602 426.263
357.221 40.461
246.507 134.258
265.138 67.167
97.941 165.817
486.229 474.826
37.437 46.996
192.269 257.615
35.342 17.585
108.851 46.799
283.539 142.965
486.383 224.457
72.763 157.842
396.519 244.963
109.134 195.759
55.423 423.327
66.616 430.680
144.041 212.482
277.818 227.822
214.235 489.799
93.204 389.823
150.798 419.880
27.846 25.229
