216.834 200.459
70.438 449.602
196.673 139.507
460.733 282.264
446.567 303.258
206.429 169.136
167.258 410.753
73.459 135.383
121.068 490.835
179.787 449.603
358.614 458.635
80.669 366.650
12.326 199.899
224.463 360.087
111.919 282.905
25.590 236.745
342.964 187.942
101.187 280.060
329.345 486.234
357.055 280.523
84.539 242.772
413.739 257.943
175.822 102.637
228.283 296.718
82.190 187.992
244.334 267.559
337.817 235.300
329.314 208.077
479.394 319.855
174.345 94.442
468.619 454.338
469.960 471.935
475.954 294.741
284.961 209.413
82.612 369.732
150.726 176.564
14.493 137.295
417.589 263.677
372.285 449.837
126.033 95.362
84.351 480.962
307.534 213.429
343.967 277.952
22.700 133.539
493.927 479.409
108.707 189.555
88.741 460.440
267.419 201.771
353.385 359.120
106.247 184.595
325.859 264.105
157.831 337.384
392.208 187.799
223.084 88.832
176.053 100.558
171.306 93.257
322.237 474.344
129.871 120.643
492.153 385.298
376.984 371.132
125.972 383.928
486.355 332.007
69.346 367.401
250.184 54.238
351.178 433.696
125.885 138.440
281.423 157.499
499.490 322.673
484.362 83.962
114.971 441.215
185.264 462.178
146.454 75.814
276.894 424.205
71.343 292.022
241.284 180.631
17.977 176.547
272.706 372.298
43.410 272.737
463.478 59.741
359.236 109.956
365.902 250.000
454.465 284.906
315.097 414.414
384.506 323.676
35.315 378.610
460.206 154.667
333.209 440.309
81.210 264.049
353.433 210.619
481.242 124.987
324.462 308.522
208.290 123.881
419.727 99.373
499.439 55.648
343.525 160.312
261.842 272.677
256.061 306.340
306.726 372.576
380.779 487.538
113.601 293.765
203.228 78.135
329.711 348.896
256.816 240.741
334.383 497.174
362.467 232.869
280.778 301.170
312.438 287.561
393.010 251.645
44.237 293.558
492.267 403.426
10.312 143.809
454.310 235.315
245.737 22.738
404.300 389.813
325.117 499.385
388.095 105.226
92.071 154.867
50.604 441.296
490.936 370.092
168.218 10.817
213.127 184.573
191.273 123.333
158.733 81.005
417.710 321.461
273.486 219.842
252.805 85.790
112.699 149.086
489.818 138.464
78.245 142.193
479.134 198.613
279.097 403.527
266.443 465.515
344.017 282.260
389.476 409.376
237.005 12.624
73.362 175.380
76.362 95.210
102.902 288.352
50.958 494.035
173.092 194.354
50.239 489.113
437.050 208.421
315.316 81.386
105.772 56.563
300.367 195.693
124.266 268.395
432.174 19.733
112.019 8.931
300.353 410.746
342.522 72.219
253.777 4.973
239.320 431.247
340.395 265.653
458.436 395.663
486.692 306.391
77.159 366.029
297.372 225.811
118.541 359.287
38.468 434.616
357.468 343.504
215.511 458.008
68.277 290.056
27.487 220.113
450.343 40.735
172.964 285.984
27.282 159.204
156.261 140.285
264.997 163.529
385.485 108.462
494.250 100.731
435.735 436.064
317.887 430.668
230.265 483.465
431.163 447.756
302.669 266.878
270.252 232.525
287.549 180.842
211.184 292.623
388.333 127.280
159.495 222.960
366.403 371.064
445.265 424.876
11.035 417.888
179.203 180.707
146.439 426.999
420.946 252.069
417.305 426.580
385.261 298.096
367.373 399.533
27.772 367.685
10.058 76.549
452.166 225.245
158.006 470.489
47.459 369.190
323.732 173.494
300.269 290.147
491.796 123.639
459.225 234.518
364.015 343.313
28.567 403.456
494.669 103.039
230.645 311.672
56.092 333.592
441.887 88.489
321.238 38.606
73.887 115.841
290.504 126.103
2.175 477.590
187.808 327.948
233.921 224.235
435.553 165.093
250.266 444.136
147.338 308.973
75.131 451.311
381.586 291.350
338.609 243.709
128.189 342.004
464.366 254.911
337.017 134.338
277.881 347.107
17.441 10.133
361.212 251.699
453.121 480.599
394.848 169.624
364.334 149.862
485.543 334.233
205.716 430.582
161.113 332.143
114.793 110.573
227.607 12.786
63.294 271.985
14.884 235.769
197.880 238.710
488.050 151.995
320.742 373.979
265.006 291.433
227.332 244.962
279.846 2.014
310.115 464.167
254.042 8.356
330.353 37.339
350.144 31.935
106.970 312.477
384.365 196.900
311.443 346.551
422.055 470.568
226.246 16.925
427.327 455.411
251.526 57.725
27.884 484.288
427.243 232.849
72.944 335.750
331.829 201.856
207.711 70.851
75.641 366.430
178.122 434.078
338.029 245.620
135.794 251.631
14.381 405.593
460.810 20.715
100.253 190.579
296.906 225.024
462.958 378.007
272.344 398.200
109.965 84.405
223.295 255.246
384.260 186.963
441.381 96.270
353.854 235.257
387.010 58.833
488.431 204.446
193.196 149.076
9.459 132.540
348.615 219.154
321.786 295.942
458.301 103.280
5.123 436.756
244.671 444.118
122.495 477.232
118.584 251.718
343.016 34.861
148.343 400.197
197.907 293.585
155.151 398.758
471.844 298.469
269.055 221.885
319.549 181.499
312.875 231.818
263.936 427.963
11.598 336.485
282.549 142.713
368.336 189.640
491.368 444.109
49.098 216.402
388.948 31.209
335.196 20.283
495.240 194.753
122.585 494.137
111.873 428.347
362.839 419.736
443.118 314.815
22.399 478.038
50.523 481.524
165.189 334.307
374.894 324.353
100.915 277.114
24.223 446.469
241.200 164.034
137.482 335.628
99.174 328.497
479.289 207.338
172.670 84.845
405.277 320.127
490.572 439.447
431.318 259.255
273.907 163.957
383.253 78.449
462.543 396.678
466.522 280.027
127.253 454.317
440.687 129.011
419.484 370.430
289.413 440.694
157.457 9.537
16.996 349.979
415.707 219.231
148.464 74.868
350.919 248.999
364.153 177.025
78.472 345.841
496.152 440.254
285.942 494.881
218.788 397.526
127.972 29.269
238.903 319.362
313.701 329.536
90.099 173.226
147.861 122.345
347.403 411.728
25.820 140.824
47.374 89.526
324.912 185.264
101.078 114.693
482.209 225.149
294.726 48.208
472.106 355.285
299.068 483.652
294.220 168.604
251.722 363.465
51.768 348.953
226.456 354.996
395.779 132.206
196.573 382.657
315.636 170.300
199.197 207.399
459.495 195.411
392.556 389.730
231.621 56.388
491.666 382.532
160.791 438.294
440.984 434.826
34.701 438.925
129.924 181.129
36.644 481.302
498.376 294.647
116.041 29.311
499.967 247.773
471.288 480.052
272.934 459.776
217.486 397.001
64.330 157.938
405.173 319.752
117.158 109.046
20.321 192.689
434.253 92.777
150.679 335.140
23.252 98.209
397.183 118.911
191.743 278.925
223.495 125.492
148.411 188.040
112.191 141.189
385.092 114.221
332.613 436.819
237.805 439.167
424.456 56.229
250.200 316.829
49.800 453.361
341.043 41.697
300.356 273.722
465.590 137.119
184.629 249.866
396.127 112.751
472.779 202.863
38.295 491.294
12.446 234.849
178.611 431.291
412.938 222.504
356.125 9.329
71.380 14.781
356.816 56.862
204.431 102.050
147.325 191.276
52.864 359.863
277.690 410.381
395.824 420.300
268.512 437.496
123.491 97.107
48.091 248.897
324.387 264.364
140.831 63.712
395.401 79.469
267.261 251.795
183.363 122.759
405.004 441.511
319.831 136.475
373.357 216.875
245.144 259.944
283.922 241.216
427.925 287.209
178.495 116.011
274.263 291.748
174.382 103.580
189.388 484.711
41.174 466.617
8.987 23.297
71.503 197.538
309.969 311.874
46.962 169.418
122.437 295.521
196.739 160.976
88.301 76.213
212.687 403.601
257.944 287.963
306.923 482.933
325.763 199.663
417.273 96.699
93.334 251.068
159.835 105.822
395.869 443.862
130.640 375.874
174.796 259.934
143.518 96.876
483.022 321.959
25.681 209.752
332.632 394.318
237.212 116.140
447.144 191.592
334.572 157.294
282.450 117.195
471.521 261.942
293.025 146.433
44.538 430.415
182.076 179.018
342.674 110.883
206.843 471.830
270.991 148.733
203.857 480.667
189.535 163.450
22.601 496.396
0.416 396.153
484.479 231.214
34.580 202.904
141.862 222.015
238.876 141.104
248.028 460.552
384.388 358.375
384.776 281.144
478.699 257.185
452.452 141.261
206.095 198.840
436.666 78.185
234.819 444.541
464.449 221.394
243.510 396.837
36.722 260.108
260.711 70.796
331.030 314.225
157.655 334.889
199.846 10.568
480.325 361.346
95.316 218.667
71.046 436.086
57.939 289.837
247.750 375.938
65.034 496.448
14.302 312.109
138.170 201.075
101.841 404.683
42.727 209.763
87.236 58.755
105.737 13.472
472.292 321.171
31.545 459.994
107.200 118.173
213.549 114.260
114.540 207.628
461.981 33.118
364.509 267.063
307.977 352.384
154.251 449.097
315.614 117.073
473.538 470.676
143.289 406.102
124.070 378.146
62.787 237.167
317.689 299.187
294.195 95.731
206.519 375.707
79.721 245.543
138.467 468.587
197.700 43.477
14.956 215.090
432.813 228.866
390.763 471.052
339.660 99.867
494.012 406.576
312.129 274.027
70.976 330.114
370.898 208.282
153.949 316.000
65.806 13.523
444.052 225.940
386.050 159.480
495.422 184.943
448.615 466.970
126.127 303.811
31.106 163.013
342.118 149.702
321.792 472.827
440.824 156.544
341.206 262.461
318.137 267.329
244.035 308.348
109.469 337.786
193.859 422.722
498.214 101.314
460.653 13.280
362.519 496.150
350.323 299.938
318.540 266.550
153.589 45.142
373.317 414.775
400.352 66.428
144.017 105.501
457.222 73.651
301.982 200.499
341.780 371.159
381.506 31.918
91.263 390.219
293.562 316.723
6.817 330.007
279.477 342.817
202.973 54.668
385.644 24.161
355.752 392.097
25.798 143.084
385.450 107.791
18.966 36.823
67.774 162.306
0.124 169.549
186.535 474.852
278.702 148.326
88.784 63.006
308.881 278.297
381.650 359.966
324.809 231.754
97.465 289.661
42.100 230.170
131.822 383.084
108.486 423.979
12.511 359.604
408.909 150.473
440.144 219.288
65.019 451.449
266.922 31.834
454.670 8.408
403.079 86.400
275.759 145.162
163.767 203.654
364.865 36.642
494.657 410.566
370.036 2.659
332.001 229.018
76.910 490.136
307.963 307.601
416.916 332.315
83.196 72.916
87.905 161.962
2.910 32.425
484.061 480.210
472.162 179.125
439.119 480.399
366.971 300.981
130.232 181.132
393.963 400.150
389.266 93.432
409.605 36.086
495.735 222.771
265.323 417.508
249.478 406.200
88.316 216.308
307.330 291.899
312.966 492.504
494.598 464.066
209.256 82.352
75.440 75.195
312.247 23.021
85.187 494.109
116.031 44.513
439.084 409.182
137.210 214.740
208.486 26.088
446.614 350.380
112.838 305.539
337.853 459.443
81.433 89.028
193.159 160.148
234.539 385.979
278.385 187.089
250.084 400.335
187.851 240.240
340.871 95.499
264.094 11.860
5.564 304.803
